/*--------------------------------*- C++ -*----------------------------------*\
  =========                 |
  \\      /  F ield         | OpenFOAM: The Open Source CFD Toolbox
   \\    /   O peration     | Website:  https://openfoam.org
    \\  /    A nd           | Version:  6
     \\/     M anipulation  |
\*---------------------------------------------------------------------------*/
FoamFile
{
    version     2.0;
    format      ascii;
    class       volScalarField;
    location    "0.0008";
    object      alphat;
}
// * * * * * * * * * * * * * * * * * * * * * * * * * * * * * * * * * * * * * //

dimensions      [1 -1 -1 0 0 0 0];

internalField   nonuniform List<scalar> 
3704
(
0.390591
0.389343
0.388295
0.387588
0.394939
0.393474
0.392986
0.392833
0.392796
0.392791
0.392787
0.392791
0.39282
0.39287
0.392923
0.392969
0.393
0.392987
0.392947
0.389348
0.389014
0.388792
0.388652
0.389082
0.393107
0.387928
0.387904
0.3881
0.388361
0.388742
0.389222
0.389751
0.390238
0.390599
0.390854
0.391083
0.392033
0.392699
0.392692
0.392685
0.39268
0.392675
0.39267
0.392664
0.392657
0.392648
0.392645
0.392648
0.39263
0.39267
0.390597
0.389348
0.388293
0.387581
0.392957
0.394694
0.394574
0.394416
0.394366
0.394317
0.394248
0.394222
0.394294
0.394442
0.394597
0.394728
0.394815
0.394799
0.394689
0.390269
0.389676
0.389678
0.389915
0.391078
0.394485
0.388247
0.387896
0.388074
0.388336
0.388722
0.389218
0.389782
0.390342
0.390827
0.3913
0.391842
0.393427
0.393723
0.393705
0.393685
0.39367
0.393655
0.39364
0.393623
0.3936
0.393575
0.393565
0.393576
0.39352
0.393639
0.39061
0.389356
0.388289
0.387569
0.389432
0.393104
0.394456
0.395072
0.395417
0.39551
0.395449
0.395418
0.395546
0.395795
0.396045
0.396249
0.396378
0.396356
0.39611
0.391408
0.390688
0.391041
0.391687
0.392837
0.393083
0.388195
0.387847
0.388019
0.38828
0.388673
0.38919
0.389806
0.390478
0.391158
0.39196
0.392881
0.394295
0.394419
0.394389
0.394357
0.394333
0.394309
0.394285
0.394257
0.394222
0.394182
0.394167
0.394185
0.394093
0.39429
0.390626
0.389367
0.388284
0.387554
0.387764
0.390568
0.392925
0.394568
0.395592
0.396022
0.39608
0.396101
0.396298
0.396636
0.396962
0.397218
0.397374
0.397339
0.396899
0.392271
0.39159
0.392267
0.393086
0.393285
0.39097
0.387958
0.387762
0.387934
0.388188
0.388579
0.389109
0.389764
0.390532
0.391388
0.392481
0.39364
0.394634
0.394701
0.394661
0.394622
0.39459
0.39456
0.394529
0.394494
0.394447
0.394396
0.394379
0.394406
0.394279
0.394553
0.390643
0.389377
0.388277
0.387536
0.387287
0.388955
0.391479
0.39369
0.395179
0.395871
0.396041
0.396111
0.396351
0.396733
0.397091
0.397368
0.397534
0.397492
0.396924
0.392543
0.391956
0.392799
0.393602
0.392922
0.389639
0.387746
0.387654
0.387818
0.388056
0.388431
0.388945
0.389598
0.390394
0.391323
0.392545
0.39376
0.394467
0.394506
0.394462
0.394418
0.394385
0.394351
0.394317
0.394277
0.394224
0.394166
0.394149
0.394186
0.394029
0.394373
0.014924
0.00924826
0.00248595
0.00765677
0.0126755
0.00486856
0.00457899
0.0204442
0.0327588
0.048283
0.0558594
0.0616296
0.0739623
0.0930839
0.169992
0.0307382
0.0224626
0.00501289
0.009535
0.0258722
0.0167209
0.0320707
0.0980597
0.121564
0.189366
0.248598
0.402531
0.551844
0.704028
1.3769
0.0298017
0.0396759
0.0113324
0.0109839
0.0391338
0.0288816
0.0603084
0.15814
0.196574
0.277891
0.38968
0.552975
0.749202
1.11241
2.53629
0.0372184
0.055041
0.0192261
0.0187166
0.0639519
0.0527722
0.0881139
0.176537
0.241342
0.35035
0.475082
0.587677
0.788118
1.35195
3.46903
0.0541777
0.0468647
0.0234615
0.024629
0.0556513
0.0726124
0.110161
0.191478
0.267398
0.406874
0.499738
0.574039
0.777006
1.50269
4.34321
0.161509
0.0740446
0.0775582
0.0645219
0.0538132
0.0399313
0.024512
0.0402054
0.0199622
0.00398572
0.000995867
0.00153421
0.00501572
0.00154963
0.000814365
1.23464
0.576546
0.616161
0.456572
0.269749
0.201422
0.0862999
0.080822
0.0380952
0.020694
0.00278865
0.00262339
0.00672943
0.00289814
0.00265638
2.32106
0.972399
0.907014
0.680071
0.482377
0.313828
0.174249
0.122808
0.0642513
0.0380535
0.00625975
0.00483848
0.0098421
0.00624799
0.00424314
3.25736
1.2149
1.01383
0.761886
0.574457
0.398446
0.218267
0.145545
0.0879963
0.0462219
0.0119942
0.0117012
0.0188338
0.0145932
0.0049859
4.16995
1.3518
1.04613
0.77707
0.592844
0.445803
0.252171
0.154219
0.0980732
0.0501207
0.0181454
0.0174988
0.0222102
0.0182795
0.003747
0.392674
0.392635
0.392647
0.392639
0.392644
0.392654
0.392663
0.392669
0.392674
0.392678
0.392685
0.392337
0.39102
0.390709
0.390442
0.390157
0.389894
0.390933
0.393571
0.392935
0.392784
0.392767
0.392807
0.392869
0.392933
0.392991
0.393033
0.393051
0.393034
0.392985
0.392933
0.392907
0.392904
0.392908
0.392901
0.392885
0.392874
0.392893
0.392954
0.393044
0.393127
0.39316
0.393136
0.393084
0.393008
0.392911
0.392822
0.392821
0.39306
0.390606
0.39365
0.393537
0.393573
0.393549
0.393562
0.393593
0.393618
0.393636
0.393651
0.393664
0.393678
0.393557
0.391791
0.391122
0.390652
0.390249
0.38993
0.390105
0.394711
0.394365
0.394132
0.394133
0.394255
0.394424
0.394597
0.394751
0.394858
0.394891
0.394815
0.394645
0.394475
0.394393
0.394387
0.394398
0.394378
0.394329
0.394302
0.394369
0.394576
0.394888
0.395193
0.395344
0.395309
0.395184
0.39498
0.394681
0.394309
0.393951
0.393569
0.390612
0.394307
0.39412
0.394181
0.394141
0.394161
0.394209
0.39425
0.394278
0.394302
0.394324
0.394343
0.394251
0.392821
0.391732
0.390954
0.390365
0.38995
0.389967
0.393401
0.394592
0.394896
0.39517
0.395457
0.395744
0.396009
0.396233
0.396378
0.396402
0.39625
0.395949
0.39566
0.395524
0.395516
0.395536
0.395508
0.395434
0.395394
0.395515
0.395875
0.396424
0.396979
0.397285
0.397275
0.39711
0.396792
0.396247
0.395382
0.394161
0.392482
0.390622
0.394577
0.394316
0.394403
0.394346
0.394368
0.394431
0.394485
0.394521
0.394552
0.394579
0.394603
0.394529
0.393548
0.392211
0.39116
0.390402
0.389896
0.389741
0.391575
0.393754
0.394894
0.395628
0.396142
0.396552
0.396886
0.397153
0.397314
0.397318
0.397096
0.39669
0.396307
0.396131
0.396121
0.39615
0.396117
0.396025
0.39598
0.396144
0.396626
0.397365
0.398128
0.398573
0.398602
0.398419
0.398007
0.397213
0.395788
0.393623
0.391106
0.390637
0.394404
0.394074
0.394185
0.394111
0.394133
0.394206
0.394268
0.39431
0.394343
0.394372
0.394399
0.394345
0.393643
0.392258
0.391085
0.390256
0.38972
0.389476
0.390419
0.392762
0.394433
0.395491
0.396157
0.396634
0.396997
0.397274
0.39743
0.397416
0.397156
0.3967
0.396274
0.39608
0.39607
0.396102
0.396066
0.395967
0.39592
0.396104
0.396643
0.397471
0.398336
0.398854
0.398911
0.398729
0.398277
0.397353
0.395619
0.392961
0.390301
0.390654
0.39127
0.391391
0.391371
0.391398
0.391365
0.391238
0.389554
0.387285
0.386727
0.386767
0.386884
0.387086
0.387094
0.387027
0.386994
0.386842
0.386899
0.386823
0.386811
0.386963
0.387047
0.387103
0.387141
0.387195
0.387217
0.38723
0.38724
0.387261
0.387317
0.387333
0.386908
0.386186
0.385995
0.386327
0.567918
0.820882
0.400003
0.412476
0.329413
0.260375
0.439144
0.623634
0.240474
0.2728
0.452347
1.14302
0.225282
0.327286
0.329406
0.258266
0.293964
0.267396
0.155641
0.0453154
0.0200139
0.121004
0.0277169
0.0213808
0.0922706
0.0805378
0.0550012
0.386496
0.0288072
0.0408167
0.0605897
0.0895355
0.1313
0.237097
0.303929
0.430207
0.459904
0.527432
0.731467
1.41952
7.26801
2.6287
0.375426
0.386019
0.386027
0.386071
0.386178
0.386485
0.387437
0.389637
0.390308
0.386644
0.356857
0.414216
0.390772
0.39135
0.39075
0.391388
0.390786
0.390812
0.391391
0.391388
0.388212
0.38684
0.386736
0.386807
0.386995
0.387117
0.387058
0.386993
0.386829
0.386962
0.386792
0.386844
0.386869
0.387009
0.387076
0.38712
0.38717
0.387209
0.387224
0.387234
0.387248
0.387284
0.387342
0.386659
0.387451
0.386001
0.385996
0.405131
0.386702
0.704889
0.417253
0.412879
0.0372019
0.416382
1.0338
0.246718
0.578146
0.23011
0.248678
0.244337
0.216678
0.343373
0.378574
0.247395
0.31416
0.27381
0.369246
0.291902
0.205525
0.0969092
0.0212896
0.0978794
0.074157
0.0123797
0.0546329
0.0489951
0.0350397
0.0281308
0.0366294
0.083367
0.121473
0.214323
0.281609
0.418393
0.4398
0.41733
0.501752
0.72986
0.0821615
0.386208
0.386016
0.38602
0.386044
0.386056
0.386113
0.386287
0.386835
0.388335
0.390344
0.390784
0.390815
0.390784
0.386972
0.386654
0.386667
0.386765
0.386912
0.386861
0.386776
0.386764
0.386754
0.386711
0.386718
0.386728
0.386857
0.386904
0.386918
0.386929
0.386962
0.38698
0.386992
0.387004
0.38703
0.387084
0.38712
0.385995
0.389591
0.576725
0.794494
0.233959
0.250851
0.282726
0.280046
0.230121
0.245637
0.482058
0.938083
0.248112
0.246691
0.334207
0.279825
0.288544
0.242812
0.114366
0.0328412
0.0120178
0.0670095
0.0163102
0.0647297
0.387549
0.518269
0.387243
0.386016
0.386034
0.38609
0.386225
0.386639
0.387842
0.386858
0.386905
0.386819
0.38672
0.386665
0.386802
0.386651
0.386738
0.386799
0.386884
0.386915
0.386919
0.386947
0.386972
0.386987
0.386997
0.387014
0.387056
0.387087
0.385995
0.386025
0.450751
0.340667
0.256492
0.251472
0.247833
0.467443
0.273899
0.308859
0.435376
0.269863
0.32435
0.315727
0.172008
0.068561
0.031717
0.0503495
0.00449235
0.0359512
0.0665198
0.387673
0.386691
0.388825
0.386014
1.26045
0.231682
0.607231
0.388944
0.387104
0.386375
0.386091
0.316993
0.386141
0.390094
0.390033
0.390226
0.390201
0.386829
0.386018
0.386792
0.386026
0.386183
0.362954
0.386042
0.386026
0.385995
0.386023
0.386017
0.385926
0.386673
0.385152
0.386771
0.385161
0.386928
0.385755
0.38612
0.386019
0.386015
0.386016
0.386016
0.386017
0.386019
0.38603
0.386031
0.385995
0.385995
0.385995
0.386084
0.38612
0.386053
0.349677
0.45581
0.38958
0.522727
0.347035
0.386392
0.386566
0.386262
0.358067
0.388896
0.306595
0.32695
0.557846
0.366206
0.456391
0.460756
0.5851
0.514556
0.340466
0.306948
0.428863
0.293625
0.323695
0.368958
0.309276
0.296326
0.136647
0.102699
0.115935
0.161133
0.0293379
0.0464271
0.0603695
0.0252756
0.387637
0.387178
0.0701231
0.0340969
0.263632
0.0435964
0.041382
0.0631425
0.38602
0.387157
0.38614
0.386017
0.386015
0.371215
0.383922
0.386088
0.38611
0.386054
0.386069
0.386606
0.386093
0.386022
0.387775
0.386364
0.386471
0.386022
0.386016
0.387041
0.387379
0.39027
0.0997404
0.132004
0.281673
0.330188
0.391297
0.204534
0.123837
0.269256
0.114296
0.255021
0.370515
0.355787
0.390151
0.389623
0.389495
0.334604
0.349697
0.389564
0.38606
0.387444
0.0327417
0.0457061
0.038485
0.38959
0.386769
0.386476
0.390185
0.389643
0.141632
0.390399
0.385228
0.385168
0.386017
0.386022
0.428546
0.387823
0.386798
0.388865
0.386022
0.385999
0.385561
0.386812
0.386061
0.385618
0.385884
0.385573
0.386195
0.386027
0.386015
0.386015
0.386016
0.386017
0.386018
0.386023
0.386037
0.386026
0.38607
0.0553105
0.385696
0.39471
0.573218
0.38603
0.672824
0.385997
0.386016
0.386436
0.386
0.388304
0.347989
0.658311
0.548739
0.41659
0.502872
0.367598
0.248988
0.370931
0.466637
0.319667
0.351973
0.282665
0.359187
0.298912
0.19244
0.249099
0.0968478
0.125659
0.133375
0.0952982
0.0424906
0.0576189
0.386009
0.386009
0.0949108
0.390024
0.38821
0.386204
0.368122
0.386016
0.390149
0.38955
0.389608
0.386042
0.38516
0.386033
0.386224
0.389456
0.386287
0.193536
0.133076
0.301546
0.32448
0.406355
0.127469
0.118811
0.386015
0.0489248
0.134143
0.117744
0.386026
0.124087
0.386178
0.386026
0.052016
0.161916
0.116717
0.125315
0.122365
0.282973
0.291787
0.391988
0.310134
0.276444
0.526003
0.386015
0.352908
0.378891
0.329089
0.38602
0.386021
0.386012
0.38601
0.38601
0.38601
0.386009
0.386012
0.386034
0.386103
0.386484
0.386009
0.386011
0.386021
0.38601
0.386195
0.386151
0.385686
0.385942
0.386013
0.386316
0.385486
0.386587
0.324506
0.330413
0.359747
0.3882
0.300203
0.385965
0.329642
0.67694
0.319388
0.322643
0.102506
0.0723064
0.40917
0.555937
0.390867
0.391602
0.385991
0.384024
0.388119
0.388846
0.393286
0.385668
0.383772
0.38264
0.380021
0.385999
0.386023
0.329609
0.386009
0.381273
0.383243
0.390538
0.385995
0.38678
0.385995
0.386217
0.386043
0.115648
0.385995
0.383793
0.386215
0.385995
0.385995
0.387027
0.386836
0.385995
0.385995
0.277931
0.322335
0.385996
0.058268
0.385995
0.385997
0.0441361
0.385916
0.385738
0.555323
0.405003
0.473938
0.377707
0.384407
0.391832
0.387758
0.404476
0.397216
0.386319
0.386027
0.386911
0.386008
0.386002
0.335428
0.322074
0.339806
0.371288
0.365164
0.117404
0.396308
0.307355
0.279144
0.498568
0.522244
0.385995
0.385995
0.362857
0.36921
0.412101
0.312655
0.331032
0.357965
0.363117
0.0674981
0.170702
0.141177
0.385996
0.385996
0.105193
0.107274
0.14095
0.385995
0.385995
0.387153
0.329918
0.328195
0.386708
0.051037
0.3938
0.386154
0.38813
0.388905
0.38762
0.38612
0.386103
0.187368
0.386063
0.38608
0.386039
0.386049
0.432667
0.475078
0.385994
0.385991
0.387241
0.386945
0.387664
0.216956
0.144517
0.383336
0.386261
0.232756
0.137835
0.278575
0.386165
0.38613
0.386207
0.268673
0.239813
0.433273
0.455877
0.457991
0.385995
0.385995
0.385995
0.218305
0.2433
0.238452
0.231095
0.386422
0.386329
0.386545
0.386015
0.386014
0.384609
0.381552
0.156223
0.134898
0.174751
0.353876
0.347549
0.0563753
0.0677024
0.389057
0.305232
0.385995
0.386892
0.388955
0.327344
0.385995
0.385995
0.389071
0.388569
0.388501
0.380956
0.385976
0.38598
0.380962
0.384801
0.385995
0.389286
0.383804
0.315776
0.386048
0.386163
0.148318
0.385997
0.383351
0.385995
0.108004
0.333794
0.386104
0.392391
0.385932
0.367171
0.385996
0.385996
0.37044
0.378909
0.365762
0.403601
0.386488
0.39637
0.375951
0.332476
0.344259
0.284377
0.363732
0.272265
0.339884
0.309949
0.354275
0.346077
0.0618409
0.404232
0.103414
0.129772
0.129258
0.385995
0.0473729
0.386806
0.386556
0.0481437
0.0738692
0.0988794
0.386036
0.386062
0.386018
0.0461749
0.0486239
0.0626615
0.18048
0.386135
0.386553
0.231483
0.386009
0.171629
0.28837
0.185911
0.386013
0.38625
0.386162
0.385995
0.385995
0.385995
0.121423
0.315999
0.321264
0.344871
0.0548122
0.385995
0.388269
0.385998
0.385995
0.414691
0.385994
0.39763
0.293788
0.324625
0.383203
0.37686
0.499169
0.385995
0.386063
0.384396
0.388351
0.466284
0.38424
0.287804
0.388391
0.386011
0.381455
0.385912
0.393766
0.426928
0.374666
0.496085
0.401687
0.402764
0.382094
0.366445
0.318019
0.337336
0.386041
0.386012
0.379354
0.378878
0.401937
0.39479
0.386
0.384476
0.39819
0.385995
0.385995
0.0573902
0.385995
0.209957
0.36621
0.385989
0.160117
1.60456
0.825167
0.374285
0.376481
0.385996
0.385995
0.386625
0.38827
0.343312
0.501009
0.349905
0.325978
0.157773
0.398441
0.335362
0.186999
0.20152
0.179599
0.388685
0.401253
0.411765
0.396032
0.382627
0.382066
0.0631091
0.53165
0.460733
0.385994
0.385989
0.329567
0.385995
0.385995
0.33901
0.281969
0.325063
0.410197
0.325101
0.386007
0.33176
0.31293
0.178694
0.355093
0.322092
0.48688
0.583196
0.389012
0.388474
0.388527
0.38719
0.406377
0.386042
0.339974
0.362901
0.385974
0.385929
0.34237
0.322758
0.386014
0.386028
0.21026
0.375566
0.373253
0.386291
0.386255
0.713464
0.662579
0.386002
0.386002
0.390554
0.456266
0.0712936
0.27427
0.315728
0.312647
0.356819
0.38649
0.386095
0.253754
0.286313
0.384933
0.382694
0.386001
0.385996
0.0607362
0.456107
0.386794
0.386011
0.383766
0.0654691
0.386031
0.331866
0.386003
0.406384
0.386687
0.373003
0.140338
0.387679
0.253964
0.39428
0.386063
0.377128
0.386092
0.275121
0.346788
0.319211
0.385995
0.357443
0.388049
0.0775381
0.386018
0.356892
0.167504
0.385979
0.386272
0.387378
0.386018
0.3642
0.386009
0.381573
0.396895
0.14508
0.059528
0.385702
0.55988
0.385995
0.31349
0.295442
0.385995
0.306129
0.39224
0.380587
0.294447
0.178011
0.309908
0.385995
0.148085
0.374565
0.386372
0.386838
0.386018
0.116479
0.386018
0.386007
0.387994
0.387602
0.386053
0.38607
0.385995
0.385995
0.385995
0.38574
0.387423
0.387075
0.387889
0.386453
0.386343
0.386593
0.385995
0.256718
0.786329
0.995492
0.369822
0.386169
0.386106
0.232769
0.161421
0.143044
0.155684
0.386172
0.386211
0.306986
0.385995
0.385995
0.385996
0.362506
0.154354
0.36627
0.393838
0.385127
0.144986
0.386088
0.386112
0.387957
0.387522
0.38756
0.386008
0.370655
0.386024
0.343008
0.441091
0.386035
0.362057
0.371929
0.317821
0.387677
0.387017
0.371282
0.36457
0.283603
0.369414
0.368563
0.359639
0.280115
0.278063
0.0685095
0.298134
0.280489
0.41111
0.0848799
0.386012
0.386008
0.386016
0.386012
0.458503
0.38603
0.383257
0.388875
0.303402
0.386014
0.216577
0.386027
0.123122
0.326059
0.368612
0.354662
0.359968
0.352954
0.386007
0.386044
0.365559
0.346683
0.380216
0.462744
0.386004
0.385999
0.411263
0.172048
0.0738374
0.0735899
0.0692056
0.841713
0.285687
0.287154
0.349799
0.368612
0.439374
0.245008
0.270634
0.256433
0.385969
0.154308
0.388678
0.387234
0.385995
0.391582
0.338826
0.262798
0.385167
0.383553
0.186071
0.385995
0.385996
0.466958
0.510309
0.401572
0.364455
0.276251
0.284236
0.386196
0.383708
0.408057
0.476361
0.369974
0.385996
0.385999
0.440929
0.569699
0.443615
0.414567
0.387537
0.575424
0.556076
0.354692
0.351344
0.386395
0.386579
0.38626
0.385765
0.385302
0.386228
0.386146
0.347907
0.348928
0.416005
0.413869
0.388932
0.391126
0.245405
0.387165
0.426872
0.416538
0.38601
0.460446
0.488277
0.386016
0.386006
0.369716
0.358243
0.366435
0.512377
0.453206
0.37459
0.377884
0.378085
0.370462
0.38599
0.385971
0.405755
0.374536
0.386139
0.386462
0.435589
0.388077
0.342579
0.386261
0.386335
0.388245
0.386036
0.270353
0.386237
0.386084
0.439604
0.41695
0.354071
0.344157
0.0786566
0.361631
0.387673
0.470252
0.436423
0.386024
0.690193
0.652786
0.2981
0.31199
0.571727
0.207494
0.375391
0.345582
0.385198
0.124795
0.421347
0.261806
0.2529
0.394321
0.258444
0.386032
0.386046
0.385943
0.385932
0.187172
0.128665
0.394211
0.356022
0.386
0.161434
0.143206
0.386027
0.0873345
0.386005
0.385995
0.386981
0.385813
0.386021
0.398494
0.379372
0.33579
0.300924
0.0789982
0.387282
0.140095
0.385995
0.385996
0.386111
0.386066
0.386855
0.386617
0.387146
0.386939
0.387173
0.38666
0.0863347
0.093476
0.395928
0.386014
0.447684
0.385995
0.404751
0.38606
0.386079
0.386006
0.369102
0.393163
0.316896
0.38624
0.3861
0.353318
0.386191
0.386023
0.386029
0.292827
0.386018
0.386156
0.28345
0.388342
0.391641
0.386964
0.355831
0.364872
0.386403
0.386157
0.386131
0.386166
0.357758
0.272067
0.318114
0.385922
0.38615
0.286776
0.38636
0.344288
0.365727
0.336509
0.126824
0.892429
0.352508
0.293758
0.374216
0.487147
0.387941
0.387034
0.402469
0.505326
0.386114
0.323831
0.373292
0.271785
0.386029
0.386544
0.386266
0.396131
0.300481
0.357606
0.388988
0.382782
0.376463
0.198652
0.385339
0.384027
0.387151
0.497044
0.386575
0.434509
0.356684
0.356997
0.149577
0.199795
0.386291
0.386182
0.386568
0.760565
0.311936
0.490778
0.346983
0.386831
0.309849
0.616899
0.269903
0.387923
0.387174
0.279525
0.38684
0.306366
0.386474
0.386355
0.354949
0.316176
0.314272
0.362676
0.136949
0.0721628
0.362717
0.368362
0.363111
0.350911
0.38644
0.351137
0.386016
0.386017
0.409501
0.395808
0.386041
0.274945
0.270473
0.205434
0.319658
0.332905
0.364831
0.345659
0.293319
0.386076
0.386052
0.38609
0.38632
0.386475
0.370469
0.386444
0.386018
0.38582
0.385864
0.385475
0.385981
0.386004
0.385944
0.467361
0.13469
0.161288
0.387157
0.386874
0.386873
0.388464
0.386011
0.386064
0.386036
0.149136
0.14799
0.38601
0.386047
0.386572
0.386009
0.386096
0.386005
0.35356
0.367478
0.354285
0.38612
0.121524
0.370191
0.38607
0.38604
0.386041
0.134004
0.291438
0.386018
0.382713
0.207648
0.293864
0.196883
0.386296
0.365402
0.380039
0.183316
0.202887
0.381112
0.386113
0.386003
0.200269
0.386644
0.386059
0.386052
0.386032
0.386436
0.386003
0.385931
0.386006
0.423125
0.402971
0.376909
0.387559
0.386414
0.384424
0.383405
0.386015
0.38603
0.386009
0.385738
0.386002
0.38618
0.364976
0.329742
0.386004
0.386109
0.386069
0.178273
0.386015
0.37105
0.367966
0.386294
0.27216
0.280506
0.385917
0.378375
0.355059
0.385955
0.384923
0.386017
0.386011
0.386019
0.386005
0.386032
0.322311
0.325476
0.386015
0.386007
0.386
0.385983
0.386057
0.365003
0.391857
0.387546
0.384988
0.386131
0.33666
0.385998
0.382137
0.386001
0.407585
0.347674
0.385986
0.337014
0.385981
0.383601
0.386016
0.389707
0.400065
0.4044
0.391759
0.38601
0.385879
0.38596
0.386439
0.385992
0.385995
0.384712
0.386135
0.38297
0.386401
0.390946
0.386305
0.386071
0.387598
0.386001
0.386023
0.38601
0.38726
0.386001
0.387769
0.392841
0.385998
0.383047
0.387079
0.389096
0.386002
0.385995
0.386408
0.387274
0.385992
0.385997
0.386067
0.386017
0.391234
0.391353
0.391369
0.391443
0.391358
0.391271
0.389638
0.387446
0.386488
0.386174
0.386069
0.386025
0.386017
0.361483
3.35905
7.24136
1.34046
1.06756
0.753169
0.524804
0.421313
0.267287
0.178999
0.111683
0.0592688
0.0331907
0.0286767
0.0245947
0.023323
0.00778406
0.0306457
0.0221964
0.156266
0.14858
0.13791
0.143923
0.120011
0.109236
0.116508
0.144517
0.259636
0.33809
0.164603
0.231131
0.227967
0.343773
0.451599
0.38993
0.307767
0.296484
0.354709
0.431181
0.321317
0.30089
0.632799
1.21606
0.391652
0.385995
0.385998
0.387109
0.387361
0.387358
0.387288
0.387245
0.387224
0.387206
0.387177
0.387114
0.386998
0.386962
0.38702
0.387046
0.386992
0.386925
0.387017
0.387119
0.387127
0.387225
0.387207
0.386917
0.386715
0.38673
0.38689
0.388198
0.390629
0.390344
1.09428
0.822373
0.386952
0.3907
0.391319
0.390717
0.391435
0.39139
0.390857
0.390776
0.391394
0.388953
0.388343
0.0587982
0.387855
0.386844
0.386286
0.38611
0.386042
0.386015
0.386101
0.0743147
0.386015
0.974305
0.745523
0.532307
0.470286
0.331917
0.233266
0.155552
0.0952278
0.0517139
0.0423604
0.036966
0.0293976
0.0867342
0.157356
0.150713
0.146414
0.0925929
0.0970573
0.11482
0.097684
0.28054
0.265696
0.180859
0.208652
0.961712
0.223988
0.266519
0.320704
0.295089
0.347314
0.350547
0.551674
0.299666
0.391483
0.386032
0.620564
0.695623
0.386059
0.385995
0.390829
0.386021
0.387094
0.387321
0.387085
0.387328
0.387261
0.387233
0.387215
0.387196
0.387151
0.387062
0.386955
0.386994
0.38704
0.387028
0.386949
0.386955
0.387104
0.387103
0.38717
0.387247
0.387091
0.386768
0.386717
0.386757
0.387328
0.38939
0.633179
0.386003
0.390783
0.387118
0.386376
0.386138
0.386054
0.386019
0.38608
0.296381
0.0169657
0.17493
0.130928
0.134226
0.125015
0.115827
0.104306
0.174656
0.246556
0.275546
0.189637
0.57395
0.228533
0.243701
0.383684
0.285229
0.30223
0.326012
0.392985
0.329623
0.384368
0.357628
0.386838
0.385995
0.387098
0.387033
0.387
0.38698
0.386962
0.386941
0.386898
0.386809
0.386823
0.386854
0.386833
0.386743
0.386693
0.38682
0.38685
0.386891
0.386988
0.386909
0.386583
0.386477
0.386532
0.386938
0.388777
0.253764
0.453122
0.414256
0.303381
0.380866
0.343913
0.783573
0.306702
0.298322
0.42493
0.386
0.385995
0.386989
0.386971
0.386953
0.386926
0.386854
0.3868
0.386844
0.386853
0.386794
0.386695
0.386727
0.386872
0.386877
0.386945
0.386985
0.386758
0.386484
0.3865
0.386623
0.387658
0.390903
0.386464
0.386087
0.386222
0.386645
0.28944
0.185041
0.181999
0.35829
0.365814
0.115456
0.113197
0.100259
0.106308
0.135876
0.133173
0.155285
0.108738
0.148181
0.466119
0.387013
0.387063
0.390048
0.386957
0.387065
0.386367
0.388915
0.418356
0.534264
0.386139
0.386623
0.386831
0.386481
0.386055
0.386223
0.386175
0.38602
0.386937
0.38608
0.386189
0.286194
0.320674
0.386087
0.38611
0.386069
0.0442115
0.386006
0.386015
0.386015
0.386021
0.387802
0.388348
0.387407
0.06827
0.488067
0.16879
0.16643
0.097599
0.155627
0.146623
0.120212
0.161329
0.164813
0.146392
0.104143
0.156179
0.14767
0.11561
0.158709
0.118593
0.114099
0.106128
0.286332
0.111959
0.132672
0.2994
0.311165
0.240313
0.269972
0.249423
0.313383
0.298388
0.313084
0.261609
0.283869
0.267031
0.232375
0.251041
0.315617
0.363612
0.353391
0.300409
0.236311
0.243319
0.311383
0.353613
0.481362
0.479798
0.426873
0.410351
0.706698
0.360931
0.592936
0.831886
0.391479
0.386033
0.386025
0.681654
0.386023
0.386045
0.385995
0.385995
0.385995
0.385995
0.386036
0.386016
0.38992
0.389358
0.386029
0.386024
0.386018
0.386009
0.386015
0.386014
0.386014
0.386013
0.386009
0.385978
0.385912
0.386058
0.385975
0.386123
0.385882
0.38601
0.386018
0.38602
0.386014
0.386013
0.386076
0.386383
0.387614
0.390377
0.374482
0.266033
0.390093
0.34328
0.39027
0.105553
0.32417
0.189201
0.141242
0.0978108
0.0623589
0.052286
0.0467971
0.0405304
0.0492913
0.0464442
0.191506
0.166086
0.386033
0.386015
0.3896
0.450282
0.389404
0.386042
0.390131
0.420518
0.416322
0.0794018
0.113353
0.390225
0.38978
0.389619
0.171924
0.439545
0.405757
0.447542
0.386269
0.386286
0.386042
0.0867936
0.237474
0.0973879
0.388811
0.443501
0.386084
0.386
0.383005
0.0788864
0.386011
0.492814
0.234231
0.0619502
0.31666
0.388157
0.249078
0.36341
0.312457
0.303183
0.478569
0.43681
0.400063
0.377971
0.409848
0.386032
0.386044
0.386054
0.390186
0.385995
0.389549
0.386016
0.386015
0.386015
0.386014
0.386014
0.386012
0.385959
0.386075
0.385944
0.386066
0.385739
0.385895
0.385937
0.386028
0.38602
0.386019
0.386009
0.38603
0.386174
0.386819
0.38976
0.702254
0.118296
0.160093
0.135306
0.195483
0.202787
0.390043
0.389491
0.201349
0.0825639
0.0666736
0.0579525
0.386046
0.386561
0.386113
0.386016
0.386006
0.386011
0.386013
0.386018
0.385957
0.385985
0.385744
0.386062
0.385927
0.386042
0.385985
0.386006
0.386008
0.386008
0.369263
0.483698
0.386256
0.386006
0.413187
0.38601
0.386014
0.38717
0.385985
0.385972
0.385958
0.385912
0.386013
0.385985
0.38601
0.385957
0.386004
0.352901
0.492799
0.286817
0.335268
0.360864
0.293587
0.313902
0.482492
0.374632
0.386023
0.386008
0.386008
0.386008
0.386009
0.386009
0.386008
0.40008
0.385994
0.366306
0.377608
0.285235
0.386165
0.123618
0.388942
0.302654
0.34233
0.386024
0.34106
0.494522
0.124365
0.386071
0.386165
0.204819
0.385985
0.38604
0.2326
0.155847
0.337023
0.386265
0.386208
0.0713797
0.0746761
0.0837273
0.162834
0.241896
0.248617
0.603817
0.323103
1.25381
0.36063
0.737184
0.356122
0.261618
0.248418
0.342217
0.254117
0.385996
0.386237
0.20052
0.297318
0.429022
0.251416
0.243635
0.388738
0.388025
0.388344
0.389462
0.398918
0.125956
0.242072
0.386864
0.386534
0.369921
0.385995
0.385995
0.419617
0.34557
0.385996
0.385995
0.385995
0.385995
0.385995
0.385995
0.385995
0.385995
0.352649
0.363341
0.385994
0.385991
0.385983
0.372821
0.490992
0.31886
0.385535
0.386887
0.385492
0.386375
0.384235
0.386697
0.387097
0.385909
0.387097
0.387552
0.385977
0.385988
0.385988
0.872813
1.27696
0.386528
0.386354
0.386774
0.386007
0.385998
0.386002
0.386098
0.386154
0.385922
0.385887
0.385997
0.385996
0.385995
0.385995
0.368058
0.310303
0.316182
0.198087
0.385995
0.385995
0.388898
0.388177
0.325101
0.326768
0.187551
0.132831
0.386034
0.386059
0.0966095
0.11962
0.19643
0.204702
0.338376
0.329571
0.32028
0.292315
0.279357
0.365607
0.384176
0.384692
0.389025
0.38846
0.389132
0.388579
0.385996
0.0842708
0.369073
0.386755
0.387274
0.387726
0.387
0.386017
0.314999
0.386065
0.386051
0.386103
0.386129
0.386082
0.407093
0.376523
0.38603
0.131783
0.207871
0.301795
0.330155
0.386441
0.386586
0.386341
0.386019
0.38604
0.220266
0.149908
0.125886
0.217238
0.0939023
0.0963593
0.0921814
0.126835
0.155677
0.100707
0.0981767
0.123818
0.181602
0.252759
0.154861
0.269491
0.299621
0.959813
0.389107
0.388535
0.386
0.385995
0.258671
0.386018
0.386014
0.315593
0.385995
0.385586
0.385729
0.225422
0.277029
0.252935
0.252395
0.266204
0.385995
0.385995
0.385995
0.385995
0.25464
0.270034
0.251927
0.385995
0.385997
0.385995
0.385994
0.385947
0.386495
0.385081
0.38747
0.384027
0.386824
0.385119
0.385981
0.122698
0.385956
0.385976
0.385989
0.385986
0.385995
0.385998
0.366697
0.129559
0.38593
0.385717
0.392313
0.44757
0.386393
0.385169
0.385185
0.387493
0.386589
0.385725
0.387297
0.387028
0.38397
0.385702
0.385992
0.385995
0.385994
0.385965
0.384892
0.387014
0.385678
0.385845
0.38435
0.384879
0.385995
0.435592
0.3452
0.352639
0.495586
0.371183
0.307955
0.32715
0.355753
0.386015
0.13553
0.388039
0.337893
0.339824
0.384656
0.384391
0.386181
0.0790963
0.385972
0.39047
0.0893959
0.337441
0.386004
0.292049
0.32153
0.357938
0.113779
0.309825
0.386026
0.1494
0.386006
0.296784
0.300474
0.562486
0.332366
0.385995
0.385995
0.385995
0.385998
0.385995
0.437429
0.386017
0.330407
0.31284
0.384919
0.385996
0.386021
0.468971
0.492906
0.0839846
0.0820049
0.306326
0.549529
0.678842
0.386058
0.386093
0.384308
0.383755
0.383473
0.285436
0.384187
0.388902
0.386566
0.381007
0.380433
0.390224
0.382475
0.38611
0.119332
0.385772
0.474658
0.541192
0.386004
0.386009
0.386157
0.385491
0.385345
0.385995
0.385995
0.387977
0.385995
0.385995
0.265831
0.14089
0.329402
0.310668
0.388839
0.388383
0.184752
0.344476
0.347749
0.342991
0.100724
0.386059
0.386098
0.394629
0.294196
0.332329
0.362122
0.30032
0.326146
0.322811
0.296474
0.325214
0.385995
0.385995
0.546074
0.423798
0.514312
0.385935
0.385933
0.38425
0.384616
0.14658
0.0673395
0.390168
0.389616
0.388031
0.385995
0.385995
0.385995
0.0992151
0.386857
0.386026
0.275705
0.38748
0.387964
0.387149
0.361395
0.0935953
0.388697
0.118654
0.321286
0.42303
0.0765147
0.385733
0.385867
0.397992
0.386297
0.386228
0.37019
0.390346
0.386139
0.386502
0.386661
0.386389
0.386111
0.293599
0.217915
0.258013
0.385997
0.386033
0.386012
0.536684
0.343331
0.276962
0.359779
0.52804
0.385856
0.0896654
0.317045
0.385995
0.160682
0.113377
0.111919
0.330158
0.386009
0.385415
0.36195
0.387849
0.38049
0.386303
0.386113
0.387475
0.385995
0.385995
0.385995
0.267368
0.402245
0.387534
0.385996
0.385999
0.385031
0.325756
0.387778
0.372809
0.38218
0.38582
0.378673
0.381903
0.391244
0.392013
0.378798
0.384647
0.38605
0.386582
0.384902
0.392572
0.385995
0.390437
0.386239
0.386362
0.386707
0.143902
0.386045
0.386034
0.308378
0.38602
0.386015
0.387363
0.386358
0.390272
0.386025
0.384876
0.429934
0.387512
0.385183
0.390867
0.383272
0.387584
0.386688
0.416936
0.382375
0.396658
0.379525
0.381727
0.328463
0.330488
0.457498
0.435716
0.105015
0.104259
0.0790161
0.38607
0.386086
0.386056
0.38928
0.38602
0.383975
0.105443
0.707918
0.32332
0.384667
0.378908
0.398411
0.383522
0.392766
0.375913
0.386112
0.378554
0.385995
0.0833413
0.16274
0.210399
0.0934932
0.0715121
0.0816112
0.0577804
0.386678
0.431203
0.418061
0.387099
0.394814
0.385798
0.320924
0.386032
0.387053
0.363543
0.403362
0.491382
0.386026
0.392122
0.341244
0.385988
0.134842
0.0711713
0.0818745
0.0551982
0.322011
0.386824
0.386001
0.386077
0.618264
1.09627
0.606861
0.413022
0.403901
0.328436
0.395148
0.39134
0.391609
0.382715
0.382206
0.390751
0.38579
0.385662
0.385592
0.380011
0.37833
0.0908257
0.103209
0.0772483
0.397213
0.399189
0.391083
0.395544
0.38071
0.383776
0.383776
0.383362
0.137798
0.131291
0.525403
0.332961
0.353803
0.407973
0.38601
0.386017
0.386736
0.3603
0.494943
0.385999
0.386082
0.386134
0.386534
0.384983
0.428546
0.382901
0.389382
0.385427
0.392737
0.38601
0.386015
0.387113
0.349342
0.384348
0.337913
0.319942
0.426702
0.418792
0.386003
0.386009
0.382484
0.381598
0.381695
0.372679
0.389954
0.393503
0.386524
0.384764
0.461873
0.38659
0.328166
0.300181
0.3533
0.331453
0.309979
0.324416
0.386809
0.385905
0.386059
0.380796
0.383518
0.385148
0.386135
0.102905
0.386005
0.316687
0.386067
0.385095
0.33023
0.42992
0.385653
0.386187
0.38614
0.394396
0.386119
0.386516
0.387194
0.386853
0.386904
0.133071
0.387524
0.386083
0.375933
0.401106
0.391679
0.154312
0.315218
0.360259
0.385996
0.386013
0.386008
0.389356
0.487263
0.313528
0.366582
0.389594
0.484023
0.450554
1.36182
0.550442
0.413985
0.386036
0.386125
0.38703
0.386012
0.392536
0.447443
0.411393
0.461041
0.3491
0.386019
0.386058
0.386099
0.37349
0.387093
0.306128
0.402766
0.386031
0.386015
0.386029
0.137556
0.3623
0.465668
0.385995
0.386867
0.387133
0.387576
0.386263
0.386162
0.386394
0.385995
0.386672
0.386151
0.390545
0.386022
0.386017
0.425087
0.164379
0.393945
0.458609
0.386314
0.386399
0.386239
0.376004
0.383979
0.384173
0.381262
0.386295
0.500972
0.409151
0.397656
0.438357
0.386597
0.40717
0.346422
0.386041
0.339142
0.387988
0.202575
0.205706
0.276547
0.27073
0.311134
0.38601
0.38601
0.385841
0.386052
0.386022
0.386466
0.386524
0.106415
0.386
0.385911
0.386013
0.48579
0.371166
0.513507
0.400692
0.420556
0.374175
0.319664
0.386063
0.400638
0.318639
0.425122
0.373209
0.429014
0.393658
0.441623
0.38791
0.386924
0.312217
0.427408
0.395606
0.385216
0.384413
0.385437
0.369785
0.347215
0.386048
0.428821
0.382501
0.379618
0.381332
0.493884
0.39196
0.428919
0.326373
0.335827
0.386016
0.386029
0.345189
0.478627
0.391597
0.11971
0.409964
0.543483
0.335121
0.350805
0.394251
0.323872
0.371422
0.36574
0.557181
0.373641
0.389207
0.386183
0.539282
0.389289
0.373794
0.372639
0.386034
0.467327
0.183897
0.358428
0.318768
0.296244
0.358309
0.386045
0.378171
0.372986
0.386389
0.386109
0.38608
0.37468
0.386011
0.387008
0.386092
0.388858
0.397731
0.2561
0.249887
0.386012
0.0769407
0.3861
0.0631576
0.0728087
0.117847
0.428753
0.38615
0.0787022
0.386028
0.386248
0.386116
0.386308
0.386184
0.386139
0.386254
0.386273
0.38601
0.386206
0.099587
0.0892667
0.386009
0.386017
0.386324
0.379928
0.386024
0.392121
0.25806
0.377349
0.386024
0.446316
0.386074
0.386043
0.386127
0.464838
0.386392
0.105885
0.386032
0.410607
0.0919728
0.386016
0.105095
0.386013
0.308539
0.302862
0.386213
0.366472
0.386019
0.386063
0.386044
0.0831753
0.42427
0.386023
0.370529
0.386022
0.391406
0.395826
0.386019
0.356287
0.38684
0.319968
0.386017
0.385897
0.340297
0.386011
0.386048
0.375529
0.386141
0.386064
0.386184
0.322509
0.383682
0.386009
0.386012
0.386008
0.331596
0.364908
0.379668
0.386007
0.386018
0.173927
0.170119
0.35666
0.286746
0.375144
0.273035
0.386118
0.386158
0.386085
0.38654
0.383137
0.364107
0.385476
0.386007
0.407917
0.396232
0.411118
0.390769
0.376552
0.3861
0.385715
0.384872
0.386006
0.386006
0.386011
0.386014
0.385464
0.386071
0.384703
0.382797
0.385183
0.386006
0.38619
0.386006
0.392268
0.395631
0.413247
0.382205
0.385934
0.385595
0.386006
0.387325
0.386009
0.386116
0.38602
0.386008
0.386031
0.386026
0.386036
0.386006
0.386046
0.386019
0.377887
0.386015
0.386027
0.386712
0.386021
0.386007
0.386031
0.386104
0.386058
0.39326
0.391723
0.386214
0.385519
0.387572
0.396878
0.38605
0.385114
0.385953
0.385175
0.386008
0.386022
0.386005
0.38602
0.384824
0.386037
0.382315
0.386119
0.387299
0.388582
0.397319
0.386132
0.386
0.394434
0.389393
0.397403
0.386272
0.40054
0.386122
0.386011
0.386149
0.386006
0.386302
0.386143
0.38633
0.387459
)
;

boundaryField
{
    bullet
    {
        type            compressible::alphatWallFunction;
        Prt             0.85;
        value           nonuniform List<scalar> 
30
(
0.0154898
0.00758289
0.00787506
0.00665193
0.00563744
0.00431098
0.00275533
0.00432814
0.00228714
0.000522803
0.000142098
0.000215309
0.000650821
0.000215598
0.000118986
0.00174825
0.00113716
0.000340239
0.000944285
0.00151331
0.000621118
0.000603936
0.00237138
0.00359207
0.00512092
0.00584357
0.0063892
0.00755145
0.00937446
0.0162506
)
;
    }
    topWall
    {
        type            calculated;
        value           nonuniform List<scalar> 
50
(
0.390606
0.392015
0.392015
0.392015
0.392015
0.392015
0.392015
0.392015
0.392015
0.392015
0.392015
0.392015
0.392015
0.392015
0.392015
0.392014
0.392013
0.39201
0.39201
0.392011
0.392012
0.392013
0.392013
0.392014
0.392014
0.392014
0.392014
0.392015
0.392015
0.392015
0.392015
0.392015
0.392015
0.389894
0.390157
0.390442
0.390709
0.39102
0.392337
0.392015
0.392015
0.392015
0.392015
0.392015
0.392015
0.392015
0.392015
0.392015
0.392015
0.392015
)
;
    }
    bottomWall
    {
        type            calculated;
        value           nonuniform List<scalar> 
50
(
0.387928
0.387904
0.3881
0.388361
0.388742
0.389222
0.389751
0.390238
0.390599
0.390854
0.391083
0.392033
0.392015
0.392015
0.392015
0.392015
0.392015
0.392015
0.392015
0.392015
0.392015
0.392015
0.392015
0.392015
0.392015
0.390591
0.389343
0.388295
0.387588
0.392015
0.392015
0.392015
0.392015
0.392015
0.392015
0.392015
0.392015
0.392015
0.392015
0.392015
0.392014
0.392013
0.392008
0.39201
0.389348
0.389014
0.388792
0.388652
0.389082
0.393107
)
;
    }
    inlet
    {
        type            calculated;
        value           uniform 0.392015;
    }
    outlet
    {
        type            calculated;
        value           nonuniform List<scalar> 
30
(
0.689953
0.808331
0.588051
0.389699
0.386032
0.385995
0.385995
0.385998
0.386021
0.387109
0.39267
0.393639
0.39429
0.394553
0.394373
0.392674
0.39365
0.394307
0.394577
0.394404
0.386908
0.386186
0.386001
0.385995
0.385995
0.386214
0.398745
0.536576
0.632625
0.675044
)
;
    }
    defaultFaces
    {
        type            empty;
    }
}


// ************************************************************************* //
