/*--------------------------------*- C++ -*----------------------------------*\
  =========                 |
  \\      /  F ield         | OpenFOAM: The Open Source CFD Toolbox
   \\    /   O peration     | Website:  https://openfoam.org
    \\  /    A nd           | Version:  6
     \\/     M anipulation  |
\*---------------------------------------------------------------------------*/
FoamFile
{
    version     2.0;
    format      ascii;
    class       volScalarField;
    location    "0.0008";
    object      epsilon;
}
// * * * * * * * * * * * * * * * * * * * * * * * * * * * * * * * * * * * * * //

dimensions      [0 2 -3 0 0 0 0];

internalField   nonuniform List<scalar> 
3704
(
247625
231433
217906
208046
238152
248412
251882
253721
255003
256130
257067
257684
257970
258065
258123
258189
258273
258054
257514
224266
220060
222117
225899
232500
248519
210350
209940
212580
215231
217939
220960
224456
228567
233164
238766
245023
256338
260077
260149
260158
260165
260170
260174
260175
260173
260168
260167
260178
260159
260218
247654
231474
217923
208019
211648
222334
228630
232845
236099
239134
241723
243446
244247
244511
244674
244865
245108
244493
243020
221925
218683
220202
222655
225863
225787
208698
209564
212230
214847
217512
220477
223890
227863
232229
237352
242683
249373
250404
250475
250499
250518
250532
250541
250545
250537
250520
250519
250552
250490
250678
247716
231556
217957
207971
203946
208120
213110
217578
221627
225793
229510
232026
233195
233573
233810
234098
234468
233563
231486
218606
216373
217040
217608
217194
212664
207060
208887
211538
214088
216673
219534
222797
226534
230514
234872
238857
242123
242580
242651
242686
242714
242735
242748
242751
242734
242702
242701
242758
242640
242989
247818
231684
218007
207898
202166
201883
204467
207993
211921
216468
220726
223662
225023
225453
225726
226072
226527
225465
223133
215292
213764
213621
212612
210181
206455
205693
207937
210518
212970
215444
218168
221246
224706
228265
231850
234641
236193
236458
236527
236568
236603
236626
236640
236638
236607
236555
236554
236642
236445
237011
247971
231864
218069
207799
201611
199495
200481
203075
206588
211048
215372
218391
219788
220220
220496
220860
221350
220265
217934
212584
211422
210816
209017
205997
203598
204415
206723
209186
211514
213855
216424
219307
222510
225722
228764
230842
231720
231908
231975
232015
232053
232075
232086
232074
232021
231942
231944
232072
231760
232632
1.02108e+08
3.60209e+08
5.409e+07
5.48471e+07
6.75797e+07
7.6082e+07
8.20534e+07
1.03859e+08
1.1202e+08
1.6658e+08
2.50576e+08
3.46349e+08
4.76604e+08
4.59726e+08
3.61322e+08
9.08727e+07
1.58074e+08
3.00622e+07
4.16107e+07
4.85713e+07
4.09512e+07
4.1464e+07
5.71558e+07
7.58194e+07
1.05755e+08
1.34276e+08
1.45221e+08
1.87183e+08
3.00796e+08
2.05639e+08
9.44508e+07
9.0929e+07
3.20564e+07
3.50426e+07
4.59593e+07
3.3985e+07
4.07639e+07
5.52067e+07
6.3778e+07
8.18741e+07
9.48025e+07
1.0882e+08
1.54805e+08
3.08173e+08
1.91367e+08
8.37886e+07
1.09199e+08
2.84008e+07
2.61476e+07
3.88561e+07
2.97888e+07
3.68932e+07
4.48827e+07
5.1672e+07
6.2706e+07
6.93101e+07
8.69555e+07
1.32593e+08
3.35636e+08
2.01891e+08
8.40276e+07
1.05793e+08
2.5388e+07
2.22442e+07
3.08644e+07
2.58588e+07
3.20749e+07
3.72064e+07
4.24383e+07
5.0194e+07
5.62662e+07
7.34522e+07
1.16689e+08
3.56627e+08
2.2267e+08
3.38744e+08
5.85742e+08
6.74015e+08
4.57817e+08
3.11274e+08
2.21228e+08
1.74724e+08
1.50331e+08
1.03371e+08
6.67473e+07
4.95011e+07
6.43651e+07
6.5337e+07
3.02847e+07
3.40105e+07
2.02776e+08
2.97062e+08
2.45274e+08
1.71902e+08
1.47305e+08
1.08144e+08
9.22836e+07
9.45917e+07
6.14205e+07
4.90536e+07
3.81781e+07
4.18126e+07
4.64206e+07
2.49777e+07
2.74986e+07
1.89351e+08
2.67012e+08
1.92225e+08
1.25411e+08
9.39658e+07
7.61004e+07
6.55961e+07
7.1513e+07
5.18947e+07
5.28315e+07
3.49691e+07
3.26354e+07
4.64669e+07
2.90939e+07
3.22225e+07
1.98495e+08
2.61301e+08
1.72179e+08
1.0839e+08
7.57098e+07
5.92269e+07
5.32379e+07
5.81756e+07
4.81291e+07
4.80726e+07
3.41126e+07
3.15954e+07
4.0319e+07
2.84125e+07
3.34261e+07
2.17539e+08
2.53643e+08
1.66894e+08
1.01673e+08
6.83105e+07
5.18049e+07
4.44212e+07
4.88181e+07
4.26926e+07
4.09457e+07
3.17916e+07
3.03124e+07
3.25024e+07
2.41335e+07
2.14894e+07
260228
260172
260181
260166
260169
260178
260182
260181
260176
260170
260132
258078
245573
238601
233196
228416
224065
224712
252312
255439
256627
257343
257817
258155
258385
258559
258717
258895
259120
259374
259569
259643
259625
259578
259545
259532
259499
259378
259107
258687
258201
257796
257523
257282
257037
256817
256760
256839
256394
247655
250708
250531
250560
250512
250523
250551
250565
250562
250551
250533
250482
249821
243142
237247
232282
227727
223452
220657
232128
237832
240669
242536
243829
244775
245430
245927
246380
246892
247538
248263
248819
249030
248978
248844
248746
248707
248613
248265
247491
246292
244906
243749
242968
242283
241604
241032
241036
241801
243008
247681
243038
242713
242772
242687
242704
242756
242783
242782
242766
242740
242688
242320
239207
234858
230601
226422
222333
218854
221073
225272
228393
230803
232613
233992
234970
235722
236412
237193
238177
239284
240132
240453
240372
240163
240009
239945
239799
239269
238090
236266
234158
232399
231217
230199
229232
228534
228961
231194
235932
247739
237077
236557
236664
236529
236553
236634
236681
236686
236669
236637
236587
236368
234914
231921
228383
224620
220780
217139
215716
217429
219950
222378
224389
225994
227159
228067
228907
229860
231062
232416
233454
233847
233743
233480
233283
233197
233014
232365
230927
228702
226132
223992
222566
221368
220305
219730
220842
224806
233007
247838
232713
231922
232106
231903
231930
232051
232126
232142
232128
232094
232048
231896
231077
228882
225857
222441
218855
215312
212844
213064
214953
217192
219190
220837
222050
223004
223888
224897
226173
227614
228718
229138
229022
228728
228501
228397
228196
227504
225980
223622
220900
218636
217149
215943
214973
214711
216537
221821
232121
247989
256262
257684
257375
257678
257308
256094
235899
205965
189577
184730
184146
184347
184345
184240
184166
184112
184117
184039
184100
184264
184368
184408
184431
184489
184527
184553
184574
184609
184687
184709
184217
183353
183165
183357
239278
565934
335720
398840
479641
409689
902295
1.03365e+06
451068
404622
455896
768627
243767
239258
201354
157578
179424
228813
427878
658309
3.50999e+06
8.8718e+06
1.23439e+07
1.29883e+07
4.38043e+07
7.71772e+07
2.9058e+07
183434
1.60363e+07
1.44697e+07
1.75581e+07
1.616e+07
1.79895e+07
2.31178e+07
2.76626e+07
3.52514e+07
4.51867e+07
6.25621e+07
1.06754e+08
3.46081e+08
2.72496e+08
3.40495e+08
194686
183350
183638
184512
186907
193483
208691
236274
244699
183848
342256
3.16696e+08
249286
257147
248988
257567
249387
249676
257599
257674
219375
195958
186200
184222
184242
184381
184290
184193
184105
184156
184047
184065
184176
184325
184393
184415
184461
184511
184541
184563
184588
184642
184720
185185
184876
183169
183166
189880
192245
290017
359439
353033
2.98664e+08
361404
904470
411050
1.28287e+06
700216
493135
427257
301985
333737
352355
226905
224741
163237
205867
194182
303157
454403
1.77156e+06
8.5323e+06
1.07357e+07
7.54475e+06
3.33237e+07
1.44414e+07
1.5818e+07
4.25874e+07
1.25667e+07
1.50841e+07
1.53891e+07
1.9837e+07
2.41076e+07
3.01147e+07
3.61147e+07
4.75026e+07
6.82483e+07
1.31919e+08
4.03569e+06
183615
183448
183530
183951
184199
185431
189389
199703
220418
244836
249355
249707
249430
200423
187483
184268
183988
184148
184088
183977
183933
183957
183924
183899
183963
184089
184139
184129
184128
184170
184202
184224
184246
184285
184358
184404
183165
184659
265672
807816
396667
407435
757370
559116
418286
337960
460559
603505
223631
188354
190856
168112
173686
248829
535706
703899
3.65448e+06
1.16818e+07
5.57214e+06
8.79037e+06
183832
6.87703e+07
183560
183384
183774
184922
188016
196399
214156
184081
184141
184031
183929
183917
183971
183882
183928
184030
184124
184139
184119
184149
184187
184214
184234
184261
184320
184364
183165
183178
206266
837231
477079
396430
318610
419899
296744
248344
242765
159458
183677
218594
363665
497955
3.57307e+06
7.18854e+06
9.34459e+06
5.3433e+06
2.52173e+07
212207
183987
227020
183179
1.76205e+06
385915
655305
227886
203946
191308
183317
253314
186074
241027
240469
243510
242186
199512
183184
184054
183280
186715
203632
183568
183377
183165
183180
183177
183129
183372
182900
183418
182899
183474
183080
183212
183176
183174
183176
183176
183176
183178
183189
183187
183165
183165
183165
184458
185348
183896
312576
259326
184562
263621
264619
191413
194952
188669
4.37946e+07
226929
257234
270499
680226
237571
296164
298699
407596
412330
285548
164139
199116
160870
175777
190539
162867
173697
502936
2.10681e+06
5.5315e+06
9.37649e+06
4.68127e+06
4.22609e+06
9.35559e+06
3.61354e+07
211285
204965
9.83631e+06
1.0265e+07
3.25475e+07
9.31436e+06
8.53253e+06
8.89906e+06
183497
183585
185890
183364
183425
213272
188608
184777
185278
184107
184409
195422
183310
183333
212916
190734
193006
183184
183178
202623
207653
243985
1.05506e+07
1.15087e+07
1.62057e+07
1.94877e+07
2.06776e+07
1.80724e+07
1.51507e+07
4.01983e+07
8.40677e+06
2.90787e+07
195127
191562
241638
234691
233395
223247
228193
235063
183219
213462
1.10577e+07
1.13237e+07
1.06751e+07
235379
183413
183353
242012
234902
1.39323e+06
205870
182930
182872
183224
183202
206475
364521
198882
226594
183179
183166
183025
183456
183181
183051
183109
183039
183234
183179
183175
183175
183175
183176
183177
183182
183195
183182
183232
9.84531e+06
183087
187008
247804
183183
268925
183166
183176
183349
183170
219725
220923
508715
466361
431266
400943
259878
244491
188051
214042
166017
184950
162661
184416
162728
304444
247001
1.05649e+06
4.08645e+06
7.38408e+06
1.06915e+07
3.07143e+06
6.01617e+06
183172
183171
9.27424e+06
240351
218633
183479
212369
183186
241616
233915
234531
183901
182892
183724
187745
232978
189200
1.27547e+07
1.04775e+07
1.71373e+07
1.90561e+07
1.90954e+07
6.54092e+06
1.13255e+07
183175
7.17841e+06
8.0003e+06
5.14076e+06
183186
7.76576e+06
186776
183601
4.8772e+06
1.05604e+07
6.51787e+06
3.26218e+06
686662
191406
156676
196867
173307
152645
230334
183177
177254
188697
299743
183180
183182
183174
183172
183172
183172
183171
183173
183181
183199
183341
183171
183173
183176
183173
183234
183224
183081
183152
183175
183253
183000
183356
173635
171615
191383
196230
159798
189248
204858
391984
168746
258915
1.42128e+06
7.50684e+06
198235
256232
184688
185043
183163
182426
216885
225835
185888
183011
182386
182072
181290
183205
183524
171458
183170
181687
182162
184587
183165
183417
183165
183248
183183
8.74189e+06
183165
182412
183206
183165
183165
183506
183449
183165
183165
146687
863754
183165
4.10728e+06
183165
183166
8.64794e+06
183124
183085
235295
190095
213613
180328
182554
185140
183818
192083
191264
183286
183178
183536
183341
183251
166735
161920
171265
182960
183523
877859
187813
155249
148880
234528
247505
183165
183165
180871
179843
196697
165303
184267
179818
180921
6.61638e+06
448041
569956
183165
183165
1.54943e+06
2.41187e+06
3.10225e+06
183165
183165
204238
170836
168673
196948
8.62343e+06
185826
183319
217105
226467
210692
185901
184973
1.18059e+07
184206
184550
183779
183970
209871
224491
183166
183164
205239
200972
211193
487186
1.43147e+06
194092
188328
1.38306e+07
9.42949e+06
621124
186267
185582
187277
229167
285920
202657
211836
213760
183165
183165
183165
8.86261e+06
1.14758e+07
1.53412e+07
7.55415e+06
191657
189911
194181
183305
183382
182513
182021
4.49178e+06
3.38938e+06
5.02508e+06
193809
180756
4.70567e+06
5.31108e+06
228011
1.03002e+06
183165
183459
226926
350211
183165
183165
228163
221690
220996
181576
183155
183160
181489
182781
183165
184156
182468
197279
183283
183238
9.26952e+06
183166
182288
183165
1.05024e+06
175873
185184
185241
183145
175844
183183
183173
183903
185241
185523
206728
183416
189571
189435
168512
172509
148744
179625
144063
172007
164437
180766
176104
6.72293e+06
205735
1.85942e+06
2.35472e+06
2.1246e+06
183165
3.35585e+06
198918
194593
3.66138e+06
7.92895e+06
8.05678e+06
183814
184335
183510
7.33292e+06
7.13486e+06
6.99732e+06
1.04958e+07
183387
183437
1.36831e+07
183169
970210
388383
689118
183336
188412
186481
183165
183165
183165
1.73953e+06
166850
166258
172606
3.32997e+06
183165
183870
183166
183165
212375
183168
204748
153489
169516
188177
223045
248926
183165
183193
182729
184208
217171
182481
173754
219816
183298
181874
183124
186447
210936
179689
302987
188186
189129
181397
215617
187776
176588
183260
183272
180804
181060
188361
186372
183166
182893
186596
183165
183165
3.79059e+06
183165
299924
179186
183165
594916
678790
399779
179112
179912
183165
183165
183242
184048
185313
350034
174899
189304
8.64124e+06
202089
179380
417562
318059
449410
183802
188086
191491
187044
182070
181850
5.97518e+06
245478
223771
183179
183169
197948
183165
183165
173572
150867
167901
195410
164121
183169
165624
163188
9.62563e+06
181597
173883
255735
291049
227527
220685
221250
183245
189735
183794
206710
207506
183154
183145
221073
197797
183172
183175
9.76638e+06
179656
179539
183301
183263
305680
279248
183167
183167
207276
235200
4.50785e+06
229646
161288
160811
177636
183439
183289
155635
166608
182677
182123
183239
183199
3.88812e+06
233794
198171
183334
182435
3.70683e+06
183629
170469
183167
255230
183427
178726
2.18256e+06
183808
242860
214538
184253
180506
183197
164974
185023
190981
183165
189771
215549
4.84016e+06
183433
207149
8.95238e+06
183161
188435
184077
183448
176047
183169
181782
197500
7.60263e+06
6.44197e+06
183036
264776
183165
164204
156645
183165
161083
191914
230599
156136
9.83937e+06
483445
183165
1.14088e+06
181918
191015
198820
183175
6.76883e+06
183473
183319
214928
209537
183997
184267
183165
183165
183165
183088
207462
202740
213789
192120
190081
194906
183165
5.71619e+06
331738
420021
215344
186393
185080
5.85358e+06
4.34426e+06
2.57883e+06
4.38193e+06
186317
187259
200526
183165
183165
183165
175582
697214
176456
187951
182891
1.36853e+06
184640
185084
214514
208613
209053
183281
177693
183519
169898
201086
183758
175121
178798
609598
184707
183683
177922
176669
167863
176978
177215
174736
164210
164512
4.16478e+06
169957
163629
193673
4.94577e+06
183350
183298
183409
183171
218549
183639
181818
189897
160149
183374
418602
183177
5.64783e+06
194459
177676
172588
175246
172242
183169
183180
176032
170598
181618
209234
183168
183166
191385
790252
6.19037e+06
5.22706e+06
6.2081e+06
322522
163670
165474
171175
177528
200704
144189
153693
150559
183161
6.25135e+06
184916
184032
183165
187327
182026
160416
182775
182425
5.55917e+06
183165
183165
211511
223601
188358
177271
153622
155203
183260
182656
190299
217009
178393
183165
183166
218432
246135
209302
192909
208918
265674
250232
183265
185719
191034
194421
188279
183055
182934
183313
183247
170999
170585
192870
193727
184854
185518
2.43444e+06
203735
197671
194748
183256
208818
218338
183172
183169
182090
176369
178757
241133
214693
191116
179710
180625
178138
183199
183174
207214
179706
185704
192232
202075
215919
171346
188190
189886
184700
183798
156629
183337
183262
235632
193934
175527
171984
4.08615e+06
175391
210357
211488
199902
183517
302342
279312
158003
162198
243664
463329
180733
171060
185455
3.39685e+06
194856
273946
298399
310071
2.07465e+06
183659
183865
183151
183135
5.33736e+06
5.88244e+06
189792
176971
183167
838675
1.6838e+06
183176
5.92625e+06
183329
183245
183949
183107
183173
189323
180295
205451
233026
5.13366e+06
205273
3.64987e+06
183165
183165
185243
184346
199016
195277
203640
200117
203965
195791
4.44091e+06
5.18017e+06
187234
183173
202794
183165
187882
184132
184436
183168
178594
190607
163580
187767
184853
173150
186821
183242
183191
152411
183497
185985
150090
183961
204966
183737
173003
176643
183393
183298
185499
186309
177146
147235
163551
183152
183233
151137
183312
179295
184867
167962
3.12886e+06
333256
172694
154038
185008
225940
183905
183557
197681
228110
185182
168005
178510
148689
183592
183478
183320
190363
157564
176252
184180
181631
180168
3.11453e+06
182833
182508
183678
229304
183345
200862
182626
177034
3.8194e+06
2.85575e+06
188943
186683
183388
326966
160508
217984
175437
183565
168353
263045
1.27705e+06
184129
194644
292272
183468
159488
183330
183299
173975
163836
162750
175657
1.78208e+06
4.36354e+06
175764
177468
176222
171450
191812
172406
183224
183489
245158
192643
183777
1.1022e+06
309435
489988
224891
219539
176712
170121
246255
184412
184011
184733
189543
192424
178210
183519
183432
183079
183132
183008
183236
183328
183187
223393
3.3873e+06
3.14367e+06
203776
199246
199251
184759
183345
184315
183803
1.0377e+06
1.01176e+06
183233
183221
194544
183217
184855
183254
176667
190766
197477
183230
3.11028e+06
177887
183223
183209
183210
2.89437e+06
808328
183460
181824
1.78015e+06
731047
1.60758e+06
183342
192459
183394
988253
1.07937e+06
181431
185285
183219
508405
195693
184176
184011
183695
191779
183242
183176
183277
262809
224358
180050
184028
183432
182574
182263
183208
183645
183341
183004
183297
186635
195119
232644
183270
183220
183208
907181
183441
178751
177338
189035
374119
388583
183145
183735
193133
183159
182807
183199
183196
183194
183205
183684
500248
475182
183427
183313
183251
183224
183204
176083
186313
184358
182812
183225
310189
183212
182157
183230
287255
322203
183200
246974
183177
182581
183187
205110
190851
201138
186744
183189
183055
183156
183438
183171
183195
182635
183249
181872
183323
185187
183300
183221
184084
183204
183188
183184
183529
183191
184106
187144
183182
200943
184444
185367
183197
183173
183393
183714
183179
183177
183207
183184
256083
257175
257354
258191
257232
256262
236275
208824
193609
186939
184522
183641
183349
203314
4.26476e+08
2.81643e+08
2.30663e+08
1.72097e+08
9.59495e+07
5.88825e+07
3.86012e+07
2.85867e+07
2.87139e+07
2.83133e+07
2.57899e+07
2.11822e+07
1.97821e+07
2.05044e+07
1.86952e+07
1.03736e+08
1.74107e+07
2.50773e+07
6.213e+07
3.49266e+07
1.56049e+07
6.61462e+06
3.6097e+06
2.03107e+06
954160
328481
187648
216108
144006
227119
189277
303684
426620
328401
271487
279423
283609
335166
209547
215853
369586
471697
186183
183165
183167
184440
184754
184744
184651
184587
184553
184523
184485
184413
184271
184220
184287
184289
184190
184084
184205
184337
184363
184477
184454
184077
183963
185784
195089
217685
247800
244838
3.26006e+08
388128
184223
248459
256795
248631
258102
257590
250185
249273
257719
227985
220510
2.57103e+08
214305
199881
189474
185458
183962
183450
183536
7.18915e+06
183386
2.06123e+08
1.13563e+08
6.5154e+07
4.48209e+07
3.07473e+07
2.42883e+07
2.57802e+07
2.43996e+07
2.19788e+07
1.93548e+07
1.84011e+07
1.73472e+07
4.59184e+07
5.47758e+07
2.28071e+07
1.09148e+07
3.75592e+06
2.33727e+06
1.49858e+06
441168
295501
175937
150917
195292
576139
188188
280537
330706
252422
306256
298959
373857
201922
264592
183778
365529
272695
183203
183165
249875
183182
184375
184698
184367
184705
184612
184569
184538
184507
184457
184350
184216
184257
184300
184250
184124
184116
184300
184344
184412
184508
184299
183909
184430
188961
204798
232634
1.06783e+08
183171
249400
204153
191416
186109
184214
183533
183313
281544
4.60664e+07
5.45371e+07
1.20559e+07
4.51181e+06
3.49493e+06
1.78608e+06
608714
281078
165218
196158
168525
362630
181779
254787
381316
246621
271000
289452
294445
223655
239277
249693
183528
183165
184379
184291
184244
184212
184183
184153
184100
184001
184033
184081
184038
183909
183828
183971
184034
184076
184191
184088
183712
183916
186901
199429
225219
225902
400403
350234
262070
327590
261150
455932
195200
216045
200189
183167
183165
184227
184197
184169
184134
184050
183997
184067
184073
183981
183842
183879
184027
184050
184136
184187
183904
183663
184755
191459
210949
250679
183718
184935
188057
196553
283752
181837
159572
222596
281519
371792
1.15952e+06
2.22136e+06
3.5765e+06
7.26475e+06
1.79547e+07
4.33018e+07
3.62593e+07
2.75011e+07
230807
184263
184332
240520
183578
202959
190851
227119
7.69127e+07
273768
185900
195744
199387
193221
184131
187742
186755
183502
183635
183310
183442
8.94441e+07
246498
184786
185304
184435
1.74062e+07
183173
183368
183430
183333
213223
220205
207996
9.46732e+06
247642
7.84862e+06
4.55735e+06
1.35309e+07
1.07031e+07
7.93312e+06
2.72993e+06
5.81361e+06
6.62802e+06
4.90695e+06
1.17429e+06
3.72535e+06
3.96897e+06
2.56977e+06
529595
1.87448e+06
1.6198e+06
1.28423e+06
200876
825117
675509
162967
403439
479807
228087
140893
179724
165119
168091
144540
151941
164587
136338
144942
187167
202354
195348
178758
151238
170383
163244
182617
255205
251186
232427
210646
308946
187922
261995
316260
185405
183733
183607
350926
183182
183199
183165
183165
183165
183165
183192
183175
239194
231936
183184
183183
183178
183172
183175
183174
183174
183174
183173
183164
183141
183192
183157
183214
183134
183173
183176
183178
183178
183258
184355
191084
210494
244142
208074
150280
241182
6.01726e+07
243990
1.16613e+07
1.57549e+07
2.06705e+07
2.0798e+07
2.11471e+07
1.7821e+07
1.63816e+07
1.5008e+07
1.61384e+07
1.42372e+07
1.68454e+07
1.47097e+07
1.19207e+07
183192
183177
235485
223258
232469
183202
241410
215954
213290
4.36138e+06
1.64078e+06
242443
236423
234672
1.38012e+07
233013
276421
266355
197299
189218
183915
2.90811e+06
136637
914946
225340
218184
183202
183168
189081
4.45759e+06
183174
234326
154805
1.40989e+07
188018
217420
140557
203716
164210
171803
242923
273489
221017
194067
201698
183192
183203
183214
242024
183165
233927
183176
183175
183174
183174
183174
183173
183156
183195
183153
183191
183084
183135
183150
183178
183178
183178
183190
183522
186514
199018
236224
312992
1.99249e+07
2.16029e+07
2.83327e+07
2.50579e+07
9.10632e+06
240542
233353
3.46364e+07
1.92862e+07
1.69957e+07
1.57567e+07
183828
194612
185202
183348
183178
183174
183173
183175
183154
183161
183084
183189
183146
183184
183163
183170
183171
183171
188630
233377
188417
183210
269092
183174
183175
204454
183165
183163
183155
183143
183172
183165
183171
183155
183170
184007
284085
180674
178996
211757
158753
173020
258749
201067
183185
183171
183171
183171
183171
183172
183171
212047
183166
290631
206773
396753
186282
1.17627e+07
226787
164407
172808
183540
180454
223695
6.69927e+06
183198
183360
231387
183161
183808
326147
1.88708e+07
170108
188439
187316
1.31635e+07
1.38427e+07
1.12344e+07
450671
194631
162676
344734
252272
839674
394750
582293
391197
338784
450740
186510
155488
183165
188252
156332
204035
211385
444289
449017
224644
215846
219321
202921
201699
887426
2.24219e+07
185944
183488
201559
183165
183165
328131
295387
183165
183165
183165
183165
183165
183165
183165
183165
183663
186211
183165
183163
183160
193040
235913
168992
183012
183457
183022
183292
182596
183376
183519
183131
203444
209868
183156
183162
183163
811377
1.07645e+06
194182
190777
198529
183336
183204
183248
185129
186384
183137
183129
183166
183165
183165
183165
1.01801e+06
5.82779e+06
4.20789e+06
2.10011e+07
183165
183165
226369
217534
172033
166688
1.06809e+07
7.77359e+06
183797
184303
1.41886e+07
1.5648e+07
199558
215967
171915
168527
169292
158029
486999
230416
192366
211775
227657
220579
228720
221820
183166
1.28477e+07
277622
197690
205643
211918
201748
183500
173935
184260
184017
184994
185587
184614
211099
185467
183657
6.02811e+06
7.15044e+06
182282
166301
192030
194889
190143
183303
183287
152965
1.72986e+07
1.75743e+07
368021
1.64991e+06
3.33389e+06
1.56363e+06
669126
502498
851800
855612
690283
1.95419e+07
314289
1.03514e+07
223879
196479
873164
228453
221350
183167
183165
221986
183457
183389
169269
183165
183032
183086
2.04227e+07
441323
434565
241371
397703
183165
183165
183165
183165
230961
222050
245203
183168
183173
183165
183164
183146
183342
182850
183644
182517
183487
182902
183138
1.50105e+07
183148
183158
183162
183161
183165
183183
884644
1.61937e+07
183141
183084
185754
208568
183330
182887
182912
183643
183346
183103
183586
183485
182502
183063
183164
183165
183165
183155
182800
183530
183008
183115
182595
182816
183165
301308
173184
176395
228421
178765
171598
163519
172420
183172
4.56622e+06
183844
170388
169589
182705
182661
186513
1.01191e+06
183160
184608
3.30858e+06
180201
183182
188049
180049
177631
8.52174e+06
202479
183555
1.14829e+07
183169
154859
219956
286523
165653
183165
183165
183165
183166
183165
283418
183456
169249
159334
182808
183165
183173
221591
225194
1.00863e+07
9.66327e+06
156584
232629
277475
183187
183196
182569
182469
182294
4.07776e+06
182645
184221
183390
181548
181430
184442
181994
183262
1.24418e+07
183067
222220
237915
183236
183310
186211
182967
182969
183165
183165
214705
183165
183165
234327
1.28757e+07
176251
163465
184094
183901
1.0543e+07
170127
172379
169687
6.41262e+06
184194
184970
190803
218589
223082
176383
154309
164439
162953
156863
166095
183165
183165
1.19218e+06
414292
1.34328e+06
183138
183146
182558
182734
5.3946e+06
2.72223e+06
186249
185729
215310
183165
183165
183165
6.99817e+06
199101
183267
3.69039e+06
208162
214622
203712
181586
1.03243e+07
184086
1.16117e+07
163098
231375
1.11847e+06
183077
183113
187580
188928
187606
180053
196194
185725
192977
196026
190945
185072
182717
316518
251782
183171
183723
183339
239802
167981
191601
174143
233652
183114
8.3488e+06
193081
183165
9.92869e+06
599552
607958
166185
183200
182962
175040
213310
183357
183467
183271
184115
183165
183165
183165
156249
196866
208664
183165
183165
182850
173693
190874
184360
181887
183112
208639
181771
185064
185137
180721
182742
183183
183268
182822
195321
183165
184546
187975
190538
183419
1.13776e+07
183848
183685
198234
183466
183397
206740
183323
185228
183179
182798
209862
208503
182911
184747
182332
209363
191150
228903
182003
186727
180992
181851
1.59242e+06
165888
205929
199635
4.41287e+06
4.4793e+06
3.05397e+06
184296
184634
184067
185081
183174
182470
943795
311954
177379
182534
180883
189380
182262
185504
179861
185050
180783
183165
7.18747e+06
416651
333358
4.48701e+06
2.91867e+06
7.8492e+06
2.99832e+06
183482
198394
193095
203042
185866
183088
161783
183724
202474
180786
212989
233823
183177
186327
169932
183166
8.96592e+06
5.46651e+06
5.8997e+06
2.83437e+06
162074
198551
183167
183194
255952
440098
263065
206152
197974
180654
186093
184737
185149
182020
181941
184704
183134
183028
183029
181059
180728
7.75649e+06
7.63193e+06
6.8675e+06
186820
187478
185065
186217
181424
182389
182308
182280
6.35682e+06
6.08701e+06
262592
180751
171683
190598
183313
183458
197413
203476
242491
183167
183209
183220
183383
182328
196468
182267
184703
183102
185603
183302
183273
203089
172439
182462
168088
161524
196533
194627
183168
183170
181959
181646
181727
180495
184624
185582
193662
189253
538543
194784
1.0688e+06
1.07055e+06
173406
165337
202610
184669
198285
183137
183189
181493
182422
182822
183212
994781
183169
159830
184219
182881
164354
196434
183165
186548
185685
186111
183264
193148
204259
198927
199721
480694
184099
184555
179844
189994
184811
394681
175814
182158
183166
183240
183184
184279
245807
159648
178873
186863
219112
208131
453877
236131
194928
183196
183254
183791
183343
185323
205344
192307
206931
170175
183205
184206
185018
179833
183649
155840
198678
183621
183250
183241
482359
176472
396929
183165
183637
183743
183786
188424
186320
191018
183165
196149
183117
184664
183498
183412
245317
405433
185373
204900
189177
191072
187773
179471
182312
184575
181240
183355
224628
216963
187754
198786
194879
191656
171021
183772
166421
184615
310629
309191
245476
246295
209943
183305
183273
183109
184098
183242
192278
193693
944505
183183
183144
183201
219252
178054
232364
187559
196014
179431
163358
184121
188859
160576
199260
179476
197751
188073
220413
185779
183549
158219
195825
186936
182868
182596
182968
180402
172430
183912
198677
183368
180981
181732
217663
185941
197757
164953
167276
183434
183684
170572
222572
185022
3.91352e+06
192213
232837
168439
172080
186971
164213
178694
177154
234510
179846
184976
183364
229230
185680
178893
178971
183668
209102
422332
174319
802617
813253
173106
183847
180623
179854
190921
184953
184454
179552
183306
183633
184883
185201
191470
252553
255396
183351
5.4423e+06
183231
2.44544e+06
2.9777e+06
1.06349e+06
326754
186059
5.4311e+06
183229
183306
183239
183362
186458
185602
188306
188412
183282
187140
5.70432e+06
5.29561e+06
183243
183227
189652
181168
183523
186179
331189
180305
183569
204852
184481
183929
185567
210108
183344
3.48423e+06
183638
247142
3.47275e+06
183403
3.02844e+06
183391
624836
639842
187219
179028
183233
184146
183846
2.85474e+06
304503
183206
181425
183495
186432
189135
183215
184014
183547
202434
183408
183125
203738
183332
183214
179515
183237
183220
183264
201599
182136
183296
183340
183285
201803
180828
181207
183263
183210
817066
916812
186048
368404
179741
610675
185216
186161
184612
183416
182158
180591
182957
183276
245200
246968
262022
185951
180441
184845
183060
182715
183233
183250
183217
183377
182944
184309
182695
181660
182855
183238
183273
183221
186709
188964
289217
182095
183149
183040
183183
183837
183312
183224
183473
183297
183634
183188
183203
183236
183901
183206
179876
183412
183573
183544
183205
183221
183205
183221
183207
187914
185895
183285
182959
183927
232802
183211
182690
183128
182908
183220
183204
183249
183205
182702
183206
182083
183220
183920
184309
189142
183233
183207
187121
185168
188109
183273
225678
183224
183342
183242
183261
183309
183231
183299
184161
)
;

boundaryField
{
    bullet
    {
        Cmu             0.09;
        kappa           0.41;
        E               9.8;
        type            epsilonWallFunction;
        value           nonuniform List<scalar> 
30
(
3.38744e+08
5.85742e+08
6.74015e+08
4.57817e+08
3.11274e+08
2.21228e+08
1.74724e+08
1.50331e+08
1.03371e+08
6.67473e+07
4.95011e+07
6.43651e+07
6.5337e+07
3.02847e+07
3.40105e+07
1.02108e+08
3.60209e+08
5.409e+07
5.48471e+07
6.75797e+07
7.6082e+07
8.20534e+07
1.03859e+08
1.1202e+08
1.6658e+08
2.50576e+08
3.46349e+08
4.76604e+08
4.59726e+08
3.61322e+08
)
;
    }
    topWall
    {
        type            inletOutlet;
        inletValue      uniform 266000;
        value           nonuniform List<scalar> 
50
(
247655
266000
266000
266000
266000
266000
266000
266000
266000
266000
266000
266000
266000
266000
266000
266000
266000
266000
266000
266000
266000
266000
266000
266000
266000
266000
266000
266000
266000
266000
266000
266000
266000
224065
228416
233196
238601
245573
258078
266000
266000
266000
266000
266000
266000
266000
266000
266000
266000
266000
)
;
    }
    bottomWall
    {
        type            inletOutlet;
        inletValue      uniform 266000;
        value           nonuniform List<scalar> 
50
(
210350
209940
212580
215231
217939
220960
224456
228567
233164
238766
245023
256338
266000
266000
266000
266000
266000
266000
266000
266000
266000
266000
266000
266000
266000
247625
231433
217906
208046
266000
266000
266000
266000
266000
266000
266000
266000
266000
266000
266000
266000
266000
266000
266000
224266
220060
222117
225899
232500
248519
)
;
    }
    inlet
    {
        type            fixedValue;
        value           uniform 266000;
    }
    outlet
    {
        type            inletOutlet;
        inletValue      uniform 266000;
        value           nonuniform List<scalar> 
30
(
369586
471697
272695
186183
183203
183165
183165
183167
183182
184440
260218
250678
242989
237011
232632
260228
250708
243038
237077
232713
184217
183353
183169
183165
183166
183357
189880
239278
290017
565934
)
;
    }
    defaultFaces
    {
        type            empty;
    }
}


// ************************************************************************* //
