/*--------------------------------*- C++ -*----------------------------------*\
  =========                 |
  \\      /  F ield         | OpenFOAM: The Open Source CFD Toolbox
   \\    /   O peration     | Website:  https://openfoam.org
    \\  /    A nd           | Version:  6
     \\/     M anipulation  |
\*---------------------------------------------------------------------------*/
FoamFile
{
    version     2.0;
    format      ascii;
    class       volScalarField;
    location    "0.0008";
    object      k;
}
// * * * * * * * * * * * * * * * * * * * * * * * * * * * * * * * * * * * * * //

dimensions      [0 2 -2 0 0 0 0];

internalField   nonuniform List<scalar> 
3704
(
963.088
929.581
900.789
879.371
949.729
968.172
974.304
977.664
980.085
982.242
984.031
985.218
985.801
986.045
986.222
986.407
986.609
986.178
985.094
915.079
906.067
910.032
917.582
931.406
967.927
884.617
883.724
889.49
895.32
901.376
908.162
915.94
924.867
934.554
946.023
958.618
981.693
989.665
989.794
989.803
989.809
989.813
989.813
989.809
989.795
989.774
989.77
989.794
989.734
989.898
963.153
929.667
900.823
879.307
893.074
917.362
930.118
938.467
944.941
950.935
955.985
959.356
961.02
961.72
962.229
962.765
963.35
962.125
959.089
911.367
903.996
907.133
912.449
920.367
924.213
881.497
882.925
888.726
894.491
900.47
907.164
914.82
923.564
932.951
943.756
954.955
969.983
972.352
972.468
972.49
972.508
972.516
972.517
972.502
972.459
972.395
972.381
972.457
972.268
972.782
963.289
929.843
900.889
879.191
872.731
885.765
897.86
907.932
916.74
925.427
932.939
938.004
940.514
941.574
942.349
943.172
944.073
942.228
937.737
905.847
900.374
902.171
904.095
904.56
895.358
877.973
881.44
887.214
892.845
898.674
905.189
912.614
921.026
929.891
939.603
948.653
956.834
957.887
957.991
958.021
958.047
958.058
958.056
958.028
957.95
957.84
957.819
957.955
957.61
958.538
963.507
930.113
900.985
879.02
867.052
869.572
877.757
887.141
896.64
906.7
915.642
921.736
924.767
926.045
926.986
927.996
929.113
926.896
921.58
899.945
895.962
896.438
895.252
890.344
879.815
874.802
879.338
884.974
890.405
896.015
902.275
909.382
917.368
925.616
934.159
941.15
945.449
946.059
946.151
946.185
946.217
946.227
946.219
946.172
946.054
945.889
945.866
946.075
945.529
946.988
963.824
930.486
901.105
878.791
865.329
862.628
867.559
875.614
884.826
895.108
904.426
910.821
914.009
915.347
916.332
917.409
918.621
916.321
910.81
894.579
891.456
891.137
888.233
881.028
872.216
871.843
876.646
882.039
887.206
892.533
898.471
905.195
912.712
920.369
927.996
933.644
936.257
936.682
936.764
936.796
936.832
936.836
936.818
936.746
936.576
936.348
936.331
936.634
935.817
937.986
4027.75
9297.54
2628.43
2678.14
3049.52
3344.21
3444.77
4018.77
4268.44
5562.54
7307.92
9072.66
11212.7
10910.9
8404.18
6422.8
11138
2363.8
2685.36
3526.14
4333.9
5079.61
5913.53
6640.27
8860.33
11045.9
14246.2
17900.9
24893.8
18244.3
7982.48
8515.07
2874.92
2810
3968.71
4303.59
5975.38
7212.28
7661.52
9446.64
11718.8
14605.3
19357.4
32271.7
24062.7
8476.09
9939.81
2934.82
2685.12
3873.04
4347.77
6114.67
6914.05
7545.38
9214.15
10984.8
13417.3
18436
37393.1
28907.5
8657.55
9493.52
2917.58
2677.66
3590.64
4167.62
5902.07
6542.93
7171.23
8660.17
9955.12
12116
17047.6
40356.2
33374.7
8053.11
12848.3
14152.3
10940.1
8456.04
6713.38
5745.29
5197.85
4048.54
3038.79
2477.88
2957.71
2979.95
1799.7
1898.22
17519.8
24605.6
22537.7
16648.2
12465.7
9906.98
7711.9
6079.08
4329.81
3960.61
3189.65
3153.96
2830.4
2042.84
2940.9
23355.4
29951.8
24361.8
17277
13131.8
10168.1
8458.31
6614.14
4967.95
5207.13
3769.52
3281.78
3339.33
2686.39
3929.17
28272.5
32689.5
24237.5
16842.9
12551.6
9832.74
8175.8
6724.83
5445.13
5458.25
4285.09
3669.38
3396.56
2959.53
4310.4
32813.5
33444.5
24005.7
16331.6
11932.8
9457.07
7730.92
6618.19
5450.48
5278.85
4433.35
3871.34
3224.15
2825.63
2975.98
989.921
989.767
989.798
989.759
989.771
989.801
989.82
989.825
989.823
989.816
989.752
985.401
959.617
945.52
934.429
924.466
915.309
917.849
975.863
981.095
983.187
984.536
985.493
986.216
986.737
987.141
987.496
987.859
988.268
988.69
988.998
989.107
989.069
988.982
988.908
988.862
988.787
988.579
988.139
987.45
986.628
985.896
985.342
984.815
984.253
983.709
983.489
983.639
983.085
963.166
972.852
972.368
972.469
972.348
972.385
972.477
972.535
972.552
972.548
972.53
972.45
971.015
955.796
943.331
932.848
923.178
914.1
908.569
937.37
948.402
953.759
957.453
960.151
962.217
963.715
964.879
965.9
966.943
968.113
969.324
970.201
970.512
970.402
970.15
969.935
969.797
969.58
968.984
967.727
965.761
963.413
961.318
959.733
958.228
956.637
955.142
954.7
955.779
957.698
963.222
958.654
957.787
957.978
957.76
957.818
957.979
958.082
958.115
958.112
958.086
958.007
957.169
949.274
939.301
929.825
920.667
911.831
904.688
913.259
923.285
930.015
935.235
939.236
942.358
944.64
946.419
947.978
949.571
951.356
953.205
954.543
955.019
954.846
954.453
954.112
953.894
953.557
952.647
950.73
947.737
944.16
940.97
938.563
936.299
933.958
931.894
931.744
934.83
942.347
963.349
947.148
945.797
946.115
945.776
945.851
946.09
946.248
946.301
946.302
946.271
946.201
945.675
941.588
933.98
925.587
917.039
908.577
900.876
900.028
906.107
912.661
918.537
923.282
927.058
929.836
932.007
933.91
935.856
938.039
940.306
941.946
942.531
942.311
941.812
941.372
941.089
940.667
939.549
937.207
933.55
929.181
925.289
922.373
919.675
916.991
914.878
915.546
921.194
934.846
963.56
938.186
936.198
936.701
936.204
936.285
936.615
936.841
936.922
936.933
936.9
936.838
936.467
933.979
927.896
920.365
912.41
904.405
896.773
892.697
895.834
901.709
907.607
912.54
916.515
919.448
921.742
923.75
925.813
928.131
930.552
932.305
932.933
932.684
932.122
931.614
931.284
930.82
929.624
927.134
923.248
918.607
914.483
911.432
908.691
906.134
904.53
906.383
914.29
932.104
963.875
980.592
983.46
982.845
983.458
982.71
980.23
938.76
874.621
838.498
827.755
826.57
827.237
827.241
826.934
826.707
826.496
826.51
826.243
826.406
826.911
827.24
827.391
827.483
827.671
827.781
827.853
827.909
828.011
828.246
828.312
826.754
824.045
823.416
824.019
978.445
1582.86
1111.2
1218.31
1293.66
1162.08
1822.38
2141.23
1257.43
1209.47
1371.66
2001.31
925.411
941.71
857.091
725.62
774.419
802.933
846.495
878.604
1872.9
3024.88
3634.31
3183.32
6105.44
8509.11
4561.11
824.269
2689.55
2653.86
3206.66
3594.04
4531.09
5457.49
6085.82
7304.23
8408.06
10640.8
15753.3
40157.2
44687.1
49006.8
839.505
823.86
824.513
826.521
831.982
846.829
880.562
939.606
957.035
825.643
1128.15
48147.8
966.536
982.385
965.933
983.233
966.75
967.342
983.299
983.437
903.723
852.619
831.007
826.658
826.904
827.346
827.078
826.796
826.501
826.63
826.286
826.305
826.637
827.101
827.328
827.426
827.582
827.736
827.819
827.878
827.95
828.11
828.346
828.657
828.813
823.431
823.419
844.227
844.352
1098.12
1161.39
1147.57
37249.7
1160.82
2034.02
1160.1
2284.82
1563.45
1316.39
1231.83
1001.74
1128.73
1163.33
893.227
906.014
746.502
863.221
789.517
813.752
804.948
1374.81
3312.8
3004.28
2484.49
5080.39
2875.78
2874.59
4914.03
2470.28
3402.36
3995.45
5004.49
5642.89
6622.06
7412.18
8547.66
11063.8
17795.5
1861.81
824.695
824.077
824.265
825.233
825.802
828.621
837.607
860.723
906.012
957.347
966.685
967.407
966.831
862.425
833.777
826.611
826.088
826.604
826.414
826.081
825.946
826.004
825.897
825.813
826.01
826.404
826.573
826.567
826.577
826.707
826.797
826.86
826.92
827.038
827.259
827.401
823.416
828.091
1038.5
1902.44
1130.67
1149.9
1612.65
1417.5
1195.84
1075.62
1396.13
1683.7
880.888
799.99
831.068
755.119
758.179
800.576
845.997
801.091
1865.8
3315.94
2113.01
2447.31
825.557
12980
824.049
823.928
824.827
827.458
834.498
853.357
892.484
826.396
826.581
826.242
825.938
825.886
826.046
825.762
825.901
826.219
826.517
826.586
826.547
826.644
826.757
826.832
826.887
826.967
827.144
827.276
823.416
823.457
894.124
1810.13
1294.17
1178.23
1052.58
1318.52
1048.31
962.728
971.27
734.017
796.884
829.851
820.466
758.095
1851.97
2799.33
2762.44
1996.65
4100.3
888.219
826.006
920.061
823.47
2876.55
1112.09
1616.02
921.955
870.121
841.936
823.794
858.956
830.086
949.567
948.392
954.607
951.977
860.303
823.484
826.265
823.708
831.56
854.742
824.373
823.927
823.416
823.481
823.469
823.317
824.073
822.602
824.218
822.596
824.394
823.165
823.577
823.465
823.459
823.463
823.464
823.464
823.473
823.508
823.504
823.416
823.416
823.416
826.413
828.442
825.121
1032.63
1006.14
827.782
1026.34
950.389
842.186
850.126
835.985
8771.67
919.96
928.64
949.962
1578.2
916.376
1054.15
1049.8
1272.96
1255.42
1010.48
756.406
868.343
746.354
788.035
836.818
753.67
757.876
851.628
1363.35
2360.44
3292.81
2045.38
1932.24
2658.67
4838.64
886.247
872.375
2813.08
2570.31
6859.23
2483.87
2375.96
2648.68
824.189
824.44
829.676
823.883
824.022
857.74
833.282
827.132
828.277
825.594
826.287
851.195
823.782
823.819
889.819
840.659
845.769
823.489
823.468
867.223
878.304
955.59
3237.95
3769.46
5054.47
5767.49
6072
5138.15
3840.27
8031.69
2610.43
6347.68
843.429
828.209
950.839
936.437
933.693
878.773
895.356
937.107
823.609
882.779
2895.91
2922.25
2772.47
937.767
824.202
824.015
951.615
936.88
1356.88
871.452
822.691
822.514
823.572
823.528
884.017
1115.71
858.91
919.245
823.479
823.436
822.993
824.339
823.474
823.073
823.254
823.037
823.646
823.475
823.46
823.459
823.462
823.466
823.468
823.485
823.53
823.487
823.648
2769.31
823.181
835.429
1014.4
823.474
1073.71
823.419
823.464
823.994
823.446
904.553
882.233
1443.86
1351.65
1244.99
1239.24
950.701
882.765
829.674
913.837
763.842
819.467
746.445
820.251
749.046
796.209
802.119
1002.27
1996.89
2814.51
3439.67
1615.73
2172.78
823.448
823.446
3015.56
948.148
902.191
824.31
874.623
823.486
950.793
934.799
936.098
825.12
822.571
824.714
833.896
932.813
837.189
4308.57
3566.21
5338.1
5873.28
6625.28
2358.51
3350.9
823.461
2811.56
2970.84
2285.99
823.498
2970.09
831.692
824.429
2071.34
3560.48
2604.46
1756.08
910.26
771.725
733.103
857.433
780.616
719.057
958.966
823.464
802.091
832.557
1024.46
823.476
823.482
823.455
823.449
823.449
823.448
823.446
823.45
823.477
823.533
823.978
823.446
823.452
823.461
823.45
823.642
823.611
823.162
823.388
823.461
823.701
822.91
824.02
777.523
781.145
837.923
852.387
743.343
839.114
844.012
1281.29
771.857
945.991
1138.84
2476.02
863.463
1012.24
828.157
829.269
823.41
821.101
898.472
917.681
831.921
822.935
820.975
819.989
817.547
823.512
824.255
779.149
823.434
818.795
820.277
827.845
823.416
824.204
823.416
823.677
823.473
3124.49
823.417
821.064
823.543
823.416
823.416
824.483
824.307
823.416
823.416
704.859
1554.14
823.418
2262.35
823.418
823.419
2677.05
823.288
823.166
978.213
845.056
914.592
814.529
821.493
829.566
825.45
847.05
843.862
823.796
823.458
824.578
823.826
823.618
770.396
754.879
783.353
819.307
817.285
990.492
836.214
732.852
712.265
959.223
991.45
823.417
823.416
814.235
810.607
860.317
760.454
793.57
808.592
811.7
2465.85
867.429
891.988
823.419
823.418
1221.69
1525.87
2030.88
823.416
823.416
870.797
776.961
775.154
854.624
2721.82
831.704
823.904
898.941
919.034
884.983
829.868
827.586
4271.12
825.826
826.615
824.842
825.283
895.559
934.443
823.418
823.414
873.029
863.574
886.085
991.919
1366.79
840.239
835.23
5130.43
3444.78
1230.79
830.544
828.977
832.838
800.101
828.552
879.826
908.824
908.867
823.417
823.417
823.416
4333.95
5369.06
6696.53
3931.3
842.753
838.805
848.42
823.753
823.924
821.374
819.828
2633.01
2189.61
2830.06
834.935
803.593
2102.35
2249.32
922.342
1649.74
823.417
824.334
920.026
1020.8
823.416
823.416
922.667
908.896
907.395
818.443
823.386
823.402
818.178
822.211
823.416
826.499
821.24
798.973
823.711
823.638
3403.04
823.419
820.681
823.416
1045.49
786.475
828.059
829.88
823.355
799.551
823.459
823.435
819.16
825.464
821.973
869.576
824.207
840.528
835.647
774.509
787.753
711.612
809.375
695.951
785.196
758.602
810.235
796.642
2460.19
867.143
1337.14
1694.27
1561.01
823.416
1784.26
858.998
849.333
1860.77
2712.95
2944.32
824.917
826.114
824.217
2391.48
2388.73
2499.44
3927.34
824.05
824.202
5230.06
823.431
1244.48
1011.02
1074.82
823.818
835.403
831.016
823.416
823.416
823.416
1380.86
765.756
764.791
787.321
1946.68
823.416
825.611
823.419
823.416
886.908
823.423
873.189
727.021
774.343
835.219
890.289
997.661
823.416
823.504
822.067
826.676
917.084
821.25
777.287
904.84
823.73
819.31
823.287
833.378
897.98
812.512
1107.14
838.948
841.869
817.873
897.746
818.379
787.629
823.655
823.672
816.005
816.802
839.571
833.429
823.421
822.577
834.111
823.416
823.416
2186.13
823.416
811.258
808.758
823.413
976.241
1910.61
1329.55
810.688
813.184
823.418
823.416
823.612
826.114
819.931
1194.16
792.306
830.714
3588.49
869.962
800.957
878.714
819.21
898.701
825.386
838.709
849.189
835.433
820.004
819.335
2384.69
997.233
935.63
823.449
823.426
844.591
823.416
823.416
787.422
717.251
773.005
858.275
761.076
823.429
765.753
757.992
4073.12
812.067
788.414
1011.61
1110.49
921.309
906.725
907.946
823.595
843.748
824.88
867.221
870.7
823.383
823.353
904.432
841.248
823.439
823.45
4433.4
812.403
812.017
823.847
823.735
1161.26
1089.63
823.424
823.423
879.704
964.135
2144.22
802.195
751.374
750.159
802.651
824.248
823.763
723.179
759.744
821.886
820.139
823.589
823.496
1963.12
956.481
857.369
823.813
821.095
2128.98
824.498
775.377
823.424
991.222
824.238
809.479
1794.5
825.455
798.902
887.956
825.931
815.056
823.517
751.747
803.564
792.633
823.416
836.33
895.619
2229.32
824.044
872.917
3916.81
823.403
835.479
826.195
824.078
800.998
823.43
819.132
858.792
3320.56
2459.98
823.013
1049.45
823.416
757.954
734.501
823.416
749.407
844.297
908.623
734.094
4507.12
1162.07
823.416
1289.52
817.07
841.287
858.819
823.448
2878.27
824.132
823.777
894.265
882.532
825.348
825.969
823.416
823.416
823.416
823.175
877.95
867.512
891.773
843.805
839.196
850.055
823.416
3398.5
1197.42
1420.22
888.687
830.829
827.829
3353.57
2652.07
1963.92
2626.92
830.662
832.8
794.987
823.416
823.416
823.418
799.515
1044.68
802.261
836.574
822.554
1415.57
826.826
827.845
893.362
880.495
881.467
823.69
806.168
824.243
779.78
878.238
824.791
798.047
809.531
1299.28
828.226
825.035
806.909
802.925
759.404
803.904
804.632
796.738
747.802
748.398
2322.14
767.877
746.812
854.512
2329.76
823.85
823.729
823.988
823.436
923.265
824.519
819.186
838.84
746.921
823.907
947.596
823.454
2895.95
800.164
806.046
790.009
798.412
788.886
823.43
823.464
800.903
783.584
817.525
902.414
823.425
823.422
848.608
1155.17
2512.21
2379.17
2491.95
1210.06
749.591
754.752
785.366
805.428
877.289
689.27
718.664
707.876
823.399
3226.54
828.795
826.145
823.416
835.215
806.831
741.959
822.192
821.078
3110.23
823.416
823.417
907.324
945.363
839.368
804.659
723.463
730.044
823.706
821.666
845.304
922.417
807.928
823.417
823.42
913.511
1005.99
896.914
853.389
881.155
1050.24
1006.37
805.993
806.257
841.354
848.981
835.119
823.072
822.687
823.873
823.697
784.854
783.528
853.195
855.472
828.552
830.55
2059.6
869.74
867.954
858.459
823.635
900.326
929.325
823.438
823.429
818.35
801.635
808.251
989.085
911.809
839.367
812.564
815.43
807.585
823.492
823.433
880.986
812.467
829.259
844.061
881.086
896.42
784.664
834.922
838.756
828.138
824.883
732.609
823.934
823.687
963.025
856.118
795.306
786.625
2260.49
798.764
884.34
907.29
874.505
824.238
1138.82
1092.05
740.645
754.661
995.825
975.971
815.531
782.919
828.836
2250.74
859.498
847.647
869.67
1055.63
1911.49
824.567
825.045
823.371
823.323
3052.34
3117.92
842.781
797.966
823.423
1167.94
1564.34
823.452
2628
823.798
823.602
825.634
823.233
823.442
840.898
814.199
819.964
828.113
2403.69
873.148
2385.14
823.416
823.418
828.199
826.143
859.264
850.892
869.514
861.73
870.238
852.057
2425.22
2738.54
835.756
823.443
883.523
823.416
837.864
825.657
826.359
823.427
808.772
843.858
758.608
833.961
827.314
791.515
831.805
823.607
823.495
723.388
824.187
829.906
716.022
825.907
865.877
825.121
790.868
802.683
824.133
823.819
828.792
830.637
802.785
706.08
757.78
823.363
823.632
718.659
823.881
804.468
823.77
774.547
2151.21
1233.14
790.139
725.831
824.138
948.125
825.757
824.649
864.991
954.355
828.066
772.204
808.787
709.484
824.411
824.426
823.905
843.847
739.786
800.895
826.621
818.604
813.995
2216.03
822.376
821.349
825.03
952.17
823.985
873.858
815.869
798.088
2444.11
2110.76
836.625
831.488
824.117
1217.76
750.055
924.673
795.1
824.631
772.212
1046.51
1546.98
826.521
850.616
892.986
824.396
746.076
823.94
823.831
793.941
759.892
756.02
799.421
1593.49
2421.29
799.904
805.455
800.815
786.184
843.115
789.098
823.567
824.168
966.773
850.767
824.841
1448.07
904.011
1000.61
842.517
844.231
801.91
781.881
839.146
826.302
825.377
827.035
837.983
844.498
807.805
824.546
824.042
823.144
823.307
822.92
823.573
823.796
823.454
936.292
2246.08
2198.53
869.817
859.779
859.789
828.424
823.838
826.073
824.893
1251.1
1236.61
823.58
823.568
849.243
823.543
827.315
823.627
795.01
825.97
826.397
823.62
2120.25
806.789
823.587
823.542
823.539
2049.6
1316.55
824.103
819.206
1671.51
1260.83
1583.96
824.005
823.56
820.42
1275.16
1346.53
817.931
828.294
823.545
1011.37
851.827
825.754
825.378
824.646
843.037
823.599
823.425
823.68
1013.48
924.497
813.588
826.227
824.284
821.565
820.581
823.524
824.533
823.829
822.91
823.723
831.378
831.888
864.08
823.663
823.589
823.545
1209.64
824.059
808.615
804.339
836.831
979.014
1000.94
823.343
820.213
819.619
823.392
822.293
823.503
823.494
823.494
823.514
824.622
1168.61
1145.84
824.027
823.762
823.617
823.546
823.534
800.731
833.314
827.227
822.313
823.606
981.827
823.527
820.036
823.57
1069.22
1000.03
823.495
885.891
823.438
821.336
823.476
864.075
847.157
874.602
834.649
823.478
823.073
823.383
824.271
823.432
823.487
821.76
823.678
819.37
823.931
829.908
823.849
823.591
826.331
823.51
823.482
823.466
824.588
823.479
826.354
835.72
823.458
854.226
825.494
827.898
823.495
823.435
824.144
825.192
823.449
823.447
823.548
823.474
980.204
982.442
982.803
984.493
982.557
980.592
939.609
880.853
847.108
832.049
826.542
824.518
823.856
842.148
58465.9
45687.9
32036.4
24164.9
15460.1
10486
7883.03
6210.17
5505.25
4896.85
4665.48
4146.88
3343.48
2849.83
2901.9
9346.78
3067.87
3873.85
8533.56
6189.31
3892.36
2647.97
1917.17
1367.79
997.471
755.338
767.142
889.997
658.68
879.618
791.429
1073.52
1305.18
1109.05
972.993
976.707
1006.64
1120.76
852.178
856.934
1217.87
1529.06
832.785
823.416
823.424
827.469
828.444
828.418
828.134
827.945
827.846
827.759
827.644
827.413
826.971
826.82
827.034
827.063
826.788
826.479
826.863
827.257
827.329
827.677
827.606
826.45
825.979
830.071
850.78
900.221
963.474
957.35
50040.9
1323.55
826.815
964.843
981.671
965.199
984.313
983.279
968.385
966.517
983.531
922.168
906.212
37519.2
892.81
861.116
837.794
828.68
825.257
824.079
824.421
2371.13
823.931
26383.4
17226.8
11196.2
8747.87
6716.04
5522.14
5168.23
4531.07
4358.15
3720.94
3036.48
2655.1
6669.49
8216.92
4840.39
3272.15
1946.47
1452.46
1186.11
736.347
876.66
763.789
684.726
806.434
1656.95
790.139
990.862
1088.11
935.44
1045.67
1036.65
1210.97
830.521
993.692
824.834
1236.11
1072.09
823.535
823.416
967.748
823.484
827.308
828.273
827.279
828.297
828.017
827.891
827.801
827.711
827.552
827.217
826.803
826.937
827.086
826.959
826.592
826.586
827.149
827.273
827.479
827.771
827.133
825.914
827.027
837.168
872.188
932.045
18823
823.439
966.771
870.577
842.175
830.162
825.833
824.269
823.778
876.504
5998.15
8086.63
3406.84
2219.91
1887.34
1289.12
829.941
765.666
728.632
827.385
733.856
1204.1
778.073
937.606
1198.04
923.395
970.341
1006.33
1031.74
883.127
934.699
952.765
824.557
823.416
827.321
827.055
826.912
826.82
826.736
826.647
826.482
826.165
826.251
826.394
826.274
825.889
825.655
826.114
826.307
826.43
826.783
826.465
825.274
825.617
832.35
860.245
916.348
886.96
1262.05
1146.27
960.446
1093.13
960.202
1406.65
818.22
857.014
875.646
823.422
823.416
826.865
826.777
826.693
826.586
826.321
826.146
826.35
826.375
826.106
825.689
825.825
826.289
826.356
826.614
826.769
825.892
825.058
827.524
842.538
885.567
969.396
823.899
827.485
834.586
853.697
1006.59
759.281
711.458
903.101
943.209
732.454
1062.83
1417.46
1892.45
2723.36
4230.4
7090
5957.76
5353.28
943.621
826.971
827.179
948.51
824.377
867.968
840.921
920.369
14098.2
1056.3
829.696
851.915
860.036
846.251
825.65
833.888
831.642
824.2
824.889
823.779
824.202
14515.7
856.818
827.151
828.334
826.345
3569.31
823.448
823.892
824.033
823.818
890.49
905.59
879.061
2757.5
995.126
3035.88
2407.18
3570.69
3500.65
2990.35
1871.18
2662.67
2825.6
2454.89
1131.41
2205.46
2251.77
1775.87
906.05
1450.96
1402.97
1197.49
783.767
983.453
951.386
746.664
994.945
971.872
802.016
681.83
778.923
747.883
768.161
693.048
718.957
746.688
666.12
694.503
807.227
853.822
849.197
796.258
699.948
760.947
754.578
811.64
994.106
990.446
936.827
888.347
1162.89
830.118
1050.82
1195.28
830.423
824.734
824.441
1219.83
823.486
823.548
823.416
823.416
823.416
823.416
823.521
823.462
945.737
930.607
823.497
823.489
823.47
823.448
823.46
823.458
823.459
823.457
823.453
823.429
823.356
823.513
823.404
823.581
823.332
823.455
823.465
823.472
823.466
823.645
826.174
841.45
884.56
956.028
879.406
710.992
949.871
11418.1
955.6
3428.93
5419.22
4977.21
4784.97
4619
4131.54
3507.49
2960.23
2964.07
2947.96
3322.76
4110.78
3712.43
823.52
823.466
937.992
924.825
931.73
823.55
950.365
909.191
897.723
1791.88
1219.6
952.512
940.075
936.393
3904.37
957.07
999.681
1004.68
857.554
837.227
825.151
1554.02
667.639
1003.76
916.635
920.614
823.534
823.426
833.41
1874.03
823.454
959.135
715.683
3512.17
786.371
899.625
677.875
861.657
758.06
774.634
973.701
1004.9
906.415
846.916
872.289
823.517
823.554
823.589
951.641
823.416
934.822
823.465
823.462
823.459
823.458
823.458
823.455
823.402
823.524
823.394
823.511
823.175
823.334
823.383
823.473
823.473
823.471
823.488
824.257
831.102
859.227
939.655
1162.94
4789.21
5218.98
7645.35
6015.88
3876.42
948.549
933.605
7469.27
4492.82
3983.01
3362.86
824.961
849.38
828.109
823.851
823.458
823.456
823.455
823.459
823.391
823.413
823.17
823.5
823.367
823.487
823.421
823.443
823.444
823.444
831.975
961.771
835.42
823.53
987.917
823.453
823.46
871.277
823.428
823.419
823.396
823.357
823.447
823.427
823.447
823.397
823.441
817.68
1052.84
782.799
800.456
883.875
740.602
778.537
1005.32
863.166
823.491
823.444
823.445
823.444
823.446
823.447
823.445
892.987
823.419
1000.35
869.654
1203.18
830.577
3574.91
919.728
758.664
787.56
824.289
807.457
937.011
2714.7
823.519
823.969
878.17
823.404
824.909
854.339
4912.33
777.731
835.48
832.926
3452.65
3447.21
3374.03
874.593
811.733
744.226
1218.64
974.13
2076.18
1239.27
1613.59
1223.8
1088.77
1223.66
824.939
724.389
823.419
835.035
713.978
850.315
897.271
1234.83
1229.99
915.131
896.209
903.766
871.113
868.189
1018.76
5663.81
829.948
824.362
840.733
823.416
823.416
1145.73
944.811
823.419
823.417
823.416
823.417
823.416
823.416
823.416
823.416
818.695
825.402
823.415
823.412
823.402
846.108
968.821
772.513
822.938
824.328
822.971
823.813
821.638
824.075
824.519
823.309
869.04
883.174
823.39
823.409
823.409
1821.7
2249.09
848.403
840.744
858.121
823.813
823.509
823.61
827.929
830.792
823.329
823.305
823.421
823.418
823.416
823.416
1785.93
3183.91
2719.31
5328.03
823.417
823.416
918.827
899.884
773.544
764.348
3571.91
2946.71
824.879
826.039
3641.8
4151.48
804.719
845.026
785.097
774.349
775.368
738.99
1282.09
882.999
840.021
873.325
921.588
906.49
923.863
909.176
823.419
3428.1
966.725
856.286
873.925
887.676
865.301
824.192
767.848
825.95
825.39
827.633
828.986
826.76
893.807
826.833
824.56
2588.35
2989.93
767.398
767.062
843.594
850.011
839.331
823.747
823.721
707.835
4641.59
4594.24
874.166
1388.41
1967
1315.14
972.623
904.704
1051.82
1038.9
989.151
5069.84
1074.07
3419.45
791.982
783.633
2127.46
923.296
908.162
823.423
823.416
881.686
824.098
823.939
773.136
823.416
823.001
823.172
5280.7
1258.7
1228.91
920.626
1184.45
823.416
823.416
823.416
823.416
902.807
885.974
799.66
823.424
823.436
823.416
823.415
823.357
823.972
822.433
824.91
821.391
824.42
822.595
823.332
4040.19
823.362
823.396
823.408
823.405
823.416
823.46
1671.59
4377.78
823.339
823.163
831.443
899.72
823.934
822.548
822.627
824.906
823.979
823.22
824.73
824.414
821.344
823.098
823.413
823.416
823.416
823.384
822.277
824.555
822.921
823.261
821.635
822.322
823.416
1051.56
790.495
795.193
953.371
808.474
771.705
760.026
788.584
823.44
2300.82
825.53
781.809
779.33
821.975
821.836
831.108
1073.39
823.401
827.911
1895.65
789.184
823.459
769.216
778.029
803.639
3009.72
840.775
824.327
3573.2
823.43
730.925
870.783
1068.5
767.117
823.416
823.416
823.416
823.42
823.416
1058.91
824.093
776.975
745.505
822.301
823.417
823.442
932.322
944.123
3109.46
3071.61
737.766
966.444
1094.94
823.485
823.514
821.552
821.236
820.693
2616.49
821.791
826.71
824.118
818.357
817.993
827.388
819.751
823.715
3648.19
823.11
928.209
977.264
823.584
823.756
830.41
822.797
822.801
823.416
823.416
893.783
823.416
823.416
805.267
3787.1
794.623
756.095
826.314
825.711
3494.72
780.458
786.169
779.799
2599.38
825.795
827.575
844.19
868.735
881.429
801.362
730.3
763.166
758.471
737.107
767.256
823.416
823.416
2084.85
1290.13
2153.98
823.333
823.356
821.516
822.065
2509.01
1664.34
832.294
831.076
895.103
823.416
823.416
823.416
2695.62
859.448
823.674
2395.5
879.496
893.595
869.672
806.014
3226.13
826.289
3531.23
758.148
930.302
1108.69
823.14
823.253
836.033
836.598
833.59
811.974
857.91
829.306
845.739
852.57
841.151
827.817
791.961
847.865
819.164
823.431
824.711
823.825
985.393
774.683
763.11
792.73
968.981
823.257
2892.17
819.804
823.416
3317.71
928.338
931.345
768.289
823.503
822.782
797.056
890.726
821.999
824.331
823.705
826.176
823.416
823.416
823.416
721.763
862.708
880.615
823.417
823.416
822.434
788.441
841.882
821.157
819.422
823.251
869.086
819.053
829.336
829.555
815.765
822.087
823.473
823.732
822.342
845.96
823.416
827.712
834.423
840.225
824.2
3549.41
825.005
824.626
827.902
824.12
823.959
876.352
823.911
829.864
823.46
822.273
898.491
880.251
822.627
828.342
820.806
882.146
842.202
927.519
819.772
834.505
816.601
819.287
1925.99
768.168
892.821
873.957
2144.24
2130.9
1741.55
826.036
826.81
825.507
829.652
823.445
821.241
1109.27
1165.57
794.612
821.416
816.226
842.604
820.582
830.683
813.066
827.769
815.944
823.416
2619.3
873.273
857.23
2105.94
1688.08
2742.16
1644.81
824.412
870.237
854.118
868.184
831.257
823.175
754.928
824.712
866.918
806.348
895.12
960.387
823.456
832.794
781.115
823.415
3040.33
2272.05
2354.45
1551.29
755.814
858.223
823.424
823.507
1036.47
1480.49
1051.97
880.126
859.366
783.373
832.528
828.296
829.609
819.822
819.568
828.191
823.267
822.988
822.992
816.801
815.767
2713.07
2727.02
2513.51
834.775
836.795
829.345
832.907
817.976
820.986
820.72
820.64
2561.55
2482.76
1035.05
806.117
786.57
845.965
823.764
824.097
855.663
870.59
979.675
823.424
823.557
823.591
824.136
820.381
864.3
820.602
828.209
823.227
831.023
823.741
823.673
868.3
789.157
820.622
775.133
754.057
864.561
858.755
823.426
823.434
819.632
818.646
818.899
812.666
827.976
830.97
847.263
836.338
1527.47
849.787
1640.42
1604.45
792.169
766.412
800.655
787.031
857.631
823.328
823.495
818.235
821.088
822.344
823.565
1136.35
823.431
748.507
825.86
822.528
763.237
864.266
823.389
831.192
829.218
832.603
823.695
846.129
870.889
859.069
860.837
904.065
826.27
826.629
813.039
843.983
828.498
849.659
788.367
805.327
823.419
823.595
823.463
826.891
983.9
747.955
805.761
835
930.685
897.155
1509.87
981.318
859.263
823.514
823.691
825.342
823.835
830.15
888.985
849.512
894.47
781.857
823.517
825.821
827.683
811.827
824.936
735.513
866.614
824.479
823.623
823.609
897.354
801.629
1284.87
823.416
824.922
825.271
825.381
835.445
830.658
841.317
823.416
852.849
823.271
828.097
824.194
823.996
971.623
907.795
830.078
888.732
837.166
841.441
833.974
811.82
820.744
827.481
817.376
823.999
947.936
918.169
836.574
870.32
850
849.674
783.862
824.83
769.844
827.822
837.763
832.79
828.292
825.508
811.256
823.746
823.671
823.239
825.572
823.604
844.166
847.331
1128.68
823.463
823.345
823.505
932.314
807.212
968.995
836.871
861.646
811.379
759.872
825.635
840.854
750.986
871.151
811.425
868.155
837.611
922.103
830.567
824.708
743.453
862.017
835.148
822.487
821.634
822.801
813.613
789.087
825.151
870.756
822.22
816.562
818.906
926.911
832.058
866.659
765.316
772.714
824.043
824.619
783.418
935.264
828.478
1983.58
851.437
971.755
775.705
787.538
834.688
762.239
809.258
803.98
976.63
811.474
828.693
824.031
959.932
831.859
809.919
810.132
824.589
901.657
957.885
795.46
1446.57
1427.5
791.609
825.001
815.429
810.741
841.099
827.55
826.401
811.569
823.748
825.002
827.373
830.12
849.159
836.495
826.655
823.853
2234.3
823.603
1470.64
1626.79
1213.06
1145.48
830.063
2200.27
823.584
823.858
823.634
824.037
830.99
829.03
835.174
835.427
823.691
832.532
2296.78
2196.61
823.604
823.568
838.227
817.031
824.251
832.668
962.088
814.442
824.356
889.586
826.454
825.184
828.941
905.154
823.985
1845.69
824.52
974.133
1794.96
823.975
1720.2
823.943
1312.77
1309.45
832.714
805.671
823.585
825.691
824.999
1603.02
1100.25
823.525
811.755
824.187
833.696
841.821
823.544
806.319
824.661
810.765
823.986
823.29
835.402
823.809
823.549
811.957
823.634
823.574
823.722
808.018
820.193
823.726
823.828
823.699
821.072
809.467
817.149
823.649
823.532
1207.97
1261.67
810.01
1028.53
812.024
1259.86
828.147
830.299
826.758
824.208
819.286
806.72
822.766
823.677
967.766
967.584
1008.24
831.666
814.337
827.296
823.088
822.007
823.578
823.618
823.544
823.912
822.726
826.064
821.942
818.691
822.448
823.59
823.75
823.552
834.433
841.129
1064.23
820.096
823.362
823.025
823.464
825.553
823.763
823.591
824.135
823.728
824.509
823.483
823.522
823.587
825.124
823.52
813.045
823.993
824.368
824.613
823.519
823.552
823.527
823.584
823.537
837.951
831.748
823.792
822.773
825.835
938.756
823.544
821.954
823.3
822.615
823.55
823.519
823.616
823.519
821.973
823.531
820.015
823.583
825.797
827.057
841.459
823.631
823.566
835.541
829.723
838.384
823.759
923.414
823.596
823.83
823.654
823.643
823.875
823.62
823.844
826.591
)
;

boundaryField
{
    bullet
    {
        type            kqRWallFunction;
        value           nonuniform List<scalar> 
30
(
8053.11
12848.3
14152.3
10940.1
8456.04
6713.38
5745.29
5197.85
4048.54
3038.79
2477.88
2957.71
2979.95
1799.7
1898.22
4027.75
9297.54
2628.43
2678.14
3049.52
3344.21
3444.77
4018.77
4268.44
5562.54
7307.92
9072.66
11212.7
10910.9
8404.18
)
;
    }
    topWall
    {
        type            inletOutlet;
        inletValue      uniform 1000;
        value           nonuniform List<scalar> 
50
(
963.166
1000
1000
1000
1000
1000
1000
1000
1000
1000
1000
1000
1000
1000
1000
1000
1000
1000
1000
1000
1000
1000
1000
1000
1000
1000
1000
1000
1000
1000
1000
1000
1000
915.309
924.466
934.429
945.52
959.617
985.401
1000
1000
1000
1000
1000
1000
1000
1000
1000
1000
1000
)
;
    }
    bottomWall
    {
        type            inletOutlet;
        inletValue      uniform 1000;
        value           nonuniform List<scalar> 
50
(
884.617
883.724
889.49
895.32
901.376
908.162
915.94
924.867
934.554
946.023
958.618
981.693
1000
1000
1000
1000
1000
1000
1000
1000
1000
1000
1000
1000
1000
963.088
929.581
900.789
879.371
1000
1000
1000
1000
1000
1000
1000
1000
1000
1000
1000
1000
1000
1000
1000
915.079
906.067
910.032
917.582
931.406
967.927
)
;
    }
    inlet
    {
        type            fixedValue;
        value           uniform 1000;
    }
    outlet
    {
        type            inletOutlet;
        inletValue      uniform 1000;
        value           nonuniform List<scalar> 
30
(
1217.87
1529.06
1072.09
832.785
823.535
823.416
823.416
823.424
823.484
827.469
989.898
972.782
958.538
946.988
937.986
989.921
972.852
958.654
947.148
938.186
826.754
824.045
823.431
823.416
823.419
824.019
844.227
978.445
1098.12
1582.86
)
;
    }
    defaultFaces
    {
        type            empty;
    }
}


// ************************************************************************* //
