/*--------------------------------*- C++ -*----------------------------------*\
  =========                 |
  \\      /  F ield         | OpenFOAM: The Open Source CFD Toolbox
   \\    /   O peration     | Website:  https://openfoam.org
    \\  /    A nd           | Version:  6
     \\/     M anipulation  |
\*---------------------------------------------------------------------------*/
FoamFile
{
    version     2.0;
    format      ascii;
    class       volScalarField;
    location    "0.0008";
    object      nut;
}
// * * * * * * * * * * * * * * * * * * * * * * * * * * * * * * * * * * * * * //

dimensions      [0 2 -1 0 0 0 0];

internalField   nonuniform List<scalar> 
3704
(
0.337117
0.33604
0.335135
0.334525
0.340869
0.339605
0.339184
0.339051
0.33902
0.339015
0.339012
0.339016
0.339041
0.339084
0.339129
0.339169
0.339198
0.33919
0.339155
0.336044
0.335754
0.335564
0.335442
0.335813
0.339288
0.334818
0.334796
0.334966
0.335192
0.335521
0.335935
0.336391
0.336812
0.337124
0.337344
0.337541
0.338361
0.338936
0.33893
0.338924
0.33892
0.338915
0.338911
0.338906
0.3389
0.338892
0.338889
0.338892
0.338876
0.338911
0.337122
0.336044
0.335133
0.334518
0.339159
0.340658
0.340554
0.340418
0.340375
0.340332
0.340273
0.34025
0.340313
0.34044
0.340574
0.340688
0.340764
0.340753
0.340658
0.336839
0.336326
0.336328
0.336533
0.337536
0.340478
0.335093
0.33479
0.334944
0.33517
0.335503
0.335932
0.336418
0.336901
0.337321
0.337729
0.338196
0.339564
0.33982
0.339804
0.339787
0.339774
0.339761
0.339748
0.339733
0.339714
0.339693
0.339684
0.339693
0.339645
0.339748
0.337133
0.336051
0.33513
0.334508
0.336116
0.339285
0.340452
0.340984
0.341282
0.341362
0.341309
0.341283
0.341393
0.341608
0.341824
0.342001
0.342113
0.342097
0.341885
0.337823
0.337199
0.337505
0.338062
0.339054
0.339267
0.335049
0.334748
0.334896
0.335121
0.335461
0.335908
0.336439
0.337019
0.337606
0.338298
0.339093
0.340314
0.34042
0.340394
0.340367
0.340346
0.340325
0.340305
0.340281
0.34025
0.340216
0.340203
0.340219
0.340139
0.340309
0.337147
0.33606
0.335125
0.334495
0.334677
0.337097
0.339131
0.340549
0.341433
0.341804
0.341855
0.341872
0.342042
0.342334
0.342616
0.342837
0.342973
0.342946
0.342567
0.338568
0.337977
0.338562
0.33927
0.339441
0.337442
0.334844
0.334675
0.334822
0.335042
0.33538
0.335837
0.336403
0.337066
0.337804
0.338748
0.339748
0.340607
0.340664
0.340629
0.340595
0.340569
0.340542
0.340516
0.340485
0.340445
0.340401
0.340386
0.340409
0.3403
0.340536
0.337162
0.336069
0.33512
0.33448
0.334265
0.335705
0.337884
0.339791
0.341076
0.341674
0.341821
0.341881
0.342088
0.342418
0.342727
0.342967
0.343111
0.343078
0.342589
0.338804
0.338292
0.339022
0.339716
0.339126
0.336292
0.334662
0.334582
0.334722
0.334928
0.335252
0.335696
0.33626
0.336947
0.337748
0.338803
0.339852
0.340462
0.340495
0.340457
0.34042
0.340391
0.340362
0.340333
0.340298
0.340252
0.340202
0.340188
0.340219
0.340084
0.340381
0.0142991
0.0215985
0.0114952
0.0117694
0.0123848
0.0132296
0.0130156
0.0139954
0.014638
0.0167173
0.0191819
0.0213894
0.0237413
0.0233057
0.0175929
0.0408562
0.070631
0.016728
0.0155971
0.023039
0.0412795
0.0560057
0.0550651
0.05234
0.0668103
0.0817797
0.12578
0.154073
0.185418
0.145678
0.0607174
0.0717657
0.023205
0.0202796
0.0308438
0.0490476
0.0788311
0.0848001
0.0828327
0.098096
0.130373
0.176423
0.217848
0.304153
0.27231
0.0771701
0.0814294
0.0272944
0.0248163
0.0347446
0.0571115
0.0912099
0.0958581
0.0991629
0.121855
0.156686
0.186327
0.230703
0.374935
0.372517
0.0802806
0.0766727
0.0301759
0.0290093
0.0375948
0.0604521
0.0977433
0.103555
0.109062
0.134476
0.158521
0.179869
0.224152
0.411006
0.450211
0.0172305
0.0253646
0.0267442
0.0235285
0.0206744
0.0183352
0.0170026
0.0161749
0.0142705
0.0124512
0.0111632
0.0122321
0.0122321
0.00962545
0.00953503
0.136233
0.183427
0.186385
0.14511
0.0949422
0.081681
0.0580016
0.0351613
0.0274705
0.0287803
0.0239837
0.0214115
0.015532
0.015037
0.0283069
0.259268
0.302383
0.277877
0.214211
0.165167
0.122273
0.0981593
0.0550559
0.042803
0.0461897
0.0365703
0.029701
0.0215981
0.0223243
0.0431205
0.362428
0.36806
0.307071
0.235553
0.187279
0.146917
0.113001
0.0699623
0.0554436
0.0557766
0.0484449
0.0383536
0.025752
0.0277446
0.0500255
0.445463
0.396888
0.310763
0.236098
0.187603
0.155376
0.121092
0.0807495
0.0626267
0.061251
0.0556409
0.0444985
0.0287845
0.0297751
0.037092
0.338914
0.338881
0.338892
0.338885
0.338889
0.338897
0.338905
0.33891
0.338914
0.338918
0.338924
0.338624
0.337487
0.337219
0.336988
0.336742
0.336515
0.337411
0.339689
0.33914
0.33901
0.338995
0.33903
0.339083
0.339139
0.339189
0.339226
0.339242
0.339227
0.339185
0.339141
0.33912
0.339117
0.339118
0.339111
0.339097
0.339087
0.339104
0.339156
0.339234
0.339305
0.339334
0.339313
0.339268
0.339203
0.339119
0.339042
0.339041
0.339248
0.33713
0.339757
0.339659
0.339691
0.33967
0.339681
0.339707
0.339729
0.339745
0.339757
0.339769
0.339781
0.339676
0.338152
0.337575
0.337169
0.336821
0.336546
0.336698
0.340673
0.340374
0.340173
0.340174
0.34028
0.340426
0.340575
0.340708
0.340801
0.340829
0.340764
0.340618
0.340472
0.340402
0.340396
0.340404
0.340386
0.340343
0.340319
0.340377
0.340556
0.340825
0.341089
0.341219
0.341189
0.341081
0.340905
0.340647
0.340325
0.340017
0.339687
0.337135
0.340324
0.340163
0.340216
0.340181
0.340198
0.340239
0.340275
0.340299
0.34032
0.340338
0.340355
0.340275
0.339041
0.338101
0.33743
0.336922
0.336563
0.336578
0.339542
0.34057
0.340832
0.341069
0.341317
0.341565
0.341794
0.341987
0.342113
0.342134
0.342002
0.341744
0.341495
0.341378
0.341371
0.341387
0.341361
0.341297
0.341262
0.341366
0.341678
0.342151
0.34263
0.342894
0.342886
0.342743
0.342469
0.341999
0.341251
0.340197
0.338748
0.337144
0.340557
0.340332
0.340407
0.340357
0.340377
0.340431
0.340477
0.340509
0.340535
0.340558
0.340579
0.340515
0.339669
0.338515
0.337608
0.336953
0.336517
0.336383
0.337966
0.339847
0.340831
0.341464
0.341908
0.342262
0.342551
0.342782
0.34292
0.342924
0.342733
0.342384
0.342054
0.341902
0.341894
0.341917
0.341887
0.341807
0.341768
0.341909
0.342326
0.342963
0.343622
0.344006
0.344031
0.343873
0.343517
0.342832
0.341602
0.339733
0.337561
0.337156
0.340408
0.340123
0.340218
0.340155
0.340174
0.340237
0.340291
0.340327
0.340355
0.34038
0.340404
0.340356
0.33975
0.338555
0.337543
0.336828
0.336365
0.336154
0.336968
0.338991
0.340432
0.341346
0.341921
0.342333
0.342646
0.342886
0.343021
0.343008
0.342785
0.342393
0.342025
0.341858
0.34185
0.341876
0.341843
0.341757
0.341716
0.341875
0.34234
0.343055
0.343801
0.344248
0.344298
0.344141
0.34375
0.342953
0.341456
0.339162
0.336866
0.337171
0.337703
0.337807
0.33779
0.337813
0.337785
0.337676
0.336222
0.334264
0.333782
0.333817
0.333917
0.334092
0.334099
0.334042
0.333992
0.33392
0.333922
0.333847
0.333869
0.333979
0.334057
0.334106
0.334139
0.334185
0.334205
0.334216
0.334224
0.334243
0.334291
0.334304
0.333938
0.333315
0.33315
0.333289
0.36009
0.398439
0.331016
0.334933
0.314026
0.296663
0.33126
0.399204
0.315477
0.325374
0.371426
0.46898
0.316182
0.333588
0.328349
0.300723
0.300824
0.253584
0.15072
0.105536
0.0899423
0.0928214
0.0963015
0.0702184
0.0765879
0.0844347
0.0644344
0.333351
0.0405972
0.0438065
0.0527074
0.0719393
0.102714
0.115953
0.1205
0.136212
0.140807
0.162885
0.209219
0.419365
0.65955
0.634812
0.325802
0.333172
0.333177
0.333216
0.333308
0.333573
0.334395
0.336294
0.336872
0.33371
0.334675
0.658799
0.337273
0.337772
0.337254
0.337805
0.337285
0.337308
0.337807
0.337805
0.335063
0.333879
0.33379
0.333851
0.334013
0.334118
0.334067
0.334016
0.333937
0.333948
0.333867
0.333851
0.333919
0.334022
0.334083
0.334121
0.334164
0.334198
0.334211
0.334219
0.334231
0.334262
0.334312
0.333723
0.334407
0.333155
0.33315
0.337818
0.33376
0.37421
0.337731
0.335726
0.418125
0.335566
0.411678
0.294674
0.366239
0.31418
0.316262
0.319636
0.299064
0.343571
0.345674
0.316462
0.328723
0.307245
0.325762
0.288906
0.196589
0.128333
0.0960221
0.115762
0.0756645
0.0736332
0.0697082
0.0515398
0.0470156
0.0510312
0.0437033
0.069069
0.0933599
0.113628
0.118876
0.131054
0.136915
0.138427
0.161422
0.216051
0.077303
0.333366
0.333168
0.333172
0.333192
0.333202
0.333252
0.333402
0.333875
0.33517
0.336903
0.337283
0.33731
0.337284
0.333993
0.333719
0.33373
0.333815
0.333941
0.333898
0.33383
0.333799
0.333803
0.333776
0.333753
0.333797
0.333887
0.333933
0.333947
0.333956
0.333985
0.334
0.33401
0.33402
0.334043
0.33409
0.334121
0.33315
0.334216
0.365352
0.403231
0.290058
0.29208
0.309039
0.323435
0.307692
0.308102
0.380898
0.422758
0.312285
0.3058
0.325694
0.305262
0.297865
0.231818
0.120241
0.0820534
0.0857328
0.0847122
0.0721148
0.0613217
0.333668
0.220492
0.332944
0.333165
0.333183
0.333231
0.333349
0.333705
0.334744
0.333894
0.333935
0.333862
0.333801
0.333781
0.333811
0.333744
0.333773
0.333845
0.333915
0.333943
0.333947
0.333972
0.333994
0.334006
0.334015
0.334029
0.334065
0.334092
0.33315
0.333159
0.348827
0.352222
0.315961
0.315162
0.312963
0.372622
0.333306
0.335889
0.349733
0.304094
0.311155
0.283533
0.166595
0.103872
0.0863908
0.0981094
0.0734969
0.0671485
0.0600034
0.334598
0.333751
0.335593
0.333167
0.422637
0.288423
0.358668
0.335695
0.334107
0.333478
0.333179
0.262135
0.333276
0.336688
0.336635
0.336802
0.33678
0.33387
0.33317
0.333838
0.333177
0.333312
0.322898
0.33319
0.333176
0.33315
0.333174
0.333171
0.333135
0.333305
0.332973
0.333338
0.332971
0.333378
0.3331
0.333194
0.333168
0.333167
0.333168
0.333168
0.333168
0.333171
0.33318
0.333181
0.33315
0.33315
0.33315
0.333227
0.333257
0.3332
0.30703
0.351329
0.334143
0.359617
0.307202
0.333492
0.333642
0.333381
0.15812
0.335654
0.301723
0.300254
0.329544
0.318124
0.337689
0.332065
0.357802
0.344014
0.321824
0.313719
0.340815
0.311643
0.317959
0.330765
0.313886
0.297609
0.129786
0.0794016
0.0906533
0.104072
0.0804319
0.0795108
0.0679986
0.0583117
0.334567
0.334171
0.072406
0.0579233
0.130099
0.0596137
0.0595448
0.0709508
0.333171
0.333214
0.333275
0.333165
0.333167
0.310471
0.331335
0.33323
0.333249
0.333201
0.333214
0.333677
0.333181
0.33317
0.334686
0.333468
0.333561
0.333174
0.333168
0.334053
0.334344
0.33684
0.0894346
0.111116
0.141881
0.153623
0.160475
0.131474
0.0876061
0.144427
0.072952
0.124709
0.328112
0.322265
0.336737
0.336281
0.33617
0.311322
0.316177
0.33623
0.333206
0.328568
0.0682571
0.0678716
0.0648047
0.336252
0.333334
0.333293
0.336766
0.336298
0.118933
0.331998
0.332991
0.332952
0.333169
0.333173
0.34064
0.307341
0.333843
0.335627
0.333174
0.333163
0.333061
0.333366
0.333167
0.333079
0.333119
0.333071
0.33321
0.333171
0.333167
0.333167
0.333168
0.333169
0.333169
0.333174
0.333186
0.333176
0.333215
0.0701063
0.333102
0.335893
0.373725
0.333163
0.385818
0.33315
0.333168
0.333282
0.333164
0.335143
0.31708
0.368825
0.352574
0.323464
0.344722
0.313012
0.28686
0.329444
0.351141
0.316297
0.326777
0.308286
0.328351
0.31031
0.187409
0.234434
0.085575
0.087822
0.0965497
0.0995949
0.0764964
0.0706243
0.333162
0.333162
0.0882472
0.336628
0.335061
0.333302
0.324185
0.333168
0.336735
0.336218
0.336268
0.333191
0.332963
0.333183
0.333348
0.336137
0.333402
0.13099
0.109244
0.149649
0.162918
0.206882
0.0765383
0.0892295
0.333167
0.0991083
0.0992877
0.0914878
0.333177
0.102234
0.333308
0.333176
0.0791728
0.108038
0.0936638
0.0850794
0.1086
0.280035
0.308724
0.336101
0.316447
0.30485
0.359327
0.333167
0.326659
0.330602
0.315128
0.333171
0.333172
0.333165
0.333163
0.333163
0.333162
0.333162
0.333163
0.33317
0.333181
0.333283
0.333162
0.333163
0.333166
0.333163
0.333207
0.3332
0.333097
0.33315
0.333167
0.33322
0.33304
0.33329
0.313351
0.320002
0.330177
0.333234
0.311207
0.334853
0.312959
0.376937
0.317748
0.311071
0.082128
0.0735011
0.338493
0.359894
0.334218
0.334473
0.333148
0.332621
0.334983
0.33561
0.335086
0.33304
0.332591
0.332365
0.331814
0.333153
0.333174
0.318659
0.333154
0.332101
0.332435
0.334149
0.33315
0.333328
0.33315
0.33321
0.333164
0.100507
0.33315
0.332616
0.333177
0.33315
0.33315
0.333392
0.333353
0.33315
0.33315
0.304829
0.251671
0.33315
0.112152
0.33315
0.33315
0.0745832
0.33312
0.333092
0.366012
0.338098
0.352428
0.331124
0.332704
0.334537
0.333607
0.33618
0.335082
0.333236
0.333159
0.333415
0.333161
0.333156
0.320363
0.316736
0.32247
0.330202
0.327565
0.100582
0.335082
0.311349
0.306682
0.353091
0.357438
0.33315
0.33315
0.329893
0.32883
0.338659
0.314853
0.307585
0.327242
0.327751
0.0827095
0.151144
0.125637
0.333151
0.33315
0.0866948
0.0868813
0.119656
0.33315
0.33315
0.334149
0.318025
0.320606
0.333766
0.077318
0.335022
0.333264
0.334993
0.335661
0.334552
0.33341
0.333243
0.139068
0.333209
0.333223
0.333188
0.333196
0.343936
0.350065
0.33315
0.333149
0.334225
0.333969
0.33459
0.181761
0.117453
0.327372
0.333379
0.171281
0.11326
0.219499
0.333297
0.333266
0.333333
0.251409
0.216092
0.343776
0.350915
0.34779
0.33315
0.33315
0.33315
0.190743
0.226077
0.263078
0.184132
0.333518
0.333439
0.333624
0.333167
0.333166
0.332684
0.332328
0.138908
0.127308
0.143446
0.323723
0.32153
0.0845337
0.0857357
0.335793
0.237809
0.33315
0.333358
0.335705
0.267791
0.33315
0.33315
0.335805
0.335371
0.335313
0.332017
0.333143
0.333146
0.331962
0.332872
0.33315
0.333843
0.332657
0.291223
0.333172
0.333195
0.11244
0.33315
0.332531
0.33315
0.0936678
0.316528
0.333244
0.334607
0.333136
0.327195
0.333151
0.333151
0.328391
0.331056
0.327763
0.329199
0.333333
0.335409
0.331762
0.320379
0.323751
0.306401
0.328228
0.302586
0.32259
0.31497
0.326849
0.324339
0.0810251
0.32894
0.08654
0.109716
0.103224
0.33315
0.0853803
0.33385
0.333634
0.0851107
0.0835431
0.0968394
0.333185
0.333208
0.33317
0.0701939
0.0719768
0.080352
0.132259
0.333258
0.33329
0.179917
0.333153
0.143666
0.236866
0.150877
0.333163
0.33337
0.333294
0.33315
0.33315
0.33315
0.0986529
0.316298
0.316625
0.323215
0.102421
0.33315
0.333643
0.33315
0.33315
0.333347
0.33315
0.335149
0.309926
0.318345
0.333639
0.319825
0.359864
0.33315
0.333171
0.33285
0.333891
0.348545
0.332642
0.312946
0.335218
0.333161
0.332176
0.33312
0.335252
0.344052
0.330659
0.364104
0.33661
0.337266
0.331882
0.336408
0.321005
0.316174
0.33317
0.333162
0.331452
0.331629
0.336796
0.335429
0.333151
0.332964
0.335574
0.33315
0.33315
0.113472
0.33315
0.197492
0.32853
0.333148
0.144179
0.484008
0.397955
0.330237
0.330796
0.33315
0.33315
0.333167
0.333727
0.326506
0.366652
0.323028
0.328085
0.134119
0.337055
0.321874
0.166424
0.1899
0.161745
0.333585
0.336596
0.338924
0.335831
0.33238
0.332239
0.0856557
0.364605
0.352085
0.33315
0.333149
0.324329
0.33315
0.33315
0.321499
0.306895
0.320298
0.339273
0.31764
0.333153
0.318637
0.316872
0.15512
0.326827
0.321731
0.360145
0.381334
0.335753
0.33529
0.335335
0.333148
0.337692
0.33319
0.327447
0.328814
0.333142
0.333135
0.333011
0.322012
0.333155
0.333157
0.181127
0.33063
0.330533
0.333251
0.333229
0.397037
0.38266
0.333151
0.333151
0.336021
0.355697
0.0917937
0.252198
0.315031
0.314945
0.326411
0.333323
0.333204
0.302432
0.311804
0.3328
0.332394
0.333155
0.333152
0.0892068
0.352177
0.33384
0.333163
0.332599
0.110049
0.333181
0.317412
0.333152
0.34646
0.333337
0.329964
0.132789
0.33363
0.236523
0.330766
0.333209
0.331228
0.333173
0.308297
0.314092
0.296071
0.33315
0.331718
0.334923
0.0924123
0.333169
0.331059
0.15423
0.333146
0.333389
0.33374
0.333169
0.328002
0.333153
0.3322
0.336087
0.130527
0.0845447
0.333057
0.37436
0.33315
0.314879
0.309964
0.33315
0.313783
0.334293
0.32222
0.31063
0.185812
0.251398
0.33315
0.131178
0.330283
0.333475
0.333877
0.333157
0.110152
0.333169
0.33316
0.334875
0.334536
0.3332
0.333214
0.33315
0.33315
0.33315
0.333094
0.334382
0.334082
0.334785
0.333545
0.33345
0.333666
0.33315
0.181848
0.388991
0.432195
0.330071
0.3333
0.333245
0.172917
0.145712
0.134607
0.141733
0.333303
0.333336
0.283657
0.33315
0.33315
0.33315
0.327654
0.140878
0.328275
0.335125
0.33295
0.13178
0.33323
0.333251
0.334843
0.334468
0.334501
0.33316
0.329173
0.333175
0.322106
0.345212
0.333185
0.327311
0.329872
0.249232
0.334239
0.333517
0.329352
0.328422
0.309196
0.328648
0.328803
0.326957
0.306489
0.306415
0.116528
0.312239
0.306764
0.339321
0.0987715
0.333164
0.333161
0.333168
0.333154
0.351031
0.33318
0.332178
0.333491
0.313522
0.333166
0.193058
0.333159
0.133642
0.296327
0.329104
0.325458
0.327377
0.325185
0.333153
0.333161
0.327953
0.323922
0.331196
0.350286
0.333152
0.333151
0.338649
0.151973
0.0917569
0.0974623
0.0900247
0.408602
0.308975
0.309828
0.324299
0.328874
0.345122
0.296545
0.30244
0.299538
0.333142
0.14988
0.33432
0.33378
0.33315
0.335149
0.321866
0.308855
0.332868
0.332605
0.156609
0.33315
0.33315
0.350295
0.359721
0.336639
0.328721
0.306635
0.309058
0.333211
0.332659
0.337935
0.352873
0.329314
0.33315
0.333151
0.343837
0.370044
0.345915
0.339769
0.334481
0.373652
0.364264
0.319025
0.315017
0.333495
0.333654
0.333378
0.33307
0.332979
0.33325
0.333226
0.324211
0.323899
0.339684
0.339989
0.334236
0.334647
0.156823
0.33416
0.342999
0.340572
0.33316
0.34936
0.355998
0.333155
0.333153
0.331004
0.327925
0.328906
0.365135
0.348523
0.33178
0.330663
0.331313
0.329506
0.33315
0.333146
0.337102
0.330591
0.333274
0.333553
0.345754
0.334947
0.323397
0.333379
0.333443
0.334181
0.333186
0.308401
0.333256
0.333191
0.354228
0.340138
0.324315
0.323809
0.112547
0.327395
0.334598
0.350306
0.344311
0.333175
0.386058
0.384273
0.312461
0.316009
0.366283
0.185024
0.331197
0.322498
0.333382
0.13422
0.341207
0.236052
0.228115
0.323449
0.158504
0.333182
0.333194
0.333138
0.333128
0.157102
0.148736
0.336817
0.323824
0.333151
0.146382
0.130802
0.333158
0.104885
0.33316
0.333154
0.333518
0.333107
0.333156
0.336145
0.330917
0.294527
0.264861
0.101291
0.334261
0.140279
0.33315
0.33315
0.33325
0.333211
0.333893
0.333687
0.334143
0.333964
0.334166
0.333724
0.119199
0.130298
0.335751
0.333156
0.346435
0.33315
0.336283
0.333206
0.333222
0.333152
0.329631
0.336235
0.316626
0.333361
0.333241
0.32564
0.333319
0.333164
0.333166
0.309006
0.33317
0.333289
0.307429
0.333717
0.329209
0.333488
0.325385
0.328272
0.333314
0.333233
0.333267
0.333297
0.327423
0.304747
0.315991
0.33313
0.3332
0.30755
0.333258
0.324857
0.330366
0.321459
0.133114
0.410666
0.325365
0.307812
0.330408
0.35808
0.333698
0.333434
0.340644
0.359351
0.333252
0.319436
0.329798
0.304684
0.333179
0.333396
0.333262
0.336656
0.312607
0.327536
0.333896
0.332048
0.330986
0.141906
0.332911
0.332672
0.333522
0.355844
0.333281
0.342157
0.328036
0.323809
0.140763
0.140411
0.333405
0.333311
0.33331
0.408192
0.315451
0.353016
0.324313
0.333406
0.318783
0.374714
0.168658
0.333909
0.334556
0.245553
0.333392
0.31411
0.333273
0.333242
0.326087
0.317204
0.316073
0.327438
0.128237
0.120919
0.327634
0.329007
0.327527
0.324454
0.333534
0.325051
0.333163
0.333169
0.343119
0.338151
0.33319
0.171223
0.237695
0.183902
0.284071
0.292182
0.327512
0.32342
0.257355
0.33322
0.333199
0.333232
0.33343
0.333564
0.329551
0.333419
0.33317
0.333086
0.333121
0.333033
0.333148
0.333159
0.33314
0.35318
0.134042
0.13838
0.334153
0.333908
0.333908
0.334304
0.333164
0.33321
0.333185
0.135754
0.136029
0.333158
0.33317
0.333648
0.333157
0.333237
0.333158
0.321983
0.321862
0.311246
0.333196
0.130082
0.32932
0.333182
0.333172
0.333167
0.130625
0.192987
0.33317
0.332183
0.141254
0.195709
0.140463
0.333304
0.317172
0.330316
0.148082
0.151182
0.331866
0.333252
0.333155
0.181072
0.33371
0.333205
0.333199
0.333182
0.33353
0.333157
0.333137
0.333159
0.351749
0.342857
0.330871
0.333855
0.333366
0.332727
0.332497
0.333158
0.33318
0.333162
0.333032
0.333158
0.333309
0.319207
0.288841
0.333158
0.333188
0.333176
0.145164
0.333167
0.329215
0.328336
0.333408
0.230574
0.232048
0.333127
0.329536
0.313047
0.33314
0.332891
0.333159
0.333156
0.33316
0.333155
0.333182
0.245695
0.248672
0.333167
0.33316
0.333155
0.333148
0.333174
0.327716
0.335441
0.334064
0.332898
0.333194
0.279696
0.333153
0.332248
0.333155
0.358186
0.279341
0.333149
0.285991
0.333145
0.332528
0.333158
0.327611
0.338435
0.34227
0.335741
0.333156
0.33307
0.333139
0.333345
0.333151
0.333152
0.332773
0.333209
0.332227
0.333278
0.334727
0.333254
0.333189
0.333837
0.333154
0.333162
0.333155
0.333435
0.333153
0.333816
0.335883
0.333151
0.326825
0.332511
0.332785
0.333155
0.33315
0.333323
0.333587
0.33315
0.333152
0.33318
0.333161
0.337672
0.337774
0.337788
0.337852
0.337779
0.337703
0.336294
0.334402
0.333575
0.333305
0.333214
0.333176
0.33317
0.313944
0.721362
0.667032
0.400453
0.305378
0.224194
0.168064
0.144887
0.121419
0.094996
0.0762229
0.0759599
0.073066
0.0508588
0.0356479
0.0405394
0.0757941
0.0486522
0.0538577
0.105488
0.0987123
0.0873791
0.0954036
0.0916417
0.0829009
0.0938473
0.15632
0.282261
0.329875
0.27115
0.306603
0.297831
0.341537
0.359368
0.337084
0.313844
0.307263
0.321569
0.33729
0.311904
0.306182
0.361186
0.446094
0.335249
0.33315
0.333152
0.334112
0.334329
0.334326
0.334266
0.334229
0.334211
0.334195
0.33417
0.334115
0.334015
0.333985
0.334038
0.334058
0.334013
0.333955
0.334047
0.334126
0.334138
0.334212
0.334196
0.333946
0.333772
0.333784
0.333922
0.335051
0.337149
0.336903
0.691302
0.406211
0.333976
0.33721
0.337745
0.337226
0.337845
0.337806
0.337346
0.337276
0.33781
0.335703
0.335177
0.492767
0.334755
0.333883
0.333401
0.33325
0.33319
0.333167
0.333288
0.070384
0.333164
0.303932
0.235189
0.173159
0.153662
0.132027
0.112995
0.0932479
0.0757287
0.0777754
0.0643812
0.0450959
0.0365742
0.087185
0.110936
0.0924558
0.088286
0.090786
0.0812351
0.084491
0.110612
0.23407
0.298423
0.279601
0.299705
0.428876
0.298579
0.314977
0.322215
0.311995
0.321325
0.323516
0.353025
0.30744
0.335868
0.333182
0.376214
0.379342
0.333177
0.33315
0.337322
0.333172
0.334099
0.334294
0.33409
0.3343
0.334243
0.334219
0.334203
0.334186
0.334148
0.334071
0.333979
0.334013
0.334055
0.334043
0.333976
0.333984
0.334107
0.334127
0.334171
0.334231
0.334095
0.333817
0.333773
0.333807
0.334301
0.33608
0.298619
0.333157
0.337282
0.334119
0.333479
0.333273
0.333201
0.333171
0.333174
0.245586
0.07029
0.107916
0.0866454
0.0983016
0.0917282
0.0837398
0.101841
0.187713
0.289203
0.314089
0.287606
0.359836
0.299736
0.310532
0.338767
0.311163
0.312695
0.314883
0.32537
0.313842
0.328613
0.327196
0.333411
0.33315
0.334102
0.334046
0.334017
0.334
0.333985
0.333967
0.333929
0.333853
0.333864
0.333894
0.333875
0.333798
0.333755
0.333868
0.333909
0.333932
0.334008
0.333939
0.333658
0.333566
0.333613
0.333963
0.335551
0.313423
0.358015
0.337644
0.31679
0.328288
0.317744
0.390584
0.308675
0.305967
0.344714
0.333151
0.33315
0.334008
0.333992
0.333977
0.333953
0.333891
0.333845
0.333884
0.333893
0.333842
0.333757
0.333799
0.333907
0.333918
0.333972
0.334005
0.333808
0.333572
0.333585
0.333692
0.334586
0.337386
0.332537
0.333229
0.333346
0.333711
0.321374
0.285342
0.285485
0.32976
0.284414
0.129868
0.0876777
0.0814035
0.0901229
0.0918823
0.0897069
0.104479
0.0881027
0.0937847
0.347207
0.334029
0.334072
0.336648
0.333177
0.334074
0.333471
0.33567
0.232581
0.366806
0.333274
0.333692
0.333871
0.33357
0.333201
0.333346
0.333305
0.333171
0.333486
0.333179
0.333281
0.212016
0.268044
0.33323
0.333249
0.333214
0.0658729
0.333159
0.333165
0.333167
0.333169
0.334709
0.335181
0.334368
0.0722845
0.359893
0.105686
0.114431
0.0848046
0.103046
0.101448
0.115431
0.109757
0.108413
0.110534
0.0981082
0.11751
0.114978
0.110452
0.139509
0.101081
0.109364
0.100494
0.275226
0.105496
0.120594
0.307889
0.220832
0.177171
0.25381
0.296965
0.303826
0.304868
0.315939
0.299077
0.306178
0.304877
0.292907
0.299499
0.313332
0.324239
0.33224
0.319216
0.291549
0.305861
0.313917
0.324659
0.348513
0.351487
0.33984
0.337174
0.393948
0.330023
0.379319
0.406573
0.33475
0.333183
0.333176
0.381613
0.333174
0.333193
0.33315
0.33315
0.33315
0.33315
0.333185
0.333168
0.336537
0.336052
0.333179
0.333175
0.33317
0.333162
0.333167
0.333166
0.333167
0.333166
0.333165
0.333161
0.333144
0.333179
0.333153
0.333194
0.333138
0.333166
0.33317
0.333172
0.333166
0.333165
0.333219
0.333485
0.334547
0.336932
0.334506
0.30274
0.336687
0.194999
0.33684
0.0907431
0.167765
0.107861
0.0990783
0.0908005
0.0862056
0.0675894
0.0525499
0.048996
0.0549366
0.0589873
0.103393
0.104054
0.333183
0.333167
0.336262
0.34479
0.336092
0.33319
0.336719
0.344502
0.340061
0.0662579
0.0815881
0.336801
0.336417
0.336278
0.0994095
0.353794
0.325383
0.341067
0.33546
0.333401
0.333191
0.0747388
0.293602
0.0991078
0.335581
0.349602
0.333177
0.333152
0.330608
0.070908
0.333164
0.353332
0.297782
0.0787423
0.296005
0.335016
0.294231
0.328008
0.314957
0.314344
0.351257
0.332316
0.334558
0.332637
0.339516
0.333182
0.333193
0.333201
0.336767
0.33315
0.336217
0.333168
0.333168
0.333167
0.333166
0.333166
0.333165
0.333154
0.333182
0.333153
0.333178
0.333101
0.333138
0.33315
0.333171
0.333172
0.333171
0.333162
0.33318
0.333304
0.333861
0.336399
0.388889
0.103603
0.113475
0.185673
0.129986
0.148512
0.336644
0.336168
0.144966
0.0941964
0.0840092
0.0645941
0.333194
0.333638
0.333252
0.333168
0.333159
0.333166
0.333166
0.333165
0.33315
0.333154
0.333098
0.333174
0.333145
0.333172
0.333156
0.333161
0.333161
0.333161
0.330258
0.356721
0.333375
0.33316
0.326425
0.333163
0.333167
0.334164
0.333159
0.333156
0.333151
0.333141
0.333161
0.333158
0.333163
0.333151
0.33316
0.32702
0.35117
0.305245
0.322163
0.332037
0.31095
0.315286
0.351539
0.333496
0.333174
0.333161
0.333161
0.333161
0.333162
0.333162
0.333161
0.338455
0.33315
0.309889
0.329186
0.328387
0.333296
0.0977832
0.335694
0.315081
0.323032
0.333175
0.325174
0.353245
0.0990056
0.333173
0.333242
0.299959
0.333147
0.333189
0.201414
0.115087
0.320019
0.333383
0.333334
0.0815035
0.0772605
0.0911987
0.152755
0.304688
0.306429
0.387714
0.338537
0.462023
0.350148
0.402428
0.344562
0.314916
0.298976
0.328386
0.30373
0.333151
0.333359
0.293471
0.318932
0.34278
0.308882
0.303237
0.335517
0.334902
0.335177
0.336561
0.336331
0.105257
0.128762
0.333396
0.333327
0.315614
0.33315
0.33315
0.360048
0.271983
0.333151
0.33315
0.33315
0.33315
0.33315
0.33315
0.33315
0.33315
0.328447
0.329282
0.33315
0.333149
0.333146
0.33377
0.358079
0.317826
0.333041
0.333356
0.333049
0.333239
0.332746
0.333298
0.333398
0.333125
0.334101
0.334494
0.333144
0.333148
0.333148
0.368106
0.422922
0.33361
0.33346
0.333823
0.33316
0.333153
0.333155
0.333239
0.333287
0.33313
0.333124
0.333151
0.33315
0.33315
0.33315
0.281982
0.156552
0.15816
0.121656
0.33315
0.33315
0.335655
0.335033
0.31304
0.315444
0.107507
0.10053
0.333183
0.333205
0.084127
0.0991265
0.292053
0.297574
0.322683
0.320219
0.31961
0.311016
0.303775
0.304544
0.330136
0.324131
0.335765
0.335278
0.335857
0.33538
0.333151
0.0823237
0.302966
0.333806
0.334254
0.334644
0.334017
0.333169
0.305074
0.333211
0.333198
0.333243
0.333265
0.333225
0.3406
0.331751
0.33318
0.100024
0.11252
0.290764
0.318426
0.333535
0.33366
0.333448
0.333165
0.333174
0.29479
0.112089
0.108092
0.186878
0.105152
0.104448
0.0995522
0.12724
0.146596
0.116892
0.113531
0.127568
0.118376
0.330354
0.101662
0.25215
0.281289
0.466521
0.335836
0.335343
0.333151
0.33315
0.31517
0.333169
0.333166
0.317816
0.33315
0.333056
0.333094
0.122889
0.323093
0.312774
0.316027
0.317478
0.33315
0.33315
0.33315
0.33315
0.31761
0.318152
0.234708
0.33315
0.333151
0.33315
0.333149
0.333136
0.333276
0.332926
0.333487
0.332689
0.333376
0.332963
0.33313
0.0978706
0.333137
0.333145
0.333148
0.333147
0.33315
0.333151
0.284271
0.106513
0.333131
0.333091
0.334943
0.349308
0.333268
0.332952
0.332971
0.333485
0.333276
0.333104
0.333447
0.333375
0.332679
0.333077
0.333149
0.33315
0.33315
0.333142
0.332892
0.333408
0.333034
0.333113
0.332745
0.332899
0.33315
0.330294
0.324737
0.322628
0.358122
0.329074
0.312344
0.317929
0.324602
0.333155
0.10434
0.333625
0.322852
0.322321
0.332821
0.332788
0.33331
0.102475
0.333145
0.334164
0.0977503
0.311058
0.333153
0.283184
0.302582
0.327224
0.0956678
0.314211
0.333177
0.10007
0.333153
0.310492
0.310261
0.358621
0.319718
0.33315
0.33315
0.33315
0.333151
0.33315
0.35607
0.333168
0.321019
0.313931
0.332897
0.33315
0.333156
0.353039
0.356241
0.0862745
0.0878723
0.312847
0.361353
0.388866
0.333165
0.333173
0.332724
0.332652
0.332531
0.151098
0.332781
0.333894
0.333309
0.331999
0.331918
0.334043
0.332315
0.333214
0.0962753
0.333079
0.348941
0.36128
0.333156
0.33316
0.33329
0.333008
0.333009
0.33315
0.33315
0.334861
0.33315
0.33315
0.249058
0.10025
0.322429
0.314754
0.333805
0.333667
0.104257
0.322232
0.322694
0.322521
0.0948299
0.333205
0.333239
0.336154
0.310734
0.313438
0.327674
0.311067
0.31877
0.317729
0.311733
0.318982
0.33315
0.33315
0.328134
0.361578
0.310855
0.333131
0.333135
0.332716
0.332839
0.105024
0.09158
0.334736
0.334692
0.334907
0.33315
0.33315
0.33315
0.0934491
0.333894
0.333173
0.139947
0.334432
0.33485
0.334146
0.321992
0.090729
0.3338
0.0966496
0.317176
0.336646
0.0989092
0.333086
0.333112
0.335352
0.33341
0.333351
0.329554
0.33763
0.333274
0.333588
0.333725
0.33349
0.33325
0.308937
0.204408
0.239861
0.33315
0.333182
0.333163
0.364425
0.321537
0.273538
0.324779
0.361663
0.333113
0.0901706
0.313274
0.33315
0.0997764
0.129368
0.128408
0.319669
0.333155
0.333006
0.326651
0.33475
0.331655
0.333341
0.333191
0.333655
0.33315
0.33315
0.33315
0.300064
0.340252
0.334478
0.33315
0.33315
0.332927
0.322105
0.334194
0.329176
0.332244
0.333112
0.325816
0.332156
0.334488
0.334534
0.331408
0.332844
0.333163
0.333217
0.332904
0.329756
0.33315
0.334116
0.333361
0.333467
0.333322
0.0996562
0.333193
0.333183
0.311188
0.333171
0.333167
0.33433
0.333263
0.334618
0.33316
0.332892
0.346207
0.334459
0.332972
0.334259
0.332553
0.334521
0.333964
0.338249
0.332315
0.335656
0.33159
0.3322
0.20965
0.32014
0.348381
0.344339
0.0937711
0.0912347
0.0893824
0.333215
0.333228
0.333202
0.334713
0.333156
0.332653
0.117338
0.39195
0.320369
0.332678
0.331485
0.337407
0.332499
0.334781
0.330793
0.333251
0.33144
0.33315
0.0859085
0.164729
0.198393
0.0889562
0.0878709
0.0862189
0.081207
0.333379
0.343549
0.340022
0.334103
0.334589
0.333095
0.317046
0.333182
0.334063
0.323685
0.33857
0.355016
0.333159
0.334998
0.323145
0.333146
0.0927873
0.0849904
0.0845651
0.0764136
0.31722
0.333865
0.333151
0.333171
0.377741
0.448234
0.378607
0.338178
0.33573
0.305725
0.335205
0.334242
0.334556
0.332325
0.332262
0.334215
0.333084
0.333052
0.333053
0.33163
0.331399
0.0854081
0.0876967
0.082795
0.335705
0.336148
0.334495
0.335287
0.331917
0.332595
0.332527
0.332514
0.0928984
0.0911398
0.367182
0.323562
0.324332
0.337931
0.333161
0.333168
0.333789
0.335241
0.356214
0.333152
0.333183
0.333191
0.333335
0.332217
0.342199
0.332507
0.334232
0.33311
0.334875
0.333162
0.333161
0.334114
0.325038
0.332167
0.321705
0.31682
0.342293
0.341018
0.333152
0.333154
0.332282
0.332055
0.33211
0.329307
0.334187
0.334871
0.333606
0.332631
0.389915
0.333664
0.226599
0.216416
0.325697
0.319741
0.284755
0.301878
0.333852
0.333128
0.333169
0.332
0.332617
0.332905
0.333185
0.116826
0.333153
0.315482
0.333212
0.332946
0.318994
0.342232
0.333127
0.333315
0.333275
0.335232
0.333194
0.3336
0.334184
0.333891
0.333935
0.153029
0.333762
0.333226
0.330802
0.33742
0.33427
0.164621
0.31816
0.320434
0.33315
0.333158
0.333153
0.333936
0.354446
0.315377
0.32667
0.335808
0.355781
0.348049
0.452047
0.367037
0.340894
0.333171
0.33321
0.333569
0.333164
0.334678
0.346378
0.337744
0.347975
0.323297
0.333157
0.333204
0.33324
0.329838
0.3335
0.312424
0.340207
0.333181
0.333161
0.333167
0.150245
0.327728
0.374326
0.33315
0.333509
0.333599
0.33361
0.333381
0.333294
0.333494
0.33315
0.333734
0.333119
0.334212
0.333173
0.333168
0.346347
0.182936
0.334529
0.34693
0.333425
0.333498
0.33336
0.330497
0.33254
0.333876
0.331766
0.333275
0.360028
0.349705
0.335476
0.342938
0.333669
0.33902
0.32335
0.333189
0.320509
0.33408
0.203349
0.201877
0.251536
0.249017
0.282135
0.333162
0.33316
0.333108
0.333199
0.333161
0.333557
0.333606
0.121389
0.333154
0.333131
0.333156
0.356799
0.329355
0.363677
0.336064
0.340889
0.330212
0.318114
0.333208
0.336936
0.3161
0.342774
0.330166
0.343019
0.335738
0.347188
0.334191
0.333496
0.314405
0.341512
0.335797
0.332938
0.332743
0.33301
0.330246
0.324997
0.333196
0.343469
0.331814
0.33158
0.332108
0.355249
0.3351
0.341827
0.319568
0.321253
0.333167
0.333179
0.323833
0.353704
0.333872
0.0904846
0.339441
0.365009
0.321509
0.32438
0.335365
0.318432
0.329842
0.328385
0.366051
0.329527
0.334129
0.333284
0.361787
0.33541
0.330015
0.330043
0.333184
0.349919
0.195531
0.326689
0.234647
0.225513
0.325801
0.333193
0.331315
0.328918
0.33349
0.333248
0.333223
0.330143
0.333161
0.333581
0.333233
0.334875
0.338937
0.249354
0.240811
0.333164
0.0825547
0.33318
0.0795975
0.079988
0.12453
0.361406
0.333284
0.0802241
0.333169
0.33325
0.333191
0.333293
0.333313
0.333274
0.333374
0.33339
0.33316
0.333332
0.0832294
0.0820038
0.333159
0.333159
0.333434
0.331618
0.333175
0.335163
0.251533
0.331096
0.333174
0.347679
0.333218
0.333192
0.333263
0.35095
0.333285
0.0879941
0.333182
0.345568
0.0834987
0.333168
0.0879392
0.333165
0.24823
0.241182
0.333338
0.326316
0.333162
0.333208
0.333192
0.0810129
0.357794
0.333162
0.326886
0.333173
0.335536
0.337218
0.333162
0.317984
0.333462
0.292246
0.333169
0.33312
0.308291
0.333163
0.333168
0.330527
0.333195
0.333177
0.333217
0.291471
0.332415
0.333161
0.333164
0.33316
0.300661
0.326118
0.331642
0.333159
0.33316
0.160731
0.156262
0.317394
0.258437
0.330166
0.233927
0.333256
0.333291
0.333227
0.333333
0.331639
0.324334
0.333002
0.33316
0.343766
0.341176
0.349169
0.334767
0.330762
0.33324
0.333074
0.332828
0.333157
0.333158
0.333157
0.333166
0.332993
0.333215
0.332811
0.332066
0.332929
0.333157
0.333223
0.333157
0.33563
0.336969
0.352446
0.33241
0.333134
0.33306
0.333155
0.333656
0.333162
0.333184
0.333171
0.333161
0.333181
0.333161
0.333166
0.333158
0.333194
0.333158
0.330749
0.333167
0.333177
0.333428
0.333161
0.333157
0.333166
0.333183
0.333171
0.336296
0.334933
0.333234
0.333004
0.333721
0.340692
0.33317
0.332831
0.333122
0.332969
0.333158
0.33316
0.333157
0.333159
0.332824
0.333168
0.332366
0.333184
0.333704
0.334016
0.336915
0.333199
0.333195
0.33578
0.334613
0.336293
0.33323
0.340052
0.333187
0.333163
0.333202
0.333158
0.333259
0.333195
0.333251
0.333908
)
;

boundaryField
{
    bullet
    {
        type            nutkWallFunction;
        Cmu             0.09;
        kappa           0.41;
        E               9.8;
        value           nonuniform List<scalar> 
30
(
0.00140464
0.00220795
0.00230821
0.00206184
0.00184097
0.00168254
0.00162453
0.00148005
0.00138977
0.00138823
0.00135393
0.00145915
0.00134911
0.0011383
0.00118418
0.0014238
0.00225737
0.0013373
0.00123377
0.00125682
0.00143458
0.00145916
0.00137986
0.00136433
0.00150709
0.00170566
0.00188484
0.00206036
0.00199505
0.00142954
)
;
    }
    topWall
    {
        type            calculated;
        value           nonuniform List<scalar> 
50
(
0.33713
0.338346
0.338346
0.338346
0.338346
0.338346
0.338346
0.338346
0.338346
0.338346
0.338346
0.338346
0.338346
0.338346
0.338346
0.338346
0.338346
0.338346
0.338346
0.338346
0.338346
0.338346
0.338346
0.338346
0.338346
0.338346
0.338346
0.338346
0.338346
0.338346
0.338346
0.338346
0.338346
0.336515
0.336742
0.336988
0.337219
0.337487
0.338624
0.338346
0.338346
0.338346
0.338346
0.338346
0.338346
0.338346
0.338346
0.338346
0.338346
0.338346
)
;
    }
    bottomWall
    {
        type            calculated;
        value           nonuniform List<scalar> 
50
(
0.334818
0.334796
0.334966
0.335192
0.335521
0.335935
0.336391
0.336812
0.337124
0.337344
0.337541
0.338361
0.338346
0.338346
0.338346
0.338346
0.338346
0.338346
0.338346
0.338346
0.338346
0.338346
0.338346
0.338346
0.338346
0.337117
0.33604
0.335135
0.334525
0.338346
0.338346
0.338346
0.338346
0.338346
0.338346
0.338346
0.338346
0.338346
0.338346
0.338346
0.338346
0.338346
0.338346
0.338346
0.336044
0.335754
0.335564
0.335442
0.335813
0.339288
)
;
    }
    inlet
    {
        type            calculated;
        value           uniform 0.338346;
    }
    outlet
    {
        type            calculated;
        value           nonuniform List<scalar> 
30
(
0.361186
0.446094
0.379342
0.335249
0.333177
0.33315
0.33315
0.333152
0.333172
0.334112
0.338911
0.339748
0.340309
0.340536
0.340381
0.338914
0.339757
0.340324
0.340557
0.340408
0.333938
0.333315
0.333155
0.33315
0.33315
0.333289
0.337818
0.36009
0.37421
0.398439
)
;
    }
    defaultFaces
    {
        type            empty;
    }
}


// ************************************************************************* //
