/*--------------------------------*- C++ -*----------------------------------*\
  =========                 |
  \\      /  F ield         | OpenFOAM: The Open Source CFD Toolbox
   \\    /   O peration     | Website:  https://openfoam.org
    \\  /    A nd           | Version:  6
     \\/     M anipulation  |
\*---------------------------------------------------------------------------*/
FoamFile
{
    version     2.0;
    format      ascii;
    class       volScalarField;
    location    "0.0008";
    object      p;
}
// * * * * * * * * * * * * * * * * * * * * * * * * * * * * * * * * * * * * * //

dimensions      [1 -1 -2 0 0 0 0];

internalField   nonuniform List<scalar> 
3704
(
100000
100000
100000
100000
100000
100000
100000
100000
100000
100000
100000
100000
100000
100000
99999.9
99999.8
99999.4
99998.3
99998.6
100000
100000
100000
100000
100000
100000
100000
100000
100000
100000
100000
100000
100000
100000
100000
100000
100000
100000
100000
100000
100000
100000
100000
100000
100000
100000
100000
100000
100000
100000
100000
100000
100000
100000
100000
100000
100000
100000
100000
100000
100000
100000
100000
100000
100000
99999.9
99999.8
99999.3
99998.1
99998.4
100000
100000
100000
100000
100001
100000
100000
100000
100000
100000
100000
100000
100000
100000
100000
100000
100000
100000
100000
100000
100000
100000
100000
100000
100000
100000
100000
100000
100000
100000
100000
100000
100000
100000
100000
100000
100000
100000
100000
100000
100000
100000
100000
100000
100000
99999.9
99999.8
99999.3
99998
99998.1
100000
100001
100000
100000
100001
100000
99999.9
100000
100000
100000
100000
100000
100000
100000
100000
100000
100000
100000
100000
100000
100000
100000
100000
100000
100000
100000
100000
100000
100000
100000
100000
100000
100000
100000
100000
100000
100000
100000
100000
100000
100000
100000
100000
100000
100000
99999.9
99999.7
99999.2
99997.8
99997.9
99999.7
100001
100000
100000
100001
100000
99999.8
100000
100000
100000
100000
100000
100000
100000
100000
100000
100000
100000
100000
100000
100000
100000
100000
100000
100000
100000
100000
100000
100000
100000
100000
100000
100000
100000
100000
100000
100000
100000
100000
100000
100000
100000
100000
100000
100000
99999.9
99999.7
99999.1
99997.9
99997.4
99999.2
100001
100000
99999.7
100001
100001
99999.7
100000
100000
100000
100000
100000
100000
100000
100000
100000
100000
100000
100000
100000
100000
100000
100000
100000
100000
100000
100000
100000
100000
100000
100000
32307.3
13366.8
5771.8
7974.12
17824.6
21634.5
39280.2
151127
196281
275620
356377
398793
421742
275093
446211
32950.3
17981.9
8254.62
9367.07
22324.3
26647.7
54814
160085
204029
296511
352240
381399
398883
275451
452186
29666.6
24562.7
14314.3
13353.2
33841.4
37108.3
62403
156287
218784
306084
338167
356061
362107
272234
457882
26200.3
22021.8
18851.4
23303.1
54163.5
53378.4
75777
157383
233175
304208
331557
342034
343516
274769
468525
29696.9
20698.1
19348.8
28123
54214.7
65410.4
87337
161177
234517
306989
332199
336574
335552
287102
495323
463170
336269
438190
411280
365931
281268
152091
128560
73135.7
20901.1
5562.83
4705.61
4430.47
2615.08
4253.12
473075
332003
398990
384935
356312
301150
163915
136325
81002.2
42769.6
7921.48
6126.67
5652.97
3835
5005.72
482756
329116
368536
361835
340947
296540
189375
151055
95165.7
48459.2
12695.7
10225.8
9310.24
7875.77
5403.05
496506
332505
356503
352036
337774
295684
196153
153511
100138
50046.8
17110.8
17234.4
17671.2
14436.9
5304.46
527987
341988
353103
349223
337525
296840
203171
153405
100814
50712.2
22348
21150
17976.1
16151.8
5166.08
100000
100000
100000
100000
100000
100000
100000
100000
100000
100000
100000
100000
100000
100000
100000
100000
100000
100000
100000
100000
100000
100000
99999.9
99999.8
99999.7
99999.6
99999.6
99999.6
99999.5
99999.2
99998.8
99998.7
99998.8
99999.4
99999.8
99999.9
100000
100000
100000
100000
100000
100000
100000
100000
100000
100000
100000
100000
100000
100000
100000
100000
100000
100000
100000
100000
100000
100000
100000
100000
100000
100000
100000
100000
100000
100000
100000
100000
100000
100000
100000
100000
99999.9
99999.8
99999.7
99999.6
99999.6
99999.5
99999.5
99999
99998.8
99998.7
99998.7
99999.4
99999.7
99999.9
100000
100000
100000
100000
100000
100000
100000
100000
100000
100000
100000
100000
100000
100000
100000
100000
100000
100000
100000
100000
100000
100000
100000
100000
100000
100000
100000
100000
100000
100000
100000
100000
100000
100000
100000
99999.9
99999.8
99999.7
99999.7
99999.6
99999.5
99999.5
99999.4
99998.9
99998.7
99998.6
99998.6
99999.3
99999.7
99999.9
100000
100000
100000
100000
100000
100000
100000
100000
100000
100000
100000
100000
100000
100000
100000
100000
100000
100000
100000
100000
100000
100000
100000
100000
100000
100000
100000
100000
100000
100000
100000
100000
100000
100000
100000
99999.9
99999.8
99999.7
99999.6
99999.6
99999.5
99999.5
99999.4
99998.8
99998.7
99998.6
99998.4
99999.2
99999.6
99999.9
100000
100000
100000
100000
100000
100000
100000
100000
100000
100000
100000
100000
100000
100000
100000
100000
100000
100000
100000
100000
100000
100000
100000
100000
100000
100000
100000
100000
100000
100000
100000
100000
100000
100000
100000
99999.9
99999.8
99999.7
99999.6
99999.5
99999.5
99999.5
99999.2
99998.6
99998.7
99998.5
99998.2
99999.1
99999.5
99999.9
100000
100000
100000
100000
100000
100000
100000
100000
100000
100000
100000
100000
100000
100000
100000
100000
100000
100000
100000
100000
100000
100000
100000
100000
100000
100000
100000
99999.5
100006
99986.7
100003
100005
99995.5
100002
100000
100000
100000
100000
100000
100000
100000
100000
100000
100000
100000
100000
100000
100046
137755
191527
109052
112792
95492.7
79748.4
127316
155765
73910.4
78841.5
115753
242768
65681.1
89745.4
89285.9
75071.8
85537.3
92219.3
87524.1
44330.2
20276.2
69007.2
15363.1
12364.4
31198
20235
30122.1
100116
22776.3
33494.1
56411.4
73769.6
98114.1
168854
237457
324112
343411
334932
328389
303331
567652
397683
100671
100004
100000
100000
100000
100000
100000
100000
100000
100000
100888
67684.8
100000
100000
100000
100000
100000
100000
100000
100000
100000
100000
100000
100000
100000
100000
99999.9
99998.1
99978.1
100012
99990.6
100010
99995.5
100001
100000
100000
100000
100000
100000
100000
100000
100000
100000
100000
100000
100000
100000
103772
100000
166340
112177
111194
14964.3
113477
240813
76215.7
157675
70999.8
74832.9
73178.6
67828.7
94222.8
103462
72339.7
87934.5
78027.3
99978.2
88674.2
90970.6
66953.8
27407.5
49731
53933.8
11768.9
25905.6
43818.8
22504.5
22150.1
27772.2
66427.5
85225.2
141506
203075
303010
341321
348611
330563
323396
114146
100064
100000
100000
100000
100000
100000
100000
100000
100000
100000
100000
100000
100000
100000
100000
100000
100000
100000
99999.9
99997.3
100003
100000
99997.5
100006
99995.5
100002
100000
100000
100000
100000
100000
100000
100000
100000
100000
100000
100000
100709
137637
189239
73137.6
77946.5
89058.2
82663.1
71771.9
74657.5
120259
218950
71877.4
72142.5
90689
80836.8
84348
91391
79804.4
38666.8
12484.4
54873.9
13154.3
26934.9
100388
249780
100292
100001
100000
100000
100000
100000
100000
100000
100000
99999.5
99990.4
99983
100011
99991.1
100006
99999.9
100001
100000
100000
100000
100000
100000
100000
100000
100000
100000
100000
100006
112857
96346.3
77626.4
75916.8
75006.1
119390
75676
85241.4
112306
77276.1
90758.9
97754.5
88420.7
57531.1
34526
40007.4
8739.66
16673
29662
100000
100000
100000
100000
303162
72945.5
157975
100000
100000
100000
100015
102441
100000
100000
100000
100000
100000
100000
100000
100000
100000
100000
97101
100000
100000
100000
100000
99999.2
99983.3
100132
99824.4
100151
99830.2
100181
99946.4
100022
100001
100000
100000
100000
100000
100000
100000
100000
100000
100000
100000
100000
100000
100000
99440.9
115206
100674
128587
98339.1
100000
100000
100000
203402
100000
88281.2
94825.1
151185
100816
119559
121443
144452
134152
93833.1
84669.1
109816
81555.3
89382.8
98553.3
85702.3
86023.2
89332.2
90705.5
89418.4
101436
14632
19753.7
28597.5
23353.9
100000
100000
45155.4
24202.5
205634
28644.4
26023
38119.8
100000
100203
100000
100001
100000
102243
100516
100000
100000
100000
100000
100000
100013
100003
100000
100000
100000
100000
100000
100000
100000
100000
64316.1
82762.5
161155
220011
299590
240355
165145
184449
149905
188469
97773
95446.6
100000
100000
100000
93002.9
96617.1
100000
100000
102035
24052.4
30136.5
24448.5
100000
100150
100096
100000
100000
109932
101837
99842.4
99829.3
100000
100000
108902
112345
100000
100000
99999.8
99996.4
99909.2
100154
100007
99923.4
99968
99914.4
100036
100003
100000
100000
100000
100000
100000
100000
100000
100000
100000
29616.1
99929.2
101628
135247
100005
154293
100001
99999.8
100084
99996.4
100000
95028.9
159230
140360
114427
129824
102367
74779.9
97941.6
116799
86946.1
94875.8
81204.7
96005.8
84031.7
87728.4
91833.6
87788.8
93057.5
96184.7
52371.5
19577.7
20586.3
100000
100000
55015.5
100000
100000
100042
98234.2
100000
100000
100000
100000
100000
99831.5
100000
100000
100000
100000
109866
73637.3
183878
236701
308163
171821
170032
100000
20833.5
100075
94702.2
100000
146668
100000
100000
19951.5
97873.2
95263.9
100364
91314
87390.5
81370.7
102600
86547.1
77975.2
128212
100000
93806.1
100588
90571.5
100000
100000
100000
100000
100000
100000
100000
100001
100006
100020
100099
100000
100000
100003
100000
100038
100027
99924.9
99983.8
99999.2
100056
99897.4
100115
89338.9
89626.3
97238.3
101942
82849.6
100076
91159.1
160979
87085.5
91448.4
92320.7
25514.2
104886
135179
100971
101123
99999.2
99607.7
100000
100000
101443
99941.7
99552
99308
98799
100000
100000
89456.1
100003
99064.4
99414.5
100910
100000
100159
100000
100048
100013
60938.9
100000
99558.4
100046
100000
100000
100206
100172
100000
100000
77921.9
113717
100000
23286.5
100000
100000
30546.9
99986
99944
132772
103795
117275
98344.8
99636.7
101142
100379
104585
102872
100064
100006
100175
100000
100000
90134.8
87000.1
91402.4
98108.5
96689.7
96036.7
102634
84270.3
78123.7
123224
128211
100000
100000
95620.2
97111.5
106045
85900.4
92652.5
94984.5
96074.1
28757.8
95724.8
94877.5
100000
100000
99742.7
101408
100208
100000
100000
100000
89557.2
88771.1
100000
30878.1
101558
100070
100000
100000
100000
100413
100000
111470
100000
100000
100000
100000
109596
118324
99999.8
99999.2
100000
100000
100000
106740
117207
101354
100000
150927
76382.9
114551
100000
100000
100000
91918.5
95585.5
109572
113148
114981
100000
100000
100000
139961
142344
140242
146535
100000
100000
100000
100002
100000
99749.4
99048.2
93650
92609.7
94596.5
94930.7
93868.1
22280.8
28464.6
100000
110827
100000
100182
100000
108552
100000
100000
100000
100000
100000
98992.4
99996.5
99996.6
99006.9
99750.3
100000
100648
99571.4
93345.7
100007
100006
76160.6
100001
99486.7
100000
96981.6
90985.7
100000
101266
99985.9
96483.3
99999.9
100000
97379.9
99244.9
96593.7
106284
100132
102361
98481.2
89146.8
92052.3
79512.4
95763.9
77044.7
91207.9
85572.4
94599
92600.6
31725.7
106682
102535
101927
101715
100000
20303.3
100000
100000
20519.7
41269.4
52199.1
100000
100000
100000
30164.7
30346.8
35626.7
99473.6
100032
100096
149031
100004
114921
109242
112980
100001
100000
100000
100000
100000
100000
104324
86686.1
87102.3
91887.8
24518.7
100000
100436
100001
100000
108527
99999.8
102714
81290.6
88406.4
100176
103382
122029
100000
100015
99750.3
100437
117688
99642.8
79639.6
100000
100001
99211.9
99985.8
101606
108769
97836.3
122872
103074
103317
99277.3
95746.5
86375.6
91929.7
100006
100001
98688.5
98467.5
103188
101843
100001
99660
102556
100000
100000
29966.4
100000
92811.1
96400.9
99998.9
98061.7
318549
190964
97663.5
98045.4
100000
100000
100076
100346
91587.3
126400
93314.5
87368.6
90833.9
102282
90841.8
98971.1
92831.4
97796.6
100480
103078
105077
102123
99361.4
99263.8
34199.6
129088
115220
99999.7
99998.7
88772.3
100000
100000
91362.7
78766.7
87986
104967
88073.4
100003
89534.3
84859.3
121334
94633.2
86600.4
119593
137963
100000
100000
100000
100156
104069
100000
90558.3
96687
99996.5
99985.3
90586.9
88043.3
100004
100007
152017
97932.2
97306.5
100063
100069
160649
153353
100001
100001
100066
116500
30587.5
94085.9
86047.3
85125
94580.9
100075
100018
72560.7
79678.7
99811
99286.1
99999.9
99999.7
25948.8
112599
100000
100000
99483.6
34921.4
100000
89891.3
100002
104384
100139
97432.6
91946.2
100356
93051.8
103098
100000
98158.4
100025
77361.7
95291
92960.4
100000
93947.2
100000
35871.5
100000
94538.6
117321
99996.5
100000
100238
100000
95666.2
100003
99174.9
102540
75539.8
35045.8
99945.8
133690
100000
85880.7
81968.3
100000
83924.9
101688
103226
81349.5
136844
111594
100000
100151
98204
100000
100000
100004
60611.8
100000
99999.9
100000
100000
100000
100000
100000
100000
100000
99943.2
100000
100000
100000
100000
100000
100000
100000
156239
181947
210563
98498.1
100000
100000
157497
94993.9
94454.4
95351.7
100000
100000
93401.7
100000
100000
100000
95296.1
97341.5
96004.4
101706
99811.9
97842.1
100000
100000
100000
100000
100000
100000
96921.3
100000
91454.6
110760
100000
95192.6
97287.7
111883
100397
100186
97075
95613.7
79966.4
96689.4
96415
94520.3
79392.5
78984.2
47849.5
82976.7
79141.3
105048
40160.2
100000
100000
100000
100004
114139
100000
99467.1
101008
83279.3
100000
100662
100008
87168.7
94745
96466.2
93734.2
94620.6
93198.1
100002
100014
95913.6
92035.9
98929.4
114803
100002
100002
104987
101166
40452
41161.9
39179
185005
80479.8
80394.4
92765.6
96446.1
110405
71107.7
77036.7
74139
99995.1
126198
100504
100265
100000
101335
91108
73128.7
99846
99452.9
141413
100000
100000
115801
123941
103138
95786
77820.3
79064.6
100039
99475
104479
117725
96769.3
100000
100001
111482
134931
111478
105784
100000
136749
135632
95972.2
96137.1
100000
100000
100000
99958
99843.4
100051
100031
92476.2
92639.5
106014
105386
100534
100975
150759
100000
108003
105965
100001
114881
119808
100005
100004
96454.4
94290.7
96231.4
125148
113821
97683
98428.9
98365.3
96826.9
99998.6
99994.6
106011
97623.1
100000
100000
109690
100000
91208.3
100000
100000
100398
100000
75309.9
100044
100015
111374
106163
94111.3
91520.7
49146
95100
100000
116460
109917
100000
158036
150406
82109.3
85099.6
137482
100214
98159.7
92160.6
100086
91136.2
106944
97862.8
98528
107317
149671
100000
100000
99988.7
99988.8
140527
107280
101392
94849.6
100001
97240.7
94373.2
100010
47950.2
99999.7
99998.5
100175
99958.6
100007
102641
98780.9
98570.3
98706.2
45093.3
100000
92798
100000
100000
100000
100000
100000
100000
100000
100000
100000
100000
60772.7
75414.9
102117
100004
112151
100000
103932
100000
100000
100003
96694.4
101704
86077.8
100000
100000
93474.2
100000
100004
100008
81141.3
99999.8
100000
79128
100498
103062
100198
94197.4
95827.5
100067
100032
100000
100000
94553
76530.3
86169.2
99986.3
100038
80093.5
100086
91630.3
95872.6
90325
96597.1
194830
93319
81373.1
97494.6
120288
100415
100233
103424
123078
100000
87251.5
97478.2
76759.8
100000
100111
100046
102063
82615.4
94471.7
100629
99415.5
98044.9
142298
99883.6
99580.4
100253
122455
100171
110581
94196.5
94966.2
122132
137919
100000
100000
100131
168534
84874.9
121282
92190.3
100193
84528.2
145596
146942
100376
100244
100238
100241
83743.9
100117
100124
93841
85603.2
85436
95528.3
96080.5
58965.4
95384.3
96433.4
95579.3
93073
100000
93036.5
100004
99999.8
106569
101654
100000
144967
100350
98722
98791.3
100317
95940
92013.1
99444.4
100000
100000
100000
100000
100000
96831.5
100092
100000
99970.1
99972.4
99884.6
99996.8
99999.3
99989.3
116520
109928
123124
100000
100000
100000
100380
100000
100000
100000
96896.1
97011.8
100002
100009
100000
100002
100000
100000
94516.7
99352.2
99157.4
100021
98624.6
96808.8
100013
100009
100008
109888
138186
100000
99370.4
136001
136369
126848
100088
99515.1
99359.8
111855
121895
99029.7
100000
100001
98256.6
100000
100000
100000
100000
100000
100000
99986.9
100000
108300
104198
98196.2
100337
100088
99690
99493.9
100004
100000
100000
99958.9
99999.3
100000
99767.1
100571
100000
100023
100015
108234
99999.9
97167.4
96493.7
100000
105243
109237
99986.1
99400.9
98533.6
99991.2
99794.1
100004
100003
100004
100001
100000
123370
122057
99999.9
99999.9
99999.6
99997.2
100013
95870.9
101004
100297
99813.6
100028
110287
99999.7
99306.2
100000
106927
113817
99997.7
103895
99997.1
99619.9
100004
105235
103393
103292
100901
100002
99984.6
99991.7
100064
99999.2
99999.5
99761.3
100023
99445.4
100080
101226
100069
100013
100274
100001
100006
100003
100328
100001
100294
101231
100000
103395
100587
101331
100001
99999.2
100070
100272
99998.8
100000
100016
100004
100000
100000
100000
100000
100000
100000
100000
100000
100000
100000
100000
100000
100004
100635
466450
584947
351406
356818
350894
343848
297077
203747
154621
101705
54330.3
30771.4
24655.1
20517.7
17577
5794.17
21173.6
20215.1
68957.4
67051.9
58782.9
65959.3
71897.1
100319
105449
80417.4
80975
91403.9
53627
67668.2
68834
94198.6
119108
106126
87540.7
86989.6
99243.2
115853
89960.4
85424.9
157913
258524
100896
100000
100000
100000
100000
100000
100000
100000
100000
100000
100000
100000
100000
100000
99998.9
99999.6
99998.9
99999
99995
99997.4
99995.9
99999.6
100000
100000
100000
100000
100000
100000
100000
100000
179628
186660
100000
100000
100000
100000
100000
100000
100000
100000
100000
100000
100000
19989.1
100000
100000
100000
100000
100000
100000
100057
113641
100001
360628
353146
353592
311998
224953
174008
127768
77800.6
44111.6
30839
24933.6
18482.6
47502.6
73153.5
63214.1
67559.1
49091.2
79432.2
109452
75844.6
105845
77882.8
57377.7
62466
219481
68307.2
78660
91562.7
84694.7
97868.9
98047.8
141460
85202.2
103742
100000
148130
162107
100010
100000
100000
100000
100000
100000
100000
100000
100000
100000
100000
100000
100000
100000
100000
99999.8
99999
99999.3
99999.1
99997.6
99999.6
99993
99997.7
99999.9
100000
100000
100000
100000
100000
100000
224533
100000
100000
100000
100000
100000
100000
100000
100014
102190
19130.7
64233.5
58818.4
68623.3
83588.2
109035
87329.4
81109.7
74426
77976.1
58088.2
150089
68113.7
72129.9
105193
81939.3
86882.3
93103.8
107349
92532.2
102672
95425.2
100168
100000
100000
100000
100000
100000
100000
100000
100000
100000
99999.8
99998.9
99999.2
99999
99998.8
99997.5
99992.2
99996.8
99999.6
100000
100000
100000
100000
100000
100000
73304.5
119308
111268
85403.6
105915
96802.1
183093
86157.1
85106.8
107855
100001
100000
100000
100000
100000
100000
100000
99999.9
99999.4
99999.1
99999
99998.8
99993.9
99998.8
99997.1
99999.1
99999.9
100000
100000
100000
100000
100000
100000
100219
100000
100000
100000
83882.9
57556.3
55658.7
96956.9
114779
76642.1
106751
88412.6
62036.4
65684.1
60402.2
69190.6
46206.4
64577.2
117949
100000
100000
100000
100166
100000
100000
100000
177846
130145
100000
100000
100000
100000
100000
100000
100000
100000
100150
100011
100036
159625
101937
100000
100000
100000
23972.8
100000
100001
100000
100003
100000
100000
100000
116497
120359
55605.4
57950
41210
49495.4
50043.1
71448.9
53644.6
55393.1
55453.3
74649.2
62832.5
64320.2
69305.3
94487
77219
76516.2
76463.2
89370.7
82348.1
90806.4
83765.8
122110
115835
91423.9
72662
89177.1
84362.3
86720.8
75167.5
79877.8
77728.2
68539.2
72485.3
87464.8
99131.6
94647.9
83522.5
70163.3
71209.2
85581.5
94832.8
121865
121595
110511
106133
160844
95127.9
139110
184370
101042
100000
100000
159066
100000
100000
100000
100000
100000
100000
100000
100000
100000
100000
100000
100000
100000
100000
100000
100000
100000
99999.9
99998.8
99992.1
99978.3
100008
99990.8
100020
99971.9
99997.9
99998.9
99999.7
100000
100000
100000
100000
100000
100000
98990.8
75126.2
100000
180660
100000
168470
230798
162998
115016
82032.4
48444.4
33951.6
25339.8
22574.8
24734.3
24674.3
52143.3
49247.1
100000
100000
100000
115303
100000
100000
100000
107094
107233
116968
119049
100000
100000
100000
50574
110080
109215
115733
101792
100000
100000
108178
69821
75576.1
100000
111186
100018
100001
100467
117476
100000
121968
69849.3
31555.6
92169.4
100000
72533.5
96610.5
86153.1
83831.5
120113
114755
104435
98731.1
105483
100000
100000
100000
100000
100000
100000
100000
100000
100000
100000
100000
99999.6
99988.5
100011
99984.8
100009
99944.2
99973.4
99983.6
100001
99999.7
99999.9
100000
100000
100000
100000
100000
161979
96793.3
137918
118749
169951
182225
100000
100000
168036
67302.6
44016.5
30761.3
100000
100000
100000
100000
100000
99999.5
99999.2
100000
99988.7
99991.7
99944.7
100009
99982.3
100005
99994.5
99999.5
100000
100000
96756.7
119776
100000
100000
110958
100000
99999.8
100000
99993.5
99991.8
99987.3
99978.8
99998.8
99994
99998.5
99988.8
99998.8
93760.4
125212
81630.5
90208.8
96028.8
81181.7
86591.4
121386
97580
100000
99999.8
100000
100000
100000
100000
100000
103176
99999.9
106086
100280
81349.3
100000
48316.5
100000
83667.6
91945.3
100000
91076.1
121288
47732.9
100014
100030
61543
99997.6
100000
98594.2
149184
90863.9
100000
100000
31995.3
32571.5
41879.5
91276.8
71797.2
71854.5
146930
89971.4
268622
96032.3
176095
96979.4
77335.7
77101.2
91965.3
73283.8
100000
100000
60853.5
84780.7
109181
76105.9
74845.2
100000
100000
100000
101287
103411
105713
216616
100399
100097
101359
100000
100000
107919
109762
100000
100000
100000
100000
100000
100000
100000
100000
93130.4
96005.7
99999.9
99999.2
99997
97378.7
121260
86604.9
99908.2
100176
99904.6
100069
99644.6
100126
100219
99982.3
100000
100000
99995.3
99998.6
99998.6
225442
292549
100000
100000
100000
100000
100000
100000
100000
100000
99983
99976.2
100000
100000
100000
100000
119569
186186
181995
193312
100000
100000
100000
100000
89571
89025.9
56250
49633.8
100000
100000
46563.5
73674.5
59957.5
61354.3
90881.1
89152.6
87648.7
81502.6
84385.3
104199
101185
103318
100000
100000
100000
100000
100000
39232.2
107390
100000
100000
100000
100000
100000
88717.6
100000
100000
100000
100000
100000
104703
99017.9
100000
55505.2
71720.4
89055
89300.3
100000
100000
100000
100002
100007
66129
146069
109715
99656.9
76683.1
68359.9
77324.1
87687
92384.9
78469.3
78768.1
88017.3
182631
70028.1
55298.5
91628.5
91339.6
205943
100000
100000
100001
100000
74894.4
100000
100000
86460.4
100000
99918
99948.2
205553
81103.2
75980.4
72744.3
78912.5
100000
100000
100000
100000
73021.9
77273
91975.3
100000
100000
100000
99999.8
99989.5
100102
99812
100288
99602.3
100166
99821.5
99994.4
65520.3
99990.4
99995
99998.4
99997.7
100000
100000
122117
101840
99983.9
99938.8
101226
112626
100075
99831.4
99837
100298
100116
99937.5
100258
100200
99594.5
99939.8
99999.2
100000
99999.9
99993.3
99780.2
100208
99927.8
99965.7
99677.3
99810.2
100000
116369
91865.2
94169.3
121245
97616.2
85694.4
88250.3
94075.8
100004
64969.9
100412
90588.5
90846.7
99734
99671.4
100000
74973.8
99995.5
100878
67377.8
93237.4
100001
88672.6
91208.4
94506
56096
85609.3
100000
154751
100003
81805.5
84859.1
139085
89225.2
100000
100000
100000
100001
100000
109670
100000
88874.7
85438.9
99785.4
100000
100007
115687
120804
49127.6
47827.6
83913.5
132852
154681
100013
100027
99654.8
99539.3
99475.4
187091
99663.8
100600
100126
99010
98887.4
100830
99302.7
100022
82273.5
99958.2
118473
131043
100001
100001
100000
99906.5
99867.7
100000
100000
100000
100000
100000
92988.7
123902
88180.6
85226.1
100560
100474
179278
91857
92700.4
91451.3
59084
100000
100000
102152
82930.3
92767.4
95504.3
82652.5
88048.7
87200.7
81681
88337.1
100000
100000
156667
110485
156481
99988.6
99987.4
99659
99702.3
71353.1
69391.3
100793
100684
100000
100000
100000
100000
63095.1
100000
100006
181270
100000
100000
100000
96747.1
65603.4
100539
101614
87233.5
109231
75034.9
99945.3
99974.3
102612
100000
100000
96950.9
100457
100000
100000
100000
100000
100000
82387.1
95398.5
94928.1
100001
100000
100001
129290
91324.8
87263.8
95472.4
127889
99970.2
56558.8
87332.5
100000
163098
83229.6
82799.3
88657.1
100002
99885.5
95231.7
100000
99072.9
100081
100020
100274
100000
100000
100000
76836.6
102296
100000
100000
100004
99809.2
87607
100557
97597.9
99245.1
99964
101984
99146.2
101057
101185
98568.9
99706.3
100017
100121
99776.2
102283
100000
100889
100000
100000
100123
149393
100000
100000
86360.1
100000
100000
100000
100067
100860
100006
99778
108768
100000
99838.7
100960
99426.8
100000
100653
107604
99254.9
102132
98681
99088.1
152588
88932.8
114258
109937
68461.7
64100.2
73697.2
100000
100000
100000
100646
100006
99606.4
88332.7
160968
87385.1
99713.3
98515.4
102278
99508
101326
97999.7
100000
98542.9
100000
64051.8
91272.8
96135.7
63932.8
79226.6
70786.3
66079.2
100137
109008
106473
100000
101775
99964
86849
100000
100000
96769.4
104004
120623
100007
101188
91235.3
99999.2
147938
68449.7
77957.6
66145.1
86981.3
100000
100001
100021
143275
226180
140673
105855
103972
92357.7
101807
101035
101138
99328.7
99192.6
100926
99909.1
99941.8
99923.2
98763.8
98451
92032.7
119572
80453.6
102239
102620
101062
101930
98952.3
99561.3
99544.9
99475.2
150841
149268
126529
89092.7
93333.5
104261
100001
100000
100000
93408.8
122808
100001
100019
100032
100130
99609.1
108576
99449
100739
99947.8
101370
100001
100002
100000
92303
99768.9
90521.1
86583.4
108135
106423
100002
100004
99285.5
99071.2
99093.5
97624.2
100814
101498
100000
100212
114742
100000
140580
140156
93582.6
89042
94278.3
92562.9
100000
99984
100016
98957
99487.9
99842.7
100042
87045.2
100002
85850
100000
99818.2
88570.3
108930
99907.9
100000
100000
101669
100018
100000
100000
100000
100000
83533
100239
100000
97995.3
103074
101128
87084.9
85733.8
96829.2
100000
100003
100003
100651
120400
85508.9
96751.9
100661
119036
112408
275677
131682
105679
100005
100019
100182
100000
101311
112036
105402
114878
92534.9
100004
100000
100000
97724.7
100239
83692.1
102529
100000
100002
100006
86518.6
95352.6
113335
100000
100183
100184
100369
100000
100000
100000
100000
100000
100020
100958
100000
100000
109591
86344.1
101572
114553
100000
100000
100000
98011.8
99628.6
99862.3
99188.5
100059
122409
102445
102470
110635
100000
104507
91829.5
100000
90562.8
100512
91202.2
91922.1
97003.8
96265.9
96121.1
100000
100001
99974
100000
100004
100000
100000
86876.8
100001
99983.9
100003
119517
97081.5
125071
102947
106893
97666.9
86218.5
100000
102813
86311
107637
97252.2
108344
101436
110814
100450
100200
85046.7
108320
101882
99854.5
99693.2
99888.8
96547.4
92282.2
100000
108408
99535.1
98733.5
99064.9
121185
101089
108845
87744.5
89769.8
100000
100000
91662.9
117510
101286
136670
104734
130185
89925.7
92904.8
101543
87466.7
97016.2
96075
133123
97750.2
100654
100057
130433
100588
97559.1
97132.4
100000
115504
90865.4
94395.8
135015
134499
94444.4
100000
98423.6
97729.3
100000
100000
100000
97786.4
100001
100207
100000
100500
101667
93094.2
93065.6
100000
91052.1
100020
79531
91305.2
93270.1
110062
100000
91522.3
100006
100060
100021
100063
100000
100000
100000
100000
100001
100000
120272
110864
100001
100003
100000
98842.4
100000
101151
96027.2
98310.4
100000
111944
100000
100000
100000
115338
100094
125688
100000
106159
113138
100000
123379
100000
124179
123911
100000
96776.7
100004
100000
100000
104459
108388
100004
97818.7
100000
100916
101601
100004
96782.8
100150
95758.1
100000
99982.7
96926.4
100000
100011
97916.3
100032
100013
100036
96106.3
99589
100000
100000
100000
96156.3
96914.9
98776
100001
100004
105130
108957
97219.7
104096
98005
114312
100000
100000
100000
100100
99814.5
96969.7
99901.2
100000
105580
104425
108694
101266
98230.6
100000
99941.4
99765.1
100001
100001
100002
100000
99899.2
100000
99749
99447.6
99847
100001
100032
100001
101033
101685
106472
99419.5
99988.7
99923.7
100003
100219
100000
100025
100000
100000
100000
100006
100007
100001
100000
100004
98627.8
100000
100000
100129
100004
100001
100006
100021
100012
101329
101212
100037
99918.8
100281
104464
100010
99894.9
99997.8
99869.3
100001
100005
100000
100004
99808.5
100007
99273.8
100024
100207
100504
101980
100032
100063
101594
100656
102308
100058
103953
100025
100000
100030
100000
100069
100031
100072
100391
)
;

boundaryField
{
    bullet
    {
        type            zeroGradient;
    }
    topWall
    {
        type            zeroGradient;
    }
    bottomWall
    {
        type            zeroGradient;
    }
    inlet
    {
        type            fixedValue;
        value           uniform 100000;
    }
    outlet
    {
        type            waveTransmissive;
        gamma           1.3;
        fieldInf        100000;
        lInf            1;
        value           nonuniform List<scalar> 
30
(
172162
171884
137026
100392
100003
100000
100000
100000
100000
100000
100000
100000
100000
100000
100000
100000
100000
100000
100000
100000
100000
100000
100000
100000
100000
100016
102138
130138
149257
157495
)
;
    }
    defaultFaces
    {
        type            empty;
    }
}


// ************************************************************************* //
