/*--------------------------------*- C++ -*----------------------------------*\
  =========                 |
  \\      /  F ield         | OpenFOAM: The Open Source CFD Toolbox
   \\    /   O peration     | Website:  https://openfoam.org
    \\  /    A nd           | Version:  6
     \\/     M anipulation  |
\*---------------------------------------------------------------------------*/
FoamFile
{
    version     2.0;
    format      ascii;
    class       surfaceScalarField;
    location    "0.0008";
    object      phi;
}
// * * * * * * * * * * * * * * * * * * * * * * * * * * * * * * * * * * * * * //

dimensions      [1 0 -1 0 0 0 0];

internalField   nonuniform List<scalar> 
5786
(
0.150621
-9.35363e-15
0.150621
-3.77753e-14
0.150621
-8.14904e-14
0.150621
-6.10068e-14
0.150621
3.56909e-13
0.150621
2.89707e-12
0.150621
1.57377e-11
0.150621
7.52982e-11
0.150621
3.35497e-10
0.150621
1.41968e-09
0.150621
5.75758e-09
0.150621
2.25138e-08
0.150621
8.55475e-08
0.150621
3.18247e-07
0.150621
1.15979e-06
0.150621
4.12598e-06
0.150621
1.41679e-05
0.150617
4.61596e-05
0.150615
3.85605e-05
0.150621
-7.76496e-06
0.150622
-1.3285e-05
0.15062
-3.15826e-06
0.150622
-1.00899e-05
0.150623
-1.42413e-05
0.15062
-7.42915e-07
0.15062
1.34261e-06
0.150622
-8.24604e-06
0.150622
-8.59944e-06
0.150621
-3.63151e-06
0.150621
-6.04144e-07
0.150621
-1.30094e-07
0.150621
-3.26369e-08
0.150621
-9.45544e-09
0.150621
-3.19884e-09
0.150621
-1.10444e-09
0.150621
-3.28234e-10
0.150621
-4.70189e-11
0.150621
7.57599e-11
0.150621
1.72327e-10
0.150621
2.66137e-10
0.150621
4.72635e-10
0.150621
8.67489e-10
0.150621
1.72429e-09
0.150621
3.0835e-09
0.150621
5.11081e-09
0.150621
8.31385e-09
0.150621
1.0643e-08
0.150621
1.22167e-08
0.150621
1.42993e-08
2.03115e-08
0.150621
-9.85323e-15
0.150621
-4.40481e-14
0.150621
-8.67917e-14
0.150621
-6.59472e-14
0.150621
3.58963e-13
0.150621
2.95586e-12
0.150621
1.61264e-11
0.150621
7.7025e-11
0.150621
3.42559e-10
0.150621
1.44765e-09
0.150621
5.87203e-09
0.150621
2.30122e-08
0.150621
8.79476e-08
0.150621
3.30751e-07
0.150621
1.22658e-06
0.150622
4.50596e-06
0.150622
1.64822e-05
0.150616
5.83161e-05
0.150611
5.04229e-05
0.150621
-9.23847e-06
0.150623
-1.75713e-05
0.15062
-9.28835e-07
0.150622
-8.85028e-06
0.150625
-1.80222e-05
0.15062
-1.97293e-06
0.150619
3.09723e-06
0.150622
-8.26864e-06
0.150623
-9.75039e-06
0.150621
-4.62494e-06
0.150621
-8.2979e-07
0.150621
-1.79025e-07
0.150621
-4.4272e-08
0.150621
-1.23702e-08
0.150621
-4.09308e-09
0.150621
-1.43465e-09
0.150621
-4.47124e-10
0.150621
-8.36463e-11
0.150621
7.81379e-11
0.150621
1.95177e-10
0.150621
2.88642e-10
0.150621
5.08927e-10
0.150621
9.2472e-10
0.150621
1.87643e-09
0.150621
3.27801e-09
0.150621
5.26783e-09
0.150621
8.50016e-09
0.150621
1.045e-08
0.150621
1.17358e-08
0.150621
1.42539e-08
2.23184e-08
0.150621
-1.08802e-14
0.150621
-4.88221e-14
0.150621
-9.05942e-14
0.150621
-6.95555e-14
0.150621
3.66901e-13
0.150621
3.04401e-12
0.150621
1.6633e-11
0.150621
7.91708e-11
0.150621
3.50899e-10
0.150621
1.47901e-09
0.150621
5.99519e-09
0.150621
2.35291e-08
0.150621
9.034e-08
0.150621
3.42596e-07
0.150621
1.28676e-06
0.150622
4.84636e-06
0.150622
1.86358e-05
0.150616
6.8453e-05
0.150608
6.36862e-05
0.150621
-8.70982e-06
0.150625
-2.37405e-05
0.15062
1.20685e-06
0.150621
-5.64088e-06
0.150625
-2.2375e-05
0.150621
-4.92296e-06
0.150618
5.74585e-06
0.150621
-7.72432e-06
0.150623
-1.12408e-05
0.150621
-5.75899e-06
0.150621
-1.13584e-06
0.150621
-2.4696e-07
0.150621
-6.06066e-08
0.150621
-1.63346e-08
0.150621
-5.24348e-09
0.150621
-1.85719e-09
0.150621
-6.05344e-10
0.150621
-1.33131e-10
0.150621
7.73752e-11
0.150621
2.17937e-10
0.150621
3.1112e-10
0.150621
5.45628e-10
0.150621
9.80423e-10
0.150621
2.02763e-09
0.150621
3.4813e-09
0.150621
5.41535e-09
0.150621
8.74242e-09
0.150621
1.03259e-08
0.150621
1.11908e-08
0.150621
1.4092e-08
2.41619e-08
0.150621
-1.58207e-14
0.150621
-5.08482e-14
0.150621
-8.94285e-14
0.150621
-6.92779e-14
0.150621
3.91187e-13
0.150621
3.20224e-12
0.150621
1.7436e-11
0.150621
8.24509e-11
0.150621
3.63206e-10
0.150621
1.52369e-09
0.150621
6.1621e-09
0.150621
2.41812e-08
0.150621
9.30628e-08
0.150621
3.5453e-07
0.150621
1.34105e-06
0.150622
5.12837e-06
0.150622
2.04092e-05
0.150617
7.44167e-05
0.150605
7.84041e-05
0.150621
-5.5248e-06
0.150626
-3.19513e-05
0.15062
2.77213e-06
0.150618
6.22134e-07
0.150626
-2.64052e-05
0.150621
-1.05126e-05
0.150617
8.57679e-06
0.150621
-6.29385e-06
0.150623
-1.29438e-05
0.150621
-7.13995e-06
0.150621
-1.55813e-06
0.150621
-3.40358e-07
0.150621
-8.33803e-08
0.150621
-2.17533e-08
0.150621
-6.70824e-09
0.150621
-2.38748e-09
0.150621
-8.11048e-10
0.150621
-2.0082e-10
0.150621
7.22682e-11
0.150621
2.40704e-10
0.150621
3.34036e-10
0.150621
5.82385e-10
0.150621
1.03754e-09
0.150621
2.17963e-09
0.150621
3.70137e-09
0.150621
5.5585e-09
0.150621
9.02198e-09
0.150621
1.02684e-08
0.150621
1.0676e-08
0.150621
1.37515e-08
2.57162e-08
0.150621
-1.3508e-14
0.150621
-5.68739e-14
0.150621
-1.03885e-13
0.150621
-1.85317e-13
0.150621
-5.21045e-14
0.150621
1.16619e-12
0.150621
8.62887e-12
0.150621
4.56289e-11
0.150621
2.15017e-10
0.150621
9.50718e-10
0.150621
4.03737e-09
0.150621
1.65322e-08
0.150621
6.61335e-08
0.150621
2.62609e-07
0.150622
1.05546e-06
0.150623
4.58965e-06
0.150624
2.1096e-05
0.150616
7.3393e-05
0.150588
0.000111042
0.150622
-6.93414e-06
0.150633
-4.5552e-05
0.150618
6.84607e-06
0.150613
1.03534e-05
0.150629
-3.58835e-05
0.150625
-1.75048e-05
0.150614
1.38837e-05
0.150622
-4.58141e-06
0.150624
-1.56153e-05
0.150621
-7.69725e-06
0.150621
-2.12579e-06
0.150621
-4.80378e-07
0.150621
-1.15759e-07
0.150621
-2.9279e-08
0.150621
-8.56211e-09
0.150621
-3.04438e-09
0.150621
-1.07179e-09
0.150621
-2.90671e-10
0.150621
6.28144e-11
0.150621
2.64069e-10
0.150621
3.50561e-10
0.150621
6.20335e-10
0.150621
1.08898e-09
0.150621
2.34444e-09
0.150621
3.9503e-09
0.150621
5.70423e-09
0.150621
9.3046e-09
0.150621
1.02618e-08
0.150621
9.86532e-09
0.150621
1.26702e-08
2.748e-08
-0.0368544
0.0305215
-0.00271813
0.000222249
-0.0361042
-0.0116259
0.00409344
-0.205938
0.1331
-0.250977
0.144311
-0.178348
0.0178399
-0.232071
0.00255294
-0.245622
-0.0319741
-0.355931
0.115993
-0.391492
0.0644301
-0.540603
0.156052
-0.420014
-0.106217
-0.021059
-0.386616
0.0410216
-0.00964787
0.065339
-0.0366551
-0.019842
0.0139516
-0.00237027
-0.00231669
-0.0849663
-0.0384724
0.0335049
-0.117835
0.153989
-0.226675
0.351352
-0.203711
0.086445
-0.202781
-0.0840831
-0.343155
0.0464041
-0.419759
0.222997
-0.674239
0.350294
-0.664698
0.172595
-0.421569
-0.315518
-0.0198247
-0.75117
0.0371977
-0.0279298
0.120282
-0.0243319
-0.011532
0.0289485
-0.00338312
-0.00305289
-0.0910348
-0.0517413
0.0790587
-0.0950628
0.153089
-0.248725
0.569261
-0.150032
0.088014
-0.21098
-0.0434045
-0.431809
0.199263
-0.633633
0.437528
-0.599457
0.335894
-0.426591
0.0213999
-0.265533
-0.453751
-0.0329309
-0.968118
0.039768
-0.0760654
0.171243
-0.0238688
0.263633
-0.195344
-0.00434446
-0.00785632
0.211525
-0.149814
0.206096
-0.185996
0.22543
-0.221711
0.571345
-0.191989
0.175463
-0.275478
0.0238647
-0.409021
0.280008
-0.502583
0.549034
-0.427837
0.280952
-0.322504
-0.062392
-0.23168
-0.533479
-0.0409692
-1.16303
0.0527688
-0.150981
0.223187
-0.0275331
-0.0423394
-0.00560193
-0.0938639
-0.0244617
0.203138
-0.1795
0.320656
-0.230203
0.285302
-0.211824
0.463578
-0.206287
0.32602
-0.315824
0.12676
-0.371249
0.280296
-0.394813
0.579951
-0.389965
0.292499
-0.302782
-0.131788
-0.232051
-0.599296
-0.0492922
-1.36216
0.0881023
-0.285732
-0.0279197
0.274704
-0.125551
0.0840321
0.00499462
-0.0884499
0.418096
-0.390085
0.582404
-0.144501
0.459388
0.125429
0.512886
-0.0562862
0.52921
0.0815843
0.253611
0.298377
0.0914848
0.103855
0.0442217
0.00390175
0.0345267
0.0103717
0.0434043
0.00983824
-0.000197193
0.0663887
-0.0128174
0.00915258
0.000770266
-0.0971759
0.157923
0.00221657
-0.156844
0.337461
-0.701095
0.619109
-0.403879
0.757416
0.00323841
0.457247
0.251695
0.512222
0.0874259
0.303931
0.553705
0.20388
0.224028
0.0437212
0.0436785
0.032089
0.0185574
0.0476524
0.0193103
0.0146017
0.11955
-0.00307861
0.0302316
0.00457803
-0.0852306
0.214391
0.0205244
-0.250231
0.241322
-0.900426
0.431966
-0.559777
0.596716
-0.126713
0.68241
0.184802
0.48889
0.304939
0.362161
0.70807
0.265602
0.376169
0.0348044
0.13657
0.034031
0.0160078
0.0679184
0.0201729
0.0241269
0.179914
-0.00140591
0.0705111
0.00826524
-0.0891554
0.253407
0.0314951
-0.366076
0.233134
-1.07968
0.359376
-0.652624
0.449712
-0.178625
0.477193
0.185914
0.449707
0.341169
0.413539
0.731132
0.247762
0.587282
0.0569165
0.194759
0.0501794
0.0231615
0.0574592
0.0480717
0.0477202
0.218721
-0.000782179
0.135526
0.0143678
-0.113084
0.295878
0.0422481
-0.496331
0.252567
-1.26438
0.367553
-0.734986
0.489407
-0.260641
0.464533
0.247365
0.367854
0.460205
0.351123
0.727673
0.243979
0.717444
0.0766106
0.240529
0.0747651
0.0323817
0.0814575
0.0805236
0.062125
0.256837
0.0192285
0.169894
0.0417215
-0.150621
3.13582e-08
-0.150621
2.71184e-08
-0.150621
2.41421e-08
-0.150621
1.92265e-08
-0.150621
1.77359e-08
-0.150621
1.2137e-08
-0.150621
8.89462e-09
-0.150621
4.26424e-09
-0.150621
2.08557e-09
-0.150621
9.33023e-10
-0.150621
3.825e-10
-0.150621
-1.19138e-10
-0.150621
-6.79061e-10
-0.150621
-1.43615e-09
-0.150621
-1.80287e-09
-0.150621
-1.87538e-09
-0.150621
-1.51922e-09
-0.150621
8.79078e-10
-0.150621
1.1015e-08
-0.150621
5.2572e-08
-0.150621
2.34963e-07
-0.150621
9.68707e-07
-0.150621
3.12444e-06
-0.150621
5.51959e-06
-0.15062
6.67792e-06
-0.15062
8.16263e-06
-0.15062
9.28269e-06
-0.15062
9.59383e-06
-0.15062
1.07035e-05
-0.150618
2.07192e-05
-0.150619
2.69249e-05
-0.150619
2.85219e-05
-0.15062
2.85086e-05
-0.150621
1.33398e-05
-0.150621
6.26519e-06
-0.150621
1.95895e-06
-0.150621
5.63545e-07
-0.150621
1.60787e-07
-0.150621
4.50015e-08
-0.150621
1.23988e-08
-0.150621
3.38131e-09
-0.150621
9.1509e-10
-0.150621
2.43546e-10
-0.150621
6.23195e-11
-0.150621
1.5116e-11
-0.150621
3.6417e-12
-0.150621
8.52401e-13
-0.150621
1.75804e-13
-0.150621
2.91989e-14
-8.32667e-17
-0.150621
3.11836e-08
-0.150621
2.62273e-08
-0.150621
2.27054e-08
-0.150621
1.81942e-08
-0.150621
1.76659e-08
-0.150621
1.28028e-08
-0.150621
9.48721e-09
-0.150621
4.63406e-09
-0.150621
2.30127e-09
-0.150621
9.8584e-10
-0.150621
3.71466e-10
-0.150621
-2.20266e-10
-0.150621
-8.50567e-10
-0.150621
-1.58863e-09
-0.150621
-1.8859e-09
-0.150621
-1.928e-09
-0.150621
-1.2987e-09
-0.150621
2.11246e-09
-0.150621
1.68086e-08
-0.150621
7.72564e-08
-0.150621
3.45278e-07
-0.150621
1.40467e-06
-0.150621
4.2355e-06
-0.150621
6.60496e-06
-0.15062
7.59095e-06
-0.15062
9.40057e-06
-0.15062
1.03808e-05
-0.15062
1.05902e-05
-0.15062
1.22045e-05
-0.150618
2.43558e-05
-0.150619
3.02255e-05
-0.150619
3.20602e-05
-0.15062
3.33358e-05
-0.150621
1.58485e-05
-0.150621
8.01647e-06
-0.150621
2.28524e-06
-0.150621
6.12009e-07
-0.150621
1.69853e-07
-0.150621
4.68729e-08
-0.150621
1.27808e-08
-0.150621
3.45591e-09
-0.150621
9.30599e-10
-0.150621
2.4612e-10
-0.150621
6.18108e-11
-0.150621
1.44111e-11
-0.150621
3.41469e-12
-0.150621
7.96474e-13
-0.150621
1.60677e-13
-0.150621
2.76723e-14
-1.30451e-15
-0.150621
3.06081e-08
-0.150621
2.52574e-08
-0.150621
2.13118e-08
-0.150621
1.75116e-08
-0.150621
1.75579e-08
-0.150621
1.34859e-08
-0.150621
9.918e-09
-0.150621
5.03969e-09
-0.150621
2.53169e-09
-0.150621
1.03286e-09
-0.150621
3.36492e-10
-0.150621
-3.31824e-10
-0.150621
-1.04298e-09
-0.150621
-1.71937e-09
-0.150621
-1.95671e-09
-0.150621
-1.94544e-09
-0.150621
-9.42665e-10
-0.150621
3.86169e-09
-0.150621
2.43276e-08
-0.150621
1.09422e-07
-0.150621
4.90813e-07
-0.150621
1.9653e-06
-0.150621
5.45307e-06
-0.150621
7.49934e-06
-0.15062
8.50053e-06
-0.15062
1.06034e-05
-0.15062
1.14297e-05
-0.15062
1.16056e-05
-0.150619
1.42182e-05
-0.150618
2.80102e-05
-0.150619
3.30292e-05
-0.150619
3.51543e-05
-0.15062
3.85758e-05
-0.15062
1.8627e-05
-0.150621
1.00403e-05
-0.150621
2.6361e-06
-0.150621
6.60369e-07
-0.150621
1.78346e-07
-0.150621
4.87063e-08
-0.150621
1.31813e-08
-0.150621
3.53431e-09
-0.150621
9.48054e-10
-0.150621
2.49185e-10
-0.150621
6.13673e-11
-0.150621
1.36653e-11
-0.150621
3.16647e-12
-0.150621
7.36078e-13
-0.150621
1.46327e-13
-0.150621
2.13163e-14
-4.35763e-15
-0.150621
2.96993e-08
-0.150621
2.40868e-08
-0.150621
2.02041e-08
-0.150621
1.71331e-08
-0.150621
1.74487e-08
-0.150621
1.41642e-08
-0.150621
1.01751e-08
-0.150621
5.51106e-09
-0.150621
2.77129e-09
-0.150621
1.07318e-09
-0.150621
2.66855e-10
-0.150621
-4.57875e-10
-0.150621
-1.23713e-09
-0.150621
-1.83677e-09
-0.150621
-2.0158e-09
-0.150621
-1.91437e-09
-0.150621
-4.03664e-10
-0.150621
6.32078e-09
-0.150621
3.44631e-08
-0.150621
1.53524e-07
-0.150621
6.90332e-07
-0.150621
2.71527e-06
-0.150621
6.72854e-06
-0.150621
8.24388e-06
-0.15062
9.45781e-06
-0.15062
1.17764e-05
-0.15062
1.24073e-05
-0.15062
1.26925e-05
-0.150618
1.69011e-05
-0.150619
3.19455e-05
-0.150619
3.5131e-05
-0.150618
3.80241e-05
-0.15062
4.47969e-05
-0.15062
2.18591e-05
-0.150621
1.2367e-05
-0.150621
3.03072e-06
-0.150621
7.1227e-07
-0.150621
1.86501e-07
-0.150621
5.06061e-08
-0.150621
1.36521e-08
-0.150621
3.62992e-09
-0.150621
9.72104e-10
-0.150621
2.53982e-10
-0.150621
6.13485e-11
-0.150621
1.29765e-11
-0.150621
2.91089e-12
-0.150621
6.68965e-13
-0.150621
1.31034e-13
-0.150621
1.31839e-14
-8.43769e-15
-0.150621
2.97338e-08
-0.150621
2.27953e-08
-0.150621
1.94692e-08
-0.150621
1.69468e-08
-0.150621
1.76309e-08
-0.150621
1.45896e-08
-0.150621
1.07306e-08
-0.150621
6.0948e-09
-0.150621
3.03378e-09
-0.150621
1.0584e-09
-0.150621
1.93863e-10
-0.150621
-6.18332e-10
-0.150621
-1.3593e-09
-0.150621
-1.92904e-09
-0.150621
-2.10952e-09
-0.150621
-1.84403e-09
-0.150621
4.02682e-10
-0.150621
9.84974e-09
-0.150621
4.83395e-08
-0.150621
2.19051e-07
-0.150621
9.71754e-07
-0.150621
3.98315e-06
-0.150621
7.77812e-06
-0.150621
8.86262e-06
-0.15062
1.03655e-05
-0.15062
1.3018e-05
-0.15062
1.3461e-05
-0.15062
1.38435e-05
-0.150613
1.75997e-05
-0.150617
3.70818e-05
-0.150619
3.70279e-05
-0.150616
4.04248e-05
-0.15062
5.39197e-05
-0.15062
2.61312e-05
-0.150622
1.54805e-05
-0.150621
3.09247e-06
-0.150621
6.04745e-07
-0.150621
1.43464e-07
-0.150621
3.80958e-08
-0.150621
1.01086e-08
-0.150621
2.5886e-09
-0.150621
6.84018e-10
-0.150621
1.73533e-10
-0.150621
3.7436e-11
-0.150621
5.35189e-12
-0.150621
8.30913e-13
-0.150621
1.67139e-13
-0.150621
1.43198e-15
-0.150621
-2.55909e-14
-1.64154e-14
7.45574
1.74452e-14
2.5894
4.86634
4.06428
3.39146
4.04997
3.40577
3.91886
3.53688
7.45574
-6.35726
6.35726
6.39537
-6.39537
-6.50148
6.50148
-6.58921
6.58921
6.53891
-6.53891
6.51654
-6.51654
6.50646
-6.50645
6.53017
-6.53013
6.67149
-6.67457
6.74335
-6.73247
6.73248
-6.74047
6.73013
-6.72539
6.71415
-6.71556
6.71099
-6.71104
6.70921
-6.7093
6.71197
-6.71198
6.71943
-6.71943
6.72515
-6.72515
6.71754
-6.71754
6.70519
-6.70519
6.69427
-6.69427
6.63561
-6.63561
6.4654
-6.4654
6.61362
-6.61362
-7.45574
-2.522
-4.93374
-4.08574
-3.36999
-3.97876
-3.48887
-7.61095
-1.06118
-0.334638
-17.8646
1.71542
-3.32128
-2.69459
5.70199
-10.2773
0.131101
-4.37726
49.8253
0.510481
-3.28945
3.34136
-0.619605
-6.95893
150.261
-0.398913
-29.0552
53.7566
0.0592713
-2.35666
0.745421
-0.266267
-1.75406
2.0417
-0.584873
-10.4164
8.37185
-12.9998
-165.53
58.8265
-0.127859
-6.37312
3.16194
-0.00255416
-6.10373
21.271
-0.0411095
-15.7638
17.6221
0.578536
-4.47009
3.72345
0.211573
-4.85798
4.55631
-0.181077
-8.27504
8.86023
-0.00836838
-2.57974
1.65283
1.27014
-0.362301
0.140536
0.797871
-0.0939903
0.138031
0.00674932
0.0350807
0.169207
-1.3967
-0.172111
-0.025238
0.165687
-0.640721
0.0567568
0.389944
-0.559086
1.04276
-0.277648
0.0179717
-0.032494
-0.488262
2.06394
1.26608
-3.33215
0.876381
-0.714468
-0.807206
1.15131
1.20103
-0.907824
1.45152
-0.896413
1.34793
-1.20198
1.92014
-1.73995
2.62342
-2.0821
3.49838
-3.19841
2.09515
-2.20907
1.35533
-1.95446
1.07864
-2.43811
0.0051337
-0.300403
0.0343588
-0.184477
-0.111294
-0.471974
-0.0957179
-1.44678
1.44769
-0.000527309
-1.81253
1.81253
1.77616e-06
2.28517
-2.28517
-5.71272e-09
2.80432
-2.80432
-8.27191e-10
-3.55054
3.55054
-7.13171e-11
-4.50692
4.50692
4.78968e-13
-5.72963
5.72963
-1.10865e-13
-6.53303
6.53303
9.15541e-15
1.09848
-9.97773
0.219266
-0.0197513
-4.11511
6.70451
3.34062
7.4049
4.06631
3.38942
7.45777
7.43939
3.40908
4.04666
3.07862
4.37712
6.64291
-6.64291
6.38768
-6.38768
6.57634
-6.57634
-6.56587
6.56587
-6.52339
6.52339
-6.51391
6.51391
-6.5033
6.50331
-6.59556
6.59634
-6.7182
6.71884
-6.74946
6.749
-6.73084
6.73116
-6.72678
6.72578
-6.71512
6.71716
-6.71339
6.71285
-6.71176
6.71172
-6.72131
6.72131
-6.72169
6.72169
-6.71732
6.71732
-6.71265
6.71265
-6.70677
6.70677
-6.67597
6.67597
-6.55698
6.55698
-6.4767
6.4767
-0.0128781
-6.19075
6.19075
-4.46275
-2.99299
-3.51307
-3.94275
-3.25678
-4.61208
-0.113794
-1.27377
-7.73643
-7.06847
-0.165611
-3.6721
-0.853702
-0.00774242
-0.517194
169.657
-108.472
1.52474
2.38665
-3.30769
0.46322
5.5267
-216.748
-0.830579
1.16552
-3.65637
-0.233573
7.9989
-4.97355
-0.716223
0.998505
-2.73514
-0.238361
1.5743
-1.80677
-0.920159
9.79694
-14.6967
-1.16319
85.6159
-4.25461
3.71866
1.69557
-4.84865
-1.10017
4.25651
-35.3741
-0.103178
12.3771
-10.5481
7.23249
12.0205
-17.2057
0.189854
4.40053
-8.4289
-0.0267412
4.92912
-4.26431
-0.0120785
0.199644
-0.403326
0.976935
0.156693
-0.139755
0.262473
0.10597
-0.203269
0.0783853
1.28309
0.29876
-1.73019
0.128815
-0.254312
0.242535
0.0618903
-1.30301
1.23601
0.420377
0.408316
0.280739
0.524436
0.401967
0.642286
0.571813
0.505569
0.780678
1.37152
-1.09148
-0.857648
-0.840859
-2.71109
1.30645
-1.28018
-0.00328376
1.62598
-1.62584
3.99253e-05
-2.03818
2.03818
7.344e-08
0.246989
-2.59944
2.59944
-3.62149e-09
0.204882
3.07029
-3.07029
-2.09743e-10
3.99718
-3.99718
3.72444e-12
5.08862
-5.08862
-1.49025e-12
6.40825
-6.40825
8.72051e-14
0.922704
7.32793
7.45242
6.6155
0.00768167
-0.0748586
0.0233462
0.015514
0.00263608
0.00316826
-0.0653092
-0.0513889
-0.00251134
0.000693825
0.00423397
-0.00173439
-0.00252458
-0.00262238
-0.00935244
-0.0022597
0.00783224
0.00489518
-0.00158152
0.0183004
0.0786241
-0.0112966
0.422868
-7.59882
-7.31936
-1.99911
-0.577335
0.307436
-0.093372
3.32598
9.94761
-0.310713
-1.24023
0.103646
-0.16448
-1.40733
0.0343023
0.60932
-2.04381
-3.00746
-1.55425
-1.46976
0.0970098
0.0324858
1.50271
0.0476257
-0.811697
-0.603174
2.66481
0.70588
0.179293
0.225651
0.314271
0.265966
0.446636
0.581706
0.678623
0.0068533
0.00745689
-0.0267859
-0.0758864
-0.0189287
0.0104357
0.00834145
0.00524555
0.00811651
0.00344498
-0.000289579
0.0018811
-0.0034644
-0.000225949
0.00745574
0.0125015
0.0403664
0.0915775
-0.136914
-7.83274
-7.4332
-10.2026
-0.0467334
-0.411098
-6.00618
0.034493
-0.142934
-0.306903
-0.509638
0.224679
-2.01299
-4.8912
-1.51308
-3.19186
0.404029
-1.41121
0.163415
0.185155
-0.536088
-0.0890604
0.247546
0.0269612
-0.285653
-7.92673
0.218451
-0.158726
2.34797
0.124782
0.641005
0.509739
0.186693
0.168202
0.480255
3.70844
3.69646
4.53098
2.08452
5.4756
3.86599
3.58644
6.22449
-6.2168
-4.16595
-3.76078
-3.78699
-6.53401
6.56097
6.56647
-6.64133
4.35803
-6.02706
6.60141
-6.57807
0.0674029
-4.24374
-3.35509
-6.51609
6.51873
6.49268
-6.4895
6.50191
-6.56683
-6.79236
6.75733
6.68538
-6.69092
6.79278
-6.78703
-6.65015
6.6381
6.79793
-6.79947
6.71887
-6.66105
6.71664
-6.73331
6.71589
-6.72549
6.72869
-6.73095
-6.72937
6.7372
-6.71604
6.72093
6.70783
-6.70941
6.71543
-6.69713
-6.60684
6.68546
-6.35379
6.3425
-4.34112
-3.49162
-8.50707
-7.73536
-6.63335
6.62047
-0.0668757
0.0423998
6.60089
-3.39519
-6.37738
-3.77219
-3.64835
-2.94128
-9.13371
7.62297
-4.22022
-6.52038
6.40659
-0.295895
-0.234743
-1.90848
1.90722
-7.6355
7.76028
-8.51529
14.5193
0.037079
-4.13504
39.0018
0.0644122
-29.0154
12.2219
-0.102136
-47.8997
44.9796
34.7689
-17.5995
-10.0066
4.26619
-4.37479
5.5695
-21.916
22.7958
-7.66927
7.77362
-1.96529
8.54131
-8.40181
8.79946
-5.83921
4.17299
-4.67549
4.88424
3.98074
-7.88116
-9.29612
5.78399
7.48501
-7.0645
5.39421
-4.99786
-1.18412
1.26262
0.82185
-0.925158
-1.55793
0.823992
0.0198193
6.40342
-6.15588
0.186619
1.46843
-1.00468
-0.696703
0.800572
-1.19375
1.24646
-0.885947
0.528123
0.626343
2.49324
-2.24626
1.74019
-1.56084
3.75158
-3.27132
-2.0109
2.23655
0.482348
-1.34566
1.51552
0.393953
-3.09661
3.36257
0.654968
-2.84701
3.0519
0.51556
5.30295
-4.72124
-1.7866
1.9733
0.449954
6.65397
-5.97535
-4.20914
4.71888
1.09381
6.51985
-6.513
0.00376678
-5.26834
5.90934
1.38564
5.78904
1.58724
-0.977486
-1.20518
1.8574
2.7601
-2.43352
3.67154
-3.00453
3.04367
-1.69828
0.441958
-1.54806
-1.26955
0.495829
0.193747
-2.87615
-1.04484
-0.96606
-3.93712
2.51635
-1.72869
3.60037
3.72757
7.46636
8.25855
-3.46281
4.90434
-0.102482
7.56012
-7.54777
-9.56144
0.600259
-0.524747
0.668404
0.324327
-1.84646
6.82263
0.00110926
6.69495
3.68735
3.75204
7.27379
0.311062
-7.92897
6.64411
0.00687976
6.75116
6.51044
0.0505334
6.52595
-2.27158
0.0421061
1.1881
7.27446
-6.50796
6.51542
-6.49344
6.4667
-6.6882
6.61422
6.76794
-6.8428
0.0245942
0.0134849
-6.65369
6.7935
-6.7073
6.67286
-6.72933
6.73388
-6.71148
6.71066
-6.72812
6.72997
6.72289
-6.72636
6.71912
-6.71935
-6.71476
6.72221
-6.71024
6.72274
6.70956
-6.66919
6.57543
-6.48386
6.37345
-6.51036
-7.1249
-0.650855
-0.176691
2.82999
-7.09438
-38.3158
-3.96663
-3.46848
-35.2694
-7.3219
0.0107746
-7.13591
-0.000718079
1.78493
5.76231
-5.0598
-50.552
-0.348104
-36.4215
4.27893
-14.5887
0.0723661
0.0811976
7.3647
-0.907788
7.01256
-3.60785
5.73817
-15.7171
22.473
-9.06644
6.14287
-16.6976
2.91456
-3.855
10.3951
-9.44346
2.31826
-11.3539
6.26296
-1.68232
6.0391
5.88788
-7.41281
-6.11634
8.83995
-6.26403
5.90145
-2.20225
4.85385
-0.519607
0.585092
-1.27421
0.00308632
-0.00648006
0.562552
4.85805
1.11859
0.412548
-0.600445
0.0129537
3.8934
3.56437
7.60184
7.31641
2.52515
0.526752
-0.00118888
2.83942
-3.74248
4.18911
8.55452
0.9764
1.32588
0.934286
1.16819
-0.0666164
-1.23942
1.55771
-1.02535
0.70766
-0.751448
-0.319683
-0.515435
1.18493
0.221639
-0.844246
0.917794
0.59316
-0.608493
-1.21131
-0.369793
0.40863
-3.04749
-1.8726
-0.681313
-0.885025
-0.184087
-0.32902
0.0177454
0.102723
-0.195362
-0.597986
-0.0242555
-0.167867
0.201606
0.0462406
-0.00240994
0.00617485
0.0178463
0.00232676
-0.012389
0.00306011
-0.00202677
-0.00155058
-0.00102758
0.0256056
-0.0154866
0.0128026
-0.000644277
0.00019503
-0.154839
-0.0999454
0.0259324
-0.0613118
0.0130642
0.0130228
-1.71803
-0.34903
-0.302931
-0.0108333
-0.0167304
-0.159501
0.00349526
0.129176
-0.468052
0.0473258
-2.02295
-0.548243
10.1395
-6.08057
43.0488
-26.4805
-7.28936
7.45985
-7.29121
7.07654
-6.50728
6.51808
-6.92519
6.95838
-5.56318
7.34812
2.99133
-4.32911
-3.11645
-6.47439
6.3772
6.77219
-6.83946
-0.121163
-6.3566
6.27563
-6.49312
6.54365
3.0122
-2.41904
5.05383
-6.5716
-6.75407
6.75223
-6.32927
6.19869
7.13177
-6.21978
0.0224741
-6.73261
6.74541
-6.80722
6.82282
-6.7384
6.76401
6.75158
-6.81595
-0.00594019
-1.07318
1.60735
6.75475
-6.76125
6.66607
-6.47322
0.00999627
6.75188
-6.74571
0.0192744
6.83551
-6.84725
-0.0285119
6.74232
-6.74473
0.00391598
3.92793
-2.23681
0.761148
-1.59797
-6.58733
6.78894
2.02951
-1.73932
-6.0814
5.91353
-3.21254
-4.10953
1.16553
-0.851301
6.43814
-6.43851
-0.0342913
-0.730235
-23.9345
-5.72558
-19.6664
6.3853
-6.01778
0.0410818
7.15236
-7.27199
0.0152129
-8.90738
13.1184
2.98678
-3.88723
-3.26815
-7.10179
-6.42455
6.60428
-6.53687
0.111159
-9.60755
5.5957
1.85339
-5.56533
5.50225
-0.959071
-9.60445
6.16415
6.71112
-8.29596
-12.1234
13.189
-2.00061
6.57672
0.246319
-22.8734
21.3949
2.26075
6.80167
-6.69894
0.214334
-14.4692
4.48551
5.87364
-6.06408
-10.993
11.9933
-4.00603
5.96917
-8.33955
6.9374
-7.32845
7.36288
-1.00155
0.811055
-1.47332
-9.06888
6.33608
-2.04047
6.58176
-6.36012
0.500363
6.02
-6.58388
5.75857
-4.92852
-3.47351
3.30906
6.74993
-6.74684
0.00420991
-5.70198
5.8886
-7.62696
15.6061
0.0575329
-4.92463
6.11273
0.633347
7.10493
-7.51797
-0.0142677
-5.41776
6.53635
2.84079
0.834365
1.80319
-1.40937
3.8207
-3.16574
1.72298
-0.67826
-3.06316
3.57872
0.757548
-2.77802
3.30477
0.800701
-20.4904
14.631
0.732135
6.53899
-6.53522
0.0317324
6.70866
-5.32302
1.78403
2.0251
1.45602
-1.1515
0.483442
0.652382
4.93073
-3.95433
-0.388691
1.52887
1.82681
-0.612137
0.47018
-1.47669
4.31324
-3.39545
1.14751
1.53528
-8.94738
6.51341
-3.79506
20.3246
-17.1893
-0.0864871
-5.41127
-6.66385
5.9124
-0.750318
-2.59467
0.504561
-1.72783
0.991176
-1.02795
0.606759
-0.503363
5.55791
-4.4641
1.60359
1.64862
2.06217
-1.61221
2.3889
-1.90655
6.51526
-6.68384
-0.290338
2.15559
-3.63462
-0.591658
-2.62643
-11.4887
14.2888
9.45446
-1.31986
0.484179
-0.560619
3.58621
3.68758
-0.969634
0.428818
-0.0154937
4.47736
3.12448
-1.11767
6.75679
-0.00206251
6.77462
3.21531
4.25105
6.80151
7.09184
0.0131029
-6.49877
6.52478
0.0193927
-0.00301148
-0.297036
0.000677369
-7.09825
7.23758
6.46273
-6.5219
-1.59759
1.54955
0.512617
-0.00842236
1.05316
-6.76693
6.7691
-0.00982301
-6.725
6.77124
-1.42543
-0.71615
6.69103
-6.75791
0.02159
0.0864968
0.276986
6.47587
0.0677829
6.48883
-8.60171
-0.552635
-11.3416
8.26686
-8.95305
21.059
-12.1757
-0.0115508
-0.0680935
-0.0854357
-4.63915
-2.259
-8.5106
3.21074
-3.55686
-1.48141
0.0572156
3.44612
-5.0739
2.46314
-5.29103
-6.90975
4.61338
-0.644336
-0.724843
19.8271
-0.973507
4.49745
-0.802065
4.25521
0.02777
-1.17209
0.486508
6.50389
-0.615287
6.20799
-0.847637
-0.857404
1.37185
0.628141
-6.61279
6.65519
0.0782476
0.118313
1.35841
-0.716565
0.579705
0.688288
1.21948
1.96215
0.55275
0.897593
-0.0156115
0.258092
-1.29204
-1.20394
-0.80784
0.77669
6.55969
-6.79444
-0.198217
-4.71444
-3.02093
-7.30911
-7.13047
-0.780159
-0.653028
0.102164
-0.875539
-1.11297
0.0390108
0.0450291
0.00762989
0.072298
3.1838
-0.0463831
-4.42389
-0.838324
-0.0776851
-0.101036
-1.81855
0.848126
38.0777
-19.9838
-6.78721
6.82621
-6.81746
6.81826
-6.90915
6.34027
-6.92143
6.83578
28.4495
-21.6456
-7.29486
7.41146
9.11186
-4.51304
7.46869
2.31726
-1.54056
-7.20407
5.23003
-6.49592
6.51534
-7.81068
1.2918
-33.5508
-6.62617
5.39922
79.1644
-44.1066
9.06291
-8.56744
0.0518392
-6.52105
6.25168
-13.7191
15.9891
0.346776
6.86838
-10.484
-1.79876
2.31138
0.518495
7.18139
-7.05472
0.0951525
8.44046
-8.43537
-0.0108874
-6.7852
6.80452
6.73164
-6.54409
-0.159754
6.8006
-6.7967
0.0133826
-2.08282
1.10391
-6.55804
6.98685
-5.98332
4.4096
18.3773
-14.0206
-6.42322
6.37686
3.22194
-4.32755
-187.079
127.124
5.5811
6.68258
-6.62661
0.0678113
6.79392
-6.79356
-0.00281141
8.04748
-7.61335
0.0674374
-2.88667
3.16953
-0.0129105
11.2048
-8.34049
3.4581
-22.3436
-1.10291
2.00824
-1.54284
30.9952
0.756611
3.87864
-4.73417
-2.09563
-1.4764
8.2565
-6.24903
0.00136033
10.0128
-9.29033
0.0128334
6.22783
-6.31539
-0.148932
0.711335
-1.35566
-33.6448
38.4118
-0.109234
6.47181
-6.40402
0.0486224
4.57857
-3.60237
6.97044
-6.7561
0.412399
12.5447
-13.6387
3.3663
-3.27714
-15.1024
3.11878
-0.211029
7.0958
-8.13918
-6.80285
6.83028
-8.18828
13.5883
-0.0428198
2.11965
-0.950541
-14.4707
15.9404
0.0368364
-6.40601
6.65664
0.0865253
4.04711
3.2693
7.17159
6.95688
9.1142
-6.43286
0.123709
3.79136
-2.99065
-4.57371
13.2678
3.61507
6.49255
-6.46079
-0.00320256
-19.0902
23.5066
0.452953
6.81438
-6.81778
0.00753805
1.92546
-1.06474
6.56932
-6.77924
-0.190089
6.79667
-6.83173
-0.0370676
-44.8328
28.0261
8.28267
6.79961
-6.79554
0.0144166
-1.57464
12.6705
0.0296153
1.30576
-2.00629
-7.62373
6.2706
6.3398
-6.57797
-0.00603639
-0.170436
-1.50093
2.05378
0.810485
-3.77184
3.03139
-1.4318
6.23277
-6.26142
-0.26448
6.58884
-6.47768
0.184833
0.371359
0.0840027
-4.81189
6.59592
1.6743
-3.21487
0.134448
-2.27666
1.03303
2.75832
-0.592948
0.0107407
0.536886
-5.14278
0.0524489
-2.30928
1.37855
-0.125103
-3.23398
-0.037335
-1.16212
-6.69985
6.77809
-0.597792
-0.00545552
-0.239802
-7.80727
-3.06289
-9.8152
6.86206
-6.78977
-0.0153329
3.57815
3.22336
-1.15629
1.53483
2.10922
-3.64405
0.398375
0.930512
-0.0838862
-4.13289
5.73647
0.743642
1.30933
1.10565
-5.00628
4.82857
0.034472
-0.0877422
0.548947
-1.66432
0.951315
1.05275
-0.861075
-6.50098
6.5904
-2.89031
0.105959
-9.35944
0.0425437
-6.74126
0.0364433
-0.0771017
-1.26819
1.73837
-0.89093
-2.32551
0.929698
1.2294
6.60751
-6.10715
2.87002
-3.89422
0.133987
-0.586443
5.77654
-6.39183
-3.82263
-3.28089
1.70423
6.62205
-6.50374
0.144372
2.88206
4.07482
6.46021
-3.94853
0.957874
-3.19098
-5.46212
4.7118
1.1454
-2.59731
0.0149539
6.96057
-4.93547
2.14868
2.53322
6.24557
-4.59695
2.11268
1.99897
0.879701
-2.40227
1.36358
121.615
-15.7155
-1.02832
11.4931
6.86161
-7.05983
0.161767
-1.80372
1.18495
-4.15015
-1.65746
-2.74346
-3.42821
4.96349
2.30827
-2.99426
-3.66182
-3.46866
-6.25913
-7.29143
0.00487604
-2.02264
0.0558718
-1.69845
0.334398
-2.33518
-3.82344
0.632457
-2.67593
4.45296
2.71863
6.98618
6.79346
-0.898448
2.57275
-6.95229
7.01209
4.33766
-3.30462
7.8431
-7.20456
-9.25006
10.073
0.274356
-6.4906
6.60898
-6.29383
5.41314
-0.572449
-2.3125
0.615938
-1.56912
6.45389
-6.936
-0.272051
2.96376
-4.37132
6.93379
-6.68525
0.539153
-4.54478
7.89391
-2.81216
3.16839
-0.111623
-3.10392
0.462926
-4.071
4.58179
0.326566
6.99521
-6.32232
-1.64287
0.887766
4.50183
-2.96701
3.60338
1.37065
-6.84792
6.85908
15.4049
-22.9221
0.885726
-6.50023
6.84981
1.96384
4.82396
-4.70192
-5.49806
3.33549
-6.85108
6.88358
-1.523
2.66058
4.59026
-7.11535
-6.63239
7.20352
-6.64868
6.53057
0.124352
0.59234
6.84862
-6.85172
-0.00173536
6.84387
-6.26255
0.590554
7.77243
-3.89268
13.8575
-11.8676
6.85427
-6.84384
0.00279699
-8.42372
10.4572
2.38078
-4.35386
0.587436
-1.46225
-0.904673
-0.586276
65.2558
-68.5683
-3.91807
2.38364
0.00427401
5.92338
-5.56102
0.462117
15.9519
-13.7683
5.11603
-5.0339
-1.7615
7.0182
0.140695
-6.31158
6.3603
-1.1096
2.08685
-1.9938
0.72713
-1.37682
-6.35478
7.23447
-2.00297
1.11108
-6.49624
32.8162
-0.721548
6.58463
-6.56696
0.100259
-1.192
2.2071
7.28249
-6.87016
0.927331
-11.2143
17.3989
-0.00164578
9.20501
-9.08273
0.0733143
-5.5962
3.67858
-0.0952321
-8.45233
9.65086
-8.66966
0.592189
-10.859
13.7203
0.18651
6.98119
-6.87549
0.110223
-13.2015
25.607
0.414727
-7.14549
9.27705
-0.0679423
5.26774
-4.43338
-37.6112
43.8559
-0.147004
-8.46254
4.56989
-3.85823
-7.0517
6.46525
-1.27516
-0.594576
6.30199
-6.30457
-0.261903
6.87695
-6.90036
0.00764085
4.06055
-5.11972
0.201904
9.17363
-8.72596
-0.76478
6.83095
-7.48502
-0.788101
-1.98682
3.39784
-1.12408
7.59759
-10.3851
-1.33418
3.09125
-9.83766
6.98518
-0.00378685
6.86637
-6.85288
0.0211898
-5.95734
6.27909
0.00917014
-4.58092
4.99948
0.0382871
-26.1143
38.7718
1.55568
-5.60271
5.36403
1.27408
-1.59801
6.44485
-6.26002
0.133319
1.44315
-2.01279
0.30885
2.28756
6.53401
-4.53505
-0.202226
2.65846
8.36546
-0.740475
-4.21972
6.33241
2.31429
-1.27535
-6.39785
6.67221
-0.356948
-2.49957
0.930572
-1.68904
-0.427057
-0.39397
7.39257
-10.3967
10.847
-1.96461
0.0776681
5.88182
0.368262
-0.0950456
-10.4881
41.633
0.719199
-5.64707
-0.206986
-7.5683
1.42662
-2.7661
0.0220841
-0.785105
0.0494741
3.1131
-2.5128
12.3475
-11.0217
-5.07299
4.17691
-2.47178
-0.540995
2.21898
-3.64857
0.343943
-2.69069
6.28309
0.0772819
6.19941
1.26723
0.734172
-0.902609
-5.8554
-6.85649
6.89209
-1.15369
-2.70413
-3.29534
0.0288841
1.15179
6.40147
-6.25709
0.141444
-3.12763
-5.76565
-0.104535
0.000682291
6.50043
-5.51255
1.23716
-3.29126
-3.94497
-5.50981
0.441409
4.75774
0.806696
-5.11373
-5.17083
-2.12073
7.04371
-6.88195
0.645863
6.68576
-4.53708
2.15072
2.4491
-1.99347
6.75121
4.46674
5.47605
-1.943
2.42624
0.53923
-0.00987005
-8.30198
0.0892013
2.3347
-4.77536
2.08467
-4.1429
0.0150728
0.00306004
1.74359
-2.28375
5.55601
-5.6744
8.03766
-5.72337
-1.85535
-6.27629
5.69473
3.10588
3.22653
1.40221
-7.38059
6.02161
-4.65702
0.415117
5.41415
-4.82812
3.30828
6.91552
-7.03707
-7.05834
9.8045
-7.43884
7.72705
-8.26481
-2.14973
0.772901
-1.21915
-3.2559
6.48242
4.78176
-0.351487
3.82885
-3.12475
20.299
5.96679
-5.83329
-6.98295
2.8807
-6.92018
6.88246
-9.65085
12.0866
10.6554
-10.8986
-6.32999
0.10985
-2.86351
119.995
-74.3495
5.9091
8.18518
-1.75212
21.9991
-36.46
10.0618
-6.83647
-7.02954
-29.5114
5.28492
-31.4872
3.5588
6.46967
-6.82134
7.03654
-3.14061
-3.87224
4.21618
-2.15806
0.882865
-1.38516
-13.2828
6.94618
5.95826
-6.19682
-0.880962
2.69156
-1.3082
5.68795
-5.79256
-0.506557
44.5716
-29.2828
-6.89641
1.58627
-5.9277
-0.995139
1.66213
1.6577
7.37222
-7.96679
0.490271
-6.91137
6.89806
-1.27696
3.55926
-2.51014
1.60741
-5.84382
2.97996
6.8962
-5.38265
4.95496
6.91352
-6.80454
-6.99923
-2.11943
0.640736
-5.29644
-2.5773
-6.99279
-7.83361
-2.49074
-6.32288
-1.13856
2.54076
6.4069
-5.99178
-2.77092
1.49532
-1.02625
-1.78757
2.33341
-1.96326
-3.57266
-4.22479
6.63911
-3.32054
4.29144
-5.95619
-0.971091
5.63255
-2.07375
3.84498
4.40868
-6.20016
0.476791
-4.04944
-5.89019
-1.62727
3.89815
0.318036
-5.82803
5.90571
0.139003
0.114133
-5.84101
5.98249
0.565888
0.149033
-1.73162
2.13743
-0.277079
4.45356
2.3399
6.90266
6.80664
-0.676442
5.2688
6.64382
-5.99795
0.652038
-3.08786
0.832588
-2.83562
2.71538
-3.85394
1.32163
4.31589
2.26276
0.452625
-2.13821
6.91998
-0.250558
-2.54771
-3.72758
-5.29041
1.97826
-3.25444
6.97483
-2.37963
0.752337
-2.4636
1.40553
0.561744
-1.94693
-1.81791
-0.625297
-0.313285
3.1393
-0.885399
-4.7252
5.04324
4.97244
-5.48004
-1.21543
2.79807
1.82501
2.40577
1.56913
-2.24552
-6.19869
2.81423
-6.24347
-3.72975
3.47092
-1.34714
6.23074
-1.3054
-8.13617
-4.31635
2.00047
2.31588
-3.05061
2.85321
1.54417
5.37581
5.95284
6.02785
7.16911
-4.5669
4.78882
-4.63984
0.701893
-2.48451
1.59659
-0.987525
5.39272
-2.65237
1.62612
-1.08312
5.32055
-5.2068
-0.146154
1.63745
-0.880229
4.29172
0.751526
-5.75995
5.89861
-5.69521
6.26108
-7.6459
-1.67759
-3.81135
-5.0137
4.99361
-2.80419
0.558603
-2.05189
0.66384
0.332645
8.01032
4.19852
-4.68522
1.47678
-4.18485
-0.97136
-4.23348
-4.28356
3.3123
0.69216
-0.180462
2.27262
-2.45309
0.220725
5.07261
3.47525
-1.6811
2.11597
5.40526
6.15678
3.19986
2.95692
1.62124
2.5245
-1.96592
-2.80546
1.81743
-1.17948
-4.23522
4.92605
1.44135
-4.60928
0.474481
-1.34203
4.54189
-5.58143
3.65158
-0.0885872
-2.49492
4.57817
-3.60389
0.294586
-4.62531
-1.01801
-2.79023
0.824314
-3.58572
4.04089
2.53778
-2.62985
0.0343095
-0.813492
-2.56951
-5.36344
1.12804
-2.05117
-3.10312
4.23093
2.05537
-4.10652
1.87055
2.67134
4.80575
0.1152
3.00473
-1.56342
1.82511
-3.35143
3.38548
-4.03825
0.934964
-1.98282
-2.41687
3.39795
0.253632
-2.90184
1.33841
-2.07752
4.03458
0.201201
1.32043
4.13789
3.19098
0.536045
-4.75544
-2.96593
-1.1406
3.23095
-1.40597
2.05039
-3.38879
7.45574
2.65055
4.80518
3.58199
3.87374
4.00787
3.44786
3.27917
4.17657
7.45574
-6.51743
6.51743
-5.49931
5.49931
4.07815
-4.07815
3.08697
-3.08697
2.44388
-2.44388
-2.04412
2.04412
-1.64693
1.64693
1.31065
-1.31062
-0.294185
-0.0708162
-0.167811
0.0161201
-0.400825
-2.92083
1.70875
-2.58101
1.9154
-2.97801
2.79257
-3.40454
3.74463
-2.38896
3.06391
-1.66423
2.333
-1.13067
1.89988
-0.859305
0.852834
-0.485022
0.606373
-0.436687
0.693559
-0.57313
0.730281
0.502407
-0.379771
0.028091
0.33356
0.14683
0.370042
2.44388
-1.40621
-3.00862
3.36809
3.14212
-4.5413
3.84672
-5.0087
8.75615
-4.63603
13.0459
-11.2058
12.2336
-20.4474
10.8463
-9.51752
5.80831
-15.1891
6.28853
-6.37547
3.14294
-3.45468
45.4585
-7.45659
3.20463
-3.6212
1.97819
-5.791
25.3298
-39.3892
4.75427
-32.4229
5.01415
-2.34666
9.34591
-7.74968
18.7847
-19.8612
8.96075
-54.4532
4.33894
-4.7206
5.79982
-3.51891
-22.6781
-4.0403
-25.9943
-3.48322
-4.11373
-3.39394
-4.06181
-3.54411
-3.91163
-7.45574
6.36502
-6.36502
6.42135
-6.42135
-6.556
6.556
-6.70504
6.70504
-6.7253
6.7253
-6.7262
6.7262
-6.72711
6.72711
-6.72131
6.72131
-6.70896
6.70896
-6.70903
6.70904
-6.70768
6.70793
-6.70603
6.70596
-6.70199
6.702
-6.70503
6.70508
-6.72618
6.72543
-6.7497
6.75043
-6.66375
6.66438
-6.52151
6.52154
-6.47226
6.47226
-6.49078
6.49078
-6.45983
6.45983
-6.39958
6.39958
-6.32525
6.32525
-6.75836
6.75836
10.1063
0.938308
-0.0169928
-44.5783
-1.09072
-3.21922
8.02441
4.23652
7.81851
3.51918
3.93655
3.29898
4.15676
7.30685
7.43593
2.57743
4.87831
6.38587
0.13156
6.38587
0.00482925
0.886555
-4.81425
4.81425
-3.46229
3.46229
-2.7279
2.7279
2.22744
-2.22744
1.84453
-1.84453
-1.45783
1.45801
1.208
-1.19303
0.197604
-3.18385
-0.814838
-1.04487
-0.494273
1.33636
1.61734
1.07037
0.857633
0.295151
0.324007
0.302795
0.336208
-0.13309
0.785181
-0.560685
-2.38765
2.80213
3.8655
-3.6856
-3.64923
3.71342
-10.7393
7.14771
-4.17921
8.85791
-15.0937
18.2147
-7.63531
8.61354
-18.2846
32.8729
-4.31007
13.8896
-3.05084
1.96058
-3.24464
2.5183
-138.546
77.3108
-3.37445
2.36443
-8.3245
12.1153
-19.4464
17.7946
-1.54986
1.82573
-7.0442
9.48653
-8.92954
5.76863
-37.7352
53.8351
-4.24041
4.19874
-6.27912
2.40041
0.183321
-9.15621
14.8002
-0.962646
-5.34804
-4.06551
-3.39301
-4.0502
-3.40554
7.39293
-3.06958
-4.38616
-6.66001
0.294991
-6.66001
-0.238659
6.42594
-6.42594
6.65888
-6.65888
6.72455
-6.72455
6.72809
-6.72809
6.72741
-6.72741
6.71988
-6.71988
6.71295
-6.71295
6.70391
-6.70391
6.70492
-6.70487
6.70318
-6.70332
6.70239
-6.7022
6.69795
-6.69792
6.70913
-6.7075
6.7377
-6.73784
6.72248
-6.72246
6.58335
-6.58337
6.48628
-6.48627
6.47964
-6.47964
6.4877
-6.4877
6.43724
-6.43724
6.3303
-6.3303
6.50344
-6.50344
6.33346
-6.33346
0.865731
-6.61369
6.75399
0.685062
0.615866
0.359073
0.216435
0.199588
0.189081
0.11953
-0.304775
-0.510453
-4.56135
0.507964
-0.0680336
-1.01469
-0.161966
-1.41364
-3.64362
-0.0835127
-1.73437
-0.0933149
-0.0603552
0.322062
0.0335551
0.0579872
0.408212
1.82343
0.0606968
-0.0363256
0.746373
-7.57244
-7.44414
0.00459395
0.102874
0.0195054
0.00278649
0.00120495
-0.00722981
-0.00835918
-0.00504083
-0.00408645
-0.00460312
-0.00367913
-0.00401953
0.00419063
0.0106343
-0.0254722
-0.0807109
-0.0352205
0.00738097
-0.00308768
-0.0225931
-0.0692856
0.178185
-0.424902
0.198308
-0.0668578
0.231393
0.113171
1.93619
6.99143
0.286946
0.195143
-0.117404
-7.78579
-7.45519
-7.31717
0.000753107
-0.00188277
-0.000301252
0.00143095
-0.00399053
0.00514702
0.00337715
0.00271181
-9.63025e-05
0.00721847
0.0184127
0.0123112
-0.0587861
-0.0617258
-0.0140042
0.0111461
-0.0278649
-0.0376552
-0.0050458
0.254926
7.38442
0.14719
0.284018
0.375317
0.7361
-0.150357
0.14625
-0.303378
-0.544288
-1.37232
-0.0797964
-0.622043
0.388962
0.298393
-1.07741
-0.372422
-0.219873
-0.455035
-0.271775
-8.02212
0.0461653
0.130061
4.78515
3.03336
-1.42572
1.57289
5.69171
-5.00665
-3.66934
4.2852
7.82145
-7.68989
2.08053
-2.03681
-46.3595
36.8248
-3.00998
3.36905
-4.29282
5.02892
1.39889
1.35958
-2.37913
2.59557
3.83224
-3.45692
0.822262
2.18985
-1.99026
-4.12033
-3.47999
1.75915
-1.57008
0.333475
-1.02855
1.37907
-1.25483
-2.73351
3.01752
0.635545
0.638392
-0.402796
-4.51772
-2.09597
-1.76088
1.95848
0.428969
0.388402
-5.87189
6.75844
1.94956
1.7518
-1.35635
0.554736
-3.88549
-6.49145
-2.28005
1.56017
-1.83238
1.31869
0.627017
-0.741847
0.788526
-1.51697
-0.695503
-4.36771
1.31203
-1.84765
1.00421
-1.55231
-0.822908
-4.50443
2.63588
-2.91257
1.37672
-1.85127
-2.85456
-8.48715
13.2871
-1.79056
2.89244
-1.7544
-1.97014
-9.01479
9.89076
8.35576
-3.53219
-0.659503
-7.62081
6.52474
-29.1157
9.74181
-0.40908
-1.61798
-6.57469
3.73368
8.19353
-13.4364
-1.674
-11.5018
22.2622
4.29974
-5.88582
-1.83741
-11.726
4.12589
5.5932
-4.21363
-0.0919261
14.9087
-0.247357
2.48419
11.9032
-31.8572
-0.0434753
4.10695
-0.872898
0.0290125
-3.93626
3.8114
-5.11108
8.42708
-8.76137
18.271
4.54222
-9.20591
-13.9293
9.28394
10.9929
-6.23255
-49.5155
25.4694
3.99692
-4.19279
-67.9787
-3.17659
-60.4974
-7.33721
2.3266
-2.14328
0.336344
-0.205565
6.7546
-6.70843
-5.47688
-3.84663
-3.59751
-3.58335
-3.73382
-7.42998
-8.25154
6.25612
-6.25152
6.73923
-6.73848
4.00614
4.01827
8.79129
-6.41939
6.18073
-0.163273
-6.72907
6.74857
0.0101669
6.73404
-6.73592
-6.73072
6.73042
-6.72643
6.72786
-6.71211
6.70815
-6.71079
6.71619
-6.71024
6.70823
-6.69658
6.70426
-6.71093
6.70176
-6.68825
6.71199
-6.73054
6.72984
-6.74799
6.75616
-6.75752
6.69778
-6.55599
6.49426
-6.46813
6.45404
-6.49312
6.50426
-6.4767
6.44884
6.43355
-6.4712
-6.24971
6.24467
-6.52482
6.77975
3.52634
3.85808
3.69832
-44.4731
0.0529374
3.77283
-1.08926
5.81662
-1.41769
0.360224
0.798067
-1.23762
1.5461
-0.0231731
1.3669
-0.632933
-0.654671
1.26518
-0.548929
0.913651
-0.470548
0.885505
0.636866
-0.369425
-0.279805
0.807764
0.356408
0.356514
1.35191
-2.38225
-1.17969
-6.6228
6.72568
0.131793
-1.87327
-1.75557
7.79109
-7.57284
3.48446
3.95147
4.91168
0.0369861
7.6815
0.372725
-1.43012
-0.969073
3.04781
4.25903
6.57415
7.7435
-1.06374
-8.24948
7.18804
0.0117755
6.69738
-0.329435
0.82828
0.452284
0.271933
-0.32907
-0.611475
7.36619
-6.10479
-2.9898
3.8442
-7.32892
-3.61133
0.317815
-0.869449
0.0401405
0.00753946
0.0028031
-0.323231
-1.13676
0.841369
-0.471406
53.1846
-13.7478
2.52834
-4.91013
3.48894
-4.15902
21.0984
-12.7647
-0.38533
-7.88773
8.18022
-5.80005
6.34669
-10.715
-6.5667
0.315174
-6.43664
-7.27785
4.72686
2.66607
-7.20886
7.76022
-1.09712
-6.72854
6.73133
-6.73358
6.73479
6.72304
-6.73027
6.72184
-6.73019
6.70541
-6.71034
6.70536
-6.70718
6.71562
-6.71912
6.70467
-6.71004
6.7068
-6.70893
6.68323
-6.6788
6.73235
-6.71136
6.7497
-6.77142
6.57682
-6.65878
6.46267
-6.4981
6.45568
-6.44833
6.55668
-6.55977
-6.46013
6.43754
6.37322
-6.44251
6.32969
-6.15151
6.52415
0.218161
0.428868
0.707772
0.282588
0.319338
1.50684
-0.896665
4.88072
8.83219
1.38826
0.729361
0.542847
0.522702
-0.0265846
0.0799797
-0.0979789
-0.0391615
0.0635588
-0.0123595
-0.0932645
-0.182333
5.99799e-05
0.021615
0.0048135
-0.00374932
0.00649786
-0.000123672
-0.00188123
-0.00662442
-0.00458055
-0.00768125
-1.4046
0.124632
-0.197841
-0.110932
-23.4333
0.0559516
-0.0441041
0.62824
-0.164094
-0.0789716
0.0431365
0.0312752
0.00542822
-0.0121301
-0.00483282
0.000104109
0.0060461
-0.0302593
0.240867
3.79857
-0.474496
0.0121315
0.0247503
-0.0736091
0.6737
0.114069
0.289042
-0.0220007
-0.00240779
-0.00316334
0.00549763
-0.0071545
-0.00112973
-3.5418
6.17971
6.43247
-6.37643
3.70882
-38.6844
-0.0891605
-1.52928
2.42631
-3.0229
3.84516
-1.71596
1.27168
5.71426
2.04596
-5.13022
3.76061
-9.44616
12.1866
-2.161
2.49734
4.89809
-6.92439
-0.178463
-1.65889
0.747962
-3.12069
-4.21283
1.81834
-1.48483
-4.54793
6.48208
6.73533
-6.75686
-2.19465
2.64693
-7.1959
6.66749
2.38487
-1.97677
-8.33649
8.56598
4.26665
-3.43837
1.24375
-0.812729
0.359262
-0.699373
-0.925974
5.5208
-6.29273
-1.61269
2.08201
-4.94656
2.43521
38.4888
-50.2163
-0.816559
-138.025
220.376
61.845
-8.06611
0.902508
2.49266
-7.60963
-0.172276
-1.06638
1.99303
3.77247
-6.50081
-2.95241
6.8775
-6.58846
-6.53846
6.34061
4.95843
-4.3197
0.29309
-11.9719
25.5086
1.96283
-1.84288
0.0696376
6.524
2.2673
7.36536
7.98155
8.38905
-5.64284
3.63927
-1.1614
-2.04354
3.3698
-1.30596
1.62309
0.51236
0.466521
6.76576
-6.76689
6.76386
-6.77101
12.1295
-4.25149
-1.57857
0.691703
5.73158
-5.89485
5.43553
-6.53266
-2.81601
-0.801077
-6.76808
6.77824
-0.00421748
-6.75393
6.75943
0.0118187
4.39251
-5.40483
-6.25938
6.76574
-6.77344
-6.76142
6.757
-0.0252666
-10.6153
4.81094
1.98996
-0.336184
-6.68744
6.69654
6.82421
-6.81859
6.62337
-6.74917
6.8701
-6.83998
-6.5856
6.57429
-6.65987
6.85878
-6.83191
6.83679
-6.92311
6.8494
-5.75523
6.38347
1.61014
6.40904
-6.50251
-6.41059
6.39833
0.022257
208.03
-42.3372
-1.61482
6.00066
-5.92068
-0.537792
0.462783
6.37503
-6.41419
-6.44657
6.33563
-0.0715482
-6.56451
6.46653
-0.223898
-6.60946
6.45192
-0.195036
-6.23578
6.55096
0.641721
-6.77696
6.8171
0.00128024
-1.5104
0.603586
1.82107
-1.43575
-0.181753
3.57316
-2.96768
-6.7604
6.89219
0.0567087
5.73971
3.09247
7.68927
5.30219
-7.4201
-0.916772
1.62345
-3.65063
-0.74058
-6.45102
6.42443
0.0155139
1.47425
-1.13312
2.18469
-1.46261
2.99379
-3.28293
-0.0918465
10.593
-11.9401
-0.682555
5.74959
-14.1204
-1.66842
1.50261
-1.57246
0.607082
-1.10056
-0.972834
5.11464
2.62886
8.20711
6.3602
0.213957
8.98906
0.656105
0.580422
-0.846057
-4.40016
5.79906
-5.15327
6.90507
2.536
2.5049
0.0102418
-6.27629
-1.23226
2.96778
-2.32939
0.773137
-2.69163
3.32718
1.15353
0.997788
0.0630118
-1.05686
0.485933
3.70745
-0.667247
1.13144
-6.65531
-0.878314
-3.86072
5.2203
1.93834
1.78192
2.10349
-1.71508
0.618649
-0.22035
1.54062
0.863881
2.31693
-2.23153
-3.34995
1.15355
0.821296
-2.5889
-2.03136
3.24196
-4.78791
-2.19162
-3.78901
2.27873
-2.25672
-1.96854
1.51813
0.127852
-1.18002
4.16713
-6.01521
-3.03253
-0.150333
6.7381
8.78406
3.69369
-6.81477
-3.51519
4.8937
-2.05772
1.9274
0.569941
2.35637
-2.83181
0.303727
-6.70126
0.00721109
-6.74983
0.280327
1.97903
-2.34625
-0.6611
-0.345196
-0.0843278
-0.0115984
-3.183
-4.24698
-6.69819
-7.06299
-0.0276041
-0.076394
-1.90502
-6.47542
0.0991604
-6.41185
6.75732
-6.76048
-6.75925
6.75689
-6.72766
6.73155
-0.00672769
6.76865
-6.64264
-6.87626
6.93143
-6.56518
6.60619
6.66336
-6.87264
6.67349
-6.72493
6.90152
-6.83779
0.99913
6.66032
-6.83302
-6.43923
-0.0620099
-6.48353
-0.0850353
-0.00958201
-0.076254
-0.825129
1.18262
-0.260635
0.0743013
-5.12273
-2.78548
-24.1988
-7.0242
0.0357266
0.00477452
0.000985044
0.013025
0.00490358
0.053081
0.0315603
-0.0114689
0.00093315
-0.00214122
0.00528374
-0.01656
-0.0243565
-0.0132336
0.00512885
-0.0120052
-0.371634
6.39232
-6.79354
6.31592
-6.76637
6.79826
-6.80988
-17.277
11.757
-7.27206
6.13122
6.87105
-9.98349
-21.9431
23.7615
-13.0065
11.3449
-7.07263
4.67748
8.87846
-5.65104
-0.27997
6.80132
-6.81989
1.51885
-2.72225
6.92202
-7.04342
7.39591
-10.8042
-1.31498
-7.22546
6.97411
-0.782138
-3.08216
4.32591
-2.42118
0.738891
6.13641
-6.03764
7.40133
-7.2135
-1.18656
-8.08752
7.20254
6.19893
-6.27476
3.45606
-6.23248
-3.13226
5.33294
-9.5774
1.2757
-2.10998
-13.9765
17.4841
-2.42748
2.91342
-2.12824
3.20142
6.80506
-6.81649
-4.95699
6.39703
23.7163
-7.42434
22.6448
-7.17334
7.53533
7.21376
-6.91004
-6.81944
6.81522
-0.0211951
-2.78638
-4.02871
6.41532
-5.75922
0.77161
-1.59402
6.31418
-6.30394
3.17941
-5.69981
-0.108327
6.68332
-6.70172
-6.81151
6.82312
-0.00930578
19.955
-20.8351
9.52003
1.73016
-1.20557
0.960382
-4.3848
3.60398
43.3034
-14.1684
-1.21671
-6.81994
6.81978
-0.0225736
-6.91013
6.96214
0.044736
6.92251
-6.4655
-2.05703
2.54486
-6.81946
6.4051
-0.0144542
-6.97784
6.70355
-6.19009
6.11743
-0.0355218
-6.86143
7.29139
-6.5777
6.63706
0.0449162
1.96658
-1.39615
6.5049
-6.5635
15.1214
-17.4049
3.31818
-6.401
6.32944
-0.0868335
6.61535
-6.83925
-6.3985
6.21135
0.114242
-6.46879
7.11051
0.744929
3.74316
5.04091
-6.83646
6.83774
-0.0212518
-5.81234
3.13549
2.3492
-1.21694
7.33043
-4.51534
0.0472945
-7.06928
7.13491
0.00606999
-1.995
3.5764
-7.3423
7.2022
-0.740818
-0.431655
-2.28924
1.34481
-6.44138
6.45689
0.173967
-1.65405
0.806966
8.98803
-11.6029
6.64114
5.02978
-11.2217
-0.375259
6.99987
-10.7677
-0.287727
6.9059
-5.77798
0.0122494
-6.87878
6.93549
-0.0410467
-1.43712
1.30629
-0.671645
-0.574473
-6.1701
6.1928
-0.0318824
-6.87043
6.9053
0.150207
-2.45494
0.607943
-1.8434
0.724542
-1.6976
-0.929584
4.12219
4.86686
4.4507
-5.25178
-2.61229
1.16355
-1.1926
-4.48271
6.98761
2.06733
-1.44868
0.692318
-5.00626
7.54227
3.20085
3.05956
-1.63909
0.725922
0.00227465
0.838849
0.0170082
-1.9804
3.55923
-2.33309
-6.34384
-0.217281
-6.42716
-2.51791
5.14981
-3.36788
2.06765
-8.6858
9.78253
6.63579
-9.41219
2.85773
1.46818
-4.06722
6.00556
2.92039
2.63767
4.01126
5.66868
-5.62354
4.74943
-5.90964
-2.71027
0.162163
0.152955
0.641283
-25.3844
28.5461
-0.775866
-2.76336
-1.04766
5.67368
-6.77753
6.80811
-0.95504
2.52449
1.3513
1.68508
3.65397
-2.70611
1.11374
-0.0534516
0.054576
-0.0269151
-0.419508
5.52734
2.45422
-0.221722
-1.24028
1.75276
0.827019
0.65125
-3.46376
-3.23443
-6.25017
-5.84673
0.230726
-0.78873
7.86535
0.0127373
-0.0128465
6.66804
-6.70948
-4.90328
2.93336
2.34252
-0.135283
0.00675555
-0.232878
1.60757
-6.34784
7.05359
-7.47476
-0.0203359
-7.38285
-0.00557996
0.0281426
0.000445495
7.1231
-6.92156
-0.564687
0.00133566
0.0254239
0.00812191
-6.2287
-0.610542
-6.7665
0.0879854
2.04645
2.79138
-2.01825
0.3639
3.30771
2.03703
0.876387
2.60697
7.13747
-4.62883
-2.42599
-6.79744
-6.45842
-0.0453495
1.82055
7.49512
-0.0277228
-0.00726156
0.116989
8.06771
-9.90575
7.18833
-18.1101
15.5453
6.80268
-6.93772
6.86363
-7.25721
-6.65883
6.81274
0.125002
-1.21215
1.68823
-3.97332
2.33675
10.5743
-10.6656
0.244704
-2.95588
0.82743
-3.2748
-1.56911
-2.45241
3.4502
1.55885
1.43195
1.00601
-1.79493
7.07996
-7.05929
6.78726
-6.65039
-4.78127
0.529712
-48.9894
94.4591
-7.73742
8.01367
-6.85439
7.28647
0.256959
-10.268
8.57894
7.59072
-8.44117
7.89896
-7.75822
6.37331
-6.15063
-2.66366
4.13183
6.06679
-6.67989
-5.33871
6.68998
-1.85895
0.94581
3.02148
-3.93872
-2.43101
-1.39873
-1.51125
0.201179
-1.1277
-2.53108
6.8694
-6.94159
9.01403
-11.7241
-0.0675047
4.11301
3.38212
-10.9562
13.605
5.63641
-5.66174
-4.35543
3.88845
6.28059
-6.12764
2.26308
4.8744
-8.72759
6.30117
8.01135
-13.9342
0.428006
6.84762
-6.87434
9.98276
-12.2164
-0.102523
5.95394
-5.79034
2.59067
-0.793083
-2.28095
0.764886
-2.05763
-1.48225
-3.62659
3.85575
6.37609
-6.88188
6.85976
-0.0432652
-14.832
28.2339
30.4013
-178.327
1.56412
9.23905
-6.01803
0.289795
-7.05215
5.32939
-7.57547
8.13298
-0.00682663
6.81488
-6.99712
-7.03325
7.13858
0.575937
-7.19789
7.0809
0.141955
-6.15921
5.91269
-0.508434
-5.99625
7.00562
-0.000692791
-1.01423
1.91752
1.47828
1.00534
-8.07252
8.25349
-0.0208356
-7.57432
6.66887
-0.601966
-6.36284
6.46154
5.39971
-5.87225
-2.91611
0.988631
2.86944
-0.977024
1.74918
8.54643
-29.0209
0.0387483
10.7058
-4.93148
-0.0605482
-6.17749
6.09063
0.103092
5.33718
27.2137
-12.4429
8.00636
-7.47626
8.22066
-0.407329
-6.86729
6.86629
-0.0530869
11.771
-4.52797
0.140439
-6.44067
5.86046
-0.078121
-7.15756
6.2813
-0.0186058
2.35477
-1.71349
0.906088
3.85206
4.0133
9.85752
-8.25278
-0.0343172
3.95734
-7.51664
-0.0936623
10.3416
-8.98408
0.19196
-6.92702
6.8845
-0.0718015
6.88371
-6.75057
0.23912
0.411575
-7.27788
6.05761
-7.43875
6.79265
-0.488691
-1.42932
0.382078
-1.39832
0.177788
4.94677
2.63908
-0.950311
1.62101
3.87064
-6.07352
-0.365489
3.50039
-6.7509
-3.03394
7.23417
0.292517
-0.181537
-0.180174
-6.56006
-0.0680539
-6.794
-0.0145589
-3.25366
2.87887
0.00157811
-2.33402
3.89287
-0.875773
-0.35588
0.0687712
0.0100008
4.64553
-2.57788
1.98187
-1.13549
-1.15483
1.98184
-3.88888
6.80927
3.59314
4.47457
7.60643
7.53413
3.14841
-2.54716
-1.04699
1.79781
-0.0700364
-0.0439371
0.0297438
-2.57507
0.0163052
-2.89161
-4.24352
-2.00679
6.15342
-0.0628146
-6.20834
0.418163
7.25335
-7.03041
0.0139616
1.65035
-3.42383
-1.6582
1.73219
-0.725761
10.9327
3.7495
15.5343
33.416
12.2296
-17.6235
-1.90113
2.47244
-6.72176
-4.00911
-4.05686
0.89348
-0.0310658
-10.5009
18.0335
9.17939
9.82707
0.00014158
-6.55081
0.423169
-6.37684
6.8472
-0.862141
-6.74954
6.68209
-0.123455
1.06388
3.3465
-2.9826
2.32216
-1.41608
1.16731
1.25821
6.10834
-1.98961
-4.68318
1.03247
-1.96183
-0.762364
-0.115464
7.22182
-7.83236
0.844983
-2.8856
3.64525
-0.018455
-0.488692
2.14966
1.19683
3.02605
-1.68401
1.85249
-3.32678
0.706273
12.6421
-10.7232
-11.8169
26.0533
-3.10038
5.73806
3.70889
3.16018
7.08161
-4.80397
-6.79484
5.96069
4.87014
7.36931
0.934844
7.72612
-34.3769
-0.922909
11.7015
-9.65626
-9.92523
21.0193
3.73096
3.87548
-10.1808
3.67559
-3.75395
-1.55064
10.5375
-4.3128
5.34012
4.92696
-3.59528
2.46088
-6.58828
3.59037
-4.02375
-3.39026
2.67405
-1.78057
1.25797
-4.72919
5.0237
6.10007
-5.6769
5.55291
-5.61581
7.37621
4.34858
0.559777
-4.15852
6.16089
-5.74016
1.43295
-0.185835
-30.4122
-7.44565
7.4742
6.31042
-43.2544
-9.56446
-8.99662
-9.29783
-8.30194
8.64316
4.29729
-2.49948
7.20909
-6.30174
-6.27784
9.5359
15.5561
-5.99787
7.99154
6.40026
-8.9784
7.30978
-12.5594
1.18863
-1.91457
5.54951
-4.61474
18.8969
5.26464
-5.76271
-1.51781
-0.732224
19.6681
-14.2468
-13.2477
5.95272
2.34223
-7.55311
7.58576
-1.69152
26.3809
28.8255
-5.59836
5.70145
0.501716
10.026
-0.724412
2.32397
4.40397
3.92071
6.89412
-0.88397
-7.88731
4.85242
-1.02697
-1.7472
0.824438
7.13258
-8.33258
-2.11253
4.45476
19.7762
-2.92787
5.97071
2.70455
-1.05937
1.98102
2.18476
2.00552
5.76135
-5.50601
8.22405
4.41944
-2.43757
1.91997
-3.95504
0.085623
-0.558733
-6.83089
1.15398
2.35419
-1.5289
0.667306
4.98516
-4.00495
1.55161
1.24548
0.590389
-2.50608
-2.33664
1.30965
-2.4142
0.880744
-2.11336
-3.72503
0.903169
-5.9859
-1.2541
-1.1693
-2.00787
1.24541
-0.698269
-0.669158
4.49423
-1.33405
2.05665
2.23815
-2.83567
6.54456
-5.22543
5.31107
-4.54054
6.7787
2.3324
-0.694812
0.941636
2.66267
-1.4047
1.49336
5.19703
-6.74581
2.12918
2.32559
-7.52611
0.61116
-3.72301
6.65921
-5.10763
5.60935
3.95454
6.37292
-5.21894
1.26529
1.55975
1.61879
-2.17752
1.79475
-2.09047
4.27522
2.20033
-1.29476
-2.00061
2.63332
-1.68492
3.8141
0.00326678
0.383925
3.351
-1.39626
3.40675
5.21051
-8.1506
5.66459
-0.353655
4.71188
-2.79191
2.62141
0.733917
1.13823
5.48088
-2.97322
2.5903
2.47746
-1.81142
1.18078
2.41631
-0.922961
-6.65811
0.0896533
5.7722
-4.00629
3.52242
4.66346
-3.22922
4.17906
-3.62176
1.48949
2.32461
1.71802
-2.0341
1.36489
-0.31609
-0.812702
2.05786
5.04945
-6.55696
-1.7646
3.01008
1.75782
3.24731
0.308062
4.31036
-3.98531
-1.65961
1.60538
4.74787
-5.10161
-4.43117
1.14522
-3.38436
-4.31716
-3.16049
-5.92954
-0.000127311
-2.43833
4.49498
2.77218
1.70307
-2.35171
2.44117
-3.521
-0.105421
0.284303
-4.84498
4.12274
3.23759
-0.912981
-1.18893
2.32716
-2.81789
-0.394562
-2.86943
-3.91171
-5.65284
4.33193
-0.177175
-2.43624
-1.32206
2.92744
1.92525
2.0045
3.92638
-1.33608
4.07113
-4.2429
6.035
2.14134
-4.57261
-3.53058
-0.495099
1.30928
1.92831
-1.69774
-0.654017
3.23453
2.63431
-1.45494
1.44525
0.934254
3.6858
-3.80489
3.35632
-6.58213
-0.887493
-1.09969
0.629569
3.0134
-2.51051
-4.71684
3.38077
4.81144
-4.42751
-2.09544
-5.29424
4.19499
-0.54471
-0.290164
3.93957
0.822069
2.41245
-0.26668
-5.20485
0.777347
-2.56365
3.19294
2.82656
-2.37372
4.30203
3.3657
-0.953256
2.71163
-4.29303
3.74824
-0.826067
2.27369
-1.89634
-2.02446
0.147873
-4.69035
3.80642
1.738
-1.33649
2.26234
0.484069
-4.2927
-0.493894
4.28527
4.50765
-4.7978
0.214636
0.639689
3.34879
3.78693
3.56345
3.71124
2.99176
-1.25302
2.1667
0.935432
2.38191
-2.87564
-3.64747
-0.645454
-1.56207
2.50567
0.610774
-0.429993
4.17826
4.15811
3.28139
2.02842
1.30285
)
;

boundaryField
{
    bullet
    {
        type            calculated;
        value           uniform 0;
    }
    topWall
    {
        type            calculated;
        value           nonuniform List<scalar> 
50
(
1.14567e-15
-2.50834e-14
-1.60534e-13
-7.79258e-13
-3.35783e-12
-1.38678e-11
-5.59059e-11
-2.16186e-10
-8.10161e-10
-2.98579e-09
-1.08904e-08
-3.92476e-08
-1.39013e-07
-4.79768e-07
-1.58095e-06
-4.67284e-06
-1.08529e-05
-2.39253e-05
-2.49643e-05
-2.32985e-05
-1.65393e-05
-9.36445e-06
-8.57664e-06
-8.07231e-06
-6.91528e-06
-5.72456e-06
-4.24413e-06
-2.03329e-06
-5.95015e-07
-1.41501e-07
-3.13875e-08
-5.99725e-09
-1.68477e-11
1.64242e-09
1.81749e-09
1.70693e-09
1.24041e-09
5.32373e-10
3.22425e-11
-3.78021e-10
-8.68221e-10
-1.8762e-09
-3.89656e-09
-8.18858e-09
-1.1463e-08
-1.77785e-08
-2.06123e-08
-2.56035e-08
-2.79528e-08
-3.1239e-08
)
;
    }
    bottomWall
    {
        type            calculated;
        value           nonuniform List<scalar> 
50
(
2.5431e-07
7.98086e-06
7.56547e-06
2.69786e-06
4.37903e-07
9.53585e-08
2.43646e-08
7.2961e-09
2.50316e-09
8.47902e-10
2.39773e-10
2.19286e-11
-7.14443e-11
-1.48616e-10
-2.41853e-10
-4.3653e-10
-8.05058e-10
-1.56746e-09
-2.88956e-09
-4.94409e-09
-8.16523e-09
-1.09011e-08
-1.26696e-08
-1.41891e-08
-1.81782e-08
9.73815e-15
3.32243e-14
7.56139e-14
8.01966e-14
-2.42473e-13
-2.27256e-12
-1.28628e-11
-6.28256e-11
-2.83906e-10
-1.21569e-09
-4.98068e-09
-1.96289e-08
-7.48312e-08
-2.77466e-07
-1.00149e-06
-3.49123e-06
-1.14033e-05
-3.3615e-05
-2.74196e-05
6.19029e-06
1.03268e-05
5.08504e-06
1.01213e-05
1.09938e-05
7.75475e-08
)
;
    }
    inlet
    {
        type            calculated;
        value           nonuniform List<scalar> 
30
(
-7.45574
-7.45574
-7.45574
-7.45574
-7.45574
-7.45574
-7.45574
-7.45574
-7.45574
-7.45574
-0.150621
-0.150621
-0.150621
-0.150621
-0.150621
-0.150621
-0.150621
-0.150621
-0.150621
-0.150621
-7.45574
-7.45574
-7.45574
-7.45574
-7.45574
-7.45574
-7.45574
-7.45574
-7.45574
-7.45574
)
;
    }
    outlet
    {
        type            calculated;
        value           nonuniform List<scalar> 
30
(
11.9672
11.3553
10.1179
7.48452
7.45593
7.45574
7.45574
7.45574
7.45574
7.45574
0.150621
0.150621
0.150621
0.150621
0.150621
0.150621
0.150621
0.150621
0.150621
0.150621
7.45574
7.45574
7.45574
7.45574
7.45574
7.45727
7.60458
9.65572
10.9425
10.3406
)
;
    }
    defaultFaces
    {
        type            empty;
        value           nonuniform 0();
    }
}


// ************************************************************************* //
