/*--------------------------------*- C++ -*----------------------------------*\
  =========                 |
  \\      /  F ield         | OpenFOAM: The Open Source CFD Toolbox
   \\    /   O peration     | Website:  https://openfoam.org
    \\  /    A nd           | Version:  6
     \\/     M anipulation  |
\*---------------------------------------------------------------------------*/
FoamFile
{
    version     2.0;
    format      ascii;
    class       volScalarField;
    location    "0.0008";
    object      T;
}
// * * * * * * * * * * * * * * * * * * * * * * * * * * * * * * * * * * * * * //

dimensions      [0 0 0 1 0 0 0];

internalField   nonuniform List<scalar> 
3704
(
300
300
300
300
300
300
300
300
300
300
300
300
300
300
300
300
300
299.999
300
300.001
300
300
300
300
300
300
300
300
300
300
300
300
300
300
300
300
300
300
300
300
300
300
300
300
300
300
300
300
300
300
300
300
300
300
300
300
300
300
300
300
300
300
300
300
300
300
300
299.999
299.999
300.001
300
300
300
300
300
300
300
300
300
300
300
300
300
300
300
300
300
300
300
300
300
300
300
300
300
300
300
300
300
300
300
300
300
300
300
300
300
300
300
300
300
300
300
300
300
300
299.999
299.998
299.999
300
300.001
300
300
300
300
300
300
300
300
300
300
300
300
300
300
300
300
300
300
300
300
300
300
300
300
300
300
300
300
300
300
300
300
300
300
300
300
300
300
300
300
300
300
300
300
300
299.999
299.998
299.998
300
300.001
300
300
300.001
300
300
300
300
300
300
300
300
300
300
300
300
300
300
300
300
300
300
300
300
300
300
300
300
300
300
300
300
300
300
300
300
300
300
300
300
300
300
300
300
300
300
299.999
299.998
299.998
300
300.001
300
300
300
300
300
300
300
300
300
300
300
300
300
300
300
300
300
300
300
300
300
300
300
300
300
300
300
300
300
107.594
108.506
92.7683
42.6045
60.5349
204.342
388.09
359.6
304.858
331.7
425.372
481.083
470.547
239.404
160.514
152.231
196.532
95.7449
53.2586
69.0988
228.664
332.72
312.463
305.34
363.617
402.763
414.244
387.096
252.155
166.292
210.088
154.429
101.881
85.6938
92.71
219.044
283.523
291.298
320.447
375.561
393.256
394.856
365.978
258.721
170.876
188.826
113.243
93.0231
107.396
102.283
200.792
272.645
297.039
333.013
367.769
380.086
376.937
349.52
264.866
174.878
152.955
117.703
86.5012
115.137
127.301
189.283
269.352
302.981
332.468
352.671
366.275
366.572
336.466
272.948
178.467
171.753
400.392
525.203
521.301
488.661
448.906
366.693
179.773
181.728
226.954
216.743
130.406
37.5561
56.4603
173.091
181.441
367.143
419.51
425.245
435.906
424.483
382.924
206.146
203.029
206.752
236.805
173.809
45.3513
69.1623
185.409
187.437
355.734
392.447
396.152
405.776
401.593
370.806
235.384
220.362
204.451
257.806
218.185
71.0153
97.8123
190.853
192.019
350.138
375.319
378.312
382.755
378.96
352.982
256.489
219.306
209.915
240.221
196.352
83.9853
95.4039
184.992
196.05
349.004
364.592
368.807
371.252
359.607
339.114
279.194
223.766
215.413
238.194
186.943
80.9776
91.4477
177.755
300
300
300
300
300
300
300
300
300
300
300
300
300
300
300
300
300
300
300
300
300
300
300
300
300
300
300
300
300
300
300
300
300
300
300
300
300
300
300
300
300
300
300
300
300
300
300
300
300
300
300
300
300
300
300
300
300
300
300
300
300
300
300
300
300
300
300
300
300
300
300
300
300
300
300
300
300
300
300
300
299.999
299.999
299.999
300
300
300
300
300
300
300
300
300
300
300
300
300
300
300
300
300
300
300
300
300
300
300
300
300
300
300
300
300
300
300
300
300
300
300
300
300
300
300
300
300
300
300
300
300
300
299.999
299.999
299.999
299.999
299.999
300
300
300
300
300
300
300
300
300
300
300
300
300
300
300
300
300
300
300
300
300
300
300
300
300
300
300
300
300
300
300
300
300
300
300
300
300
300
300
300
300
300
300
300
300
299.999
299.999
299.999
299.999
299.999
300
300
300
300
300
300
300
300
300
300
300
300
300
300
300
300
300
300
300
300
300
300
300
300
300
300
300
300
300
300
300
300
300
300
300
300
300
300
300
300
300
300
300
300
300
299.999
299.999
299.999
299.999
299.999
300
300
300
300
300
300
300
300
300
300
300
300
300
300
300
300
300
300
300
300
300
300
300
300
300
300
300
300
300
300
300
299.995
300.002
299.999
300
300.001
300
300
300
300
300
300
300
300
300
300
300
300
300
300.003
303.597
323.127
313.678
318.348
316.416
315.827
333.818
346.576
337.029
326.857
330.366
346.222
320.417
317.949
309.351
303.837
304.255
303.985
294.603
358.853
316.725
183.994
185.537
141.144
90.0091
73.7374
122.657
300.141
111.569
124.949
170.57
206.021
266.783
287.032
327.237
356.694
365.455
359.531
326.481
311.481
179.051
333.814
303.668
300.013
300
300
300
300
300
300
300
300
328.874
374.18
300
300
300
300
300
300
300
300
300
300
300
300
300
300
300
299.998
299.994
300.002
299.998
300.002
299.999
300.001
300
300
300
300
300
300
300
300
300
300
300
300
300
300.769
300
306.942
315.601
314.273
584.604
317.876
333.323
316.408
347.178
336.949
330.801
332.746
325.406
327.695
328.369
321.64
319.817
304.331
306.587
305.056
302.454
308.184
429.671
204.44
191.278
243.311
114.891
160.219
104.958
139.667
115.175
191.293
227.674
260.768
297.965
329.903
369.336
401.924
369.651
332.747
373.296
300.221
300.001
300
300
300
300
300
300
300
300
300
300
300
300
300
300
300
300
300
299.998
299.997
299.999
300
300
300
300.001
300.001
300
300
300
300
300
300
300
300
300
300
300.298
303.068
333.84
315.174
315.462
338.364
331.843
333.564
325.49
330.285
342.972
314.456
310.841
307.194
306.52
302.654
303.281
291.639
335.799
309.567
241.123
202.16
88.693
300.424
369.368
299.721
300
300
300
300
300
300
300
300
300
299.994
299.996
300.001
299.998
300.002
300
300.001
300
300
300
300
300
300
300
300
300
300
300.003
303.576
346.246
332.377
330.709
329.226
330.804
320.091
322.218
313.573
302.672
302.633
305.135
297.667
302.962
326.878
270.968
496.997
108.243
93.0011
300
300
300
300
353.33
315.645
324.333
300
300
300
299.996
294.451
300
300
300
300
300
300
300
300
300
300
300.263
300
300
300
300
300
299.991
300.009
299.969
300.02
299.978
300.024
299.981
300.009
300.001
300
300
300
300
300
300
300
300
300
300
300
300
300
303.488
308.651
300.135
307.486
302.58
300
300
300
312.205
300
301.977
302.688
310.435
304.414
307.485
304.219
307.043
311.749
308.293
300.79
303.339
300.87
305.178
307.098
302.331
300.301
294.918
243.759
243.029
227.723
139.434
117.589
111.963
187.273
300
300
162.064
142.91
352.725
136.144
130.153
148.884
300
299.765
300
299.999
300
297.229
301.526
300
300
300
300
300
299.99
300.006
300
300
300
300
300
300
300
300
200.455
242.15
282.154
355.796
427.062
537.02
406.08
343.893
332.574
320.35
300.952
300.502
300
300
300
300.773
303.638
300
300
300.766
174.288
155.55
143.097
300
300.013
300.043
300
300
320.868
301.02
299.98
299.952
300
300
300.882
309.459
300
300
300
299.998
299.985
300.023
299.984
299.999
299.962
300
300.007
300.002
300
300
300
300
300
300
300
300
300
130.479
299.976
300.607
306.494
300
307.533
300
300
300.028
299.998
300
300.969
310.082
313.466
308.822
309.335
302.978
299.461
302.357
305.495
299.027
306.168
307.842
305.055
303.221
296.961
300.411
269.625
226.061
242.018
190.244
122.511
87.7064
300
300
177.801
300
300
300.102
300.695
300
300
300
300
300
299.975
300
300
300
300
258.466
210.115
317.185
413.09
545.332
358.604
443.858
300
146.692
257.464
255.768
300
420.02
300
300
105.555
226.995
265.723
236.844
281.692
300.604
299.251
305.78
306.95
298.882
304.435
300
301.806
305.071
301.459
300
300
300
300
300
300
300
300.001
300.005
300.004
300.036
300
300
300.003
300
300.009
300.006
299.967
299.993
299.999
299.983
299.989
300.012
299.856
301.713
310.206
304.167
298.529
301.786
300.821
311.567
301.144
306.462
257.102
90.1494
301.596
304.174
300.098
300.213
300
299.88
300
300
300.423
299.98
299.882
299.829
299.849
300
300
300.607
300.003
299.927
299.74
300.106
300
300.027
300
300.025
300.014
184.084
300
299.908
299.991
300
300
300.035
300.047
300
300
297.059
308.613
300
155.792
300
300
179.423
299.993
299.98
304.172
301.177
303.122
299.675
299.744
300.149
300.18
302.143
301.639
300.017
300.002
300.054
300
300
299.226
297.389
301.495
303.276
301.477
285.982
301.629
296.718
298.337
303.333
305.013
300
300
302.17
300.629
302.908
300.677
299.237
301.818
301.416
122.485
294.606
293.482
300
300
285.728
285.476
295.687
300
300
300
300.068
301.422
300
162.596
300.312
300.189
300
300
300
301.378
300
287.576
300
300
300
300
302.817
303.054
300
300
300
300
300
310.828
331.101
300.86
300
386.046
218.16
313.727
300
300
300
298.966
299.378
302.189
302.735
303.493
300
300
300
425.065
459.743
537.804
405.827
300
300
300
300.007
300.001
299.906
299.863
289.436
303.786
269.904
301.851
301.847
116.128
125.293
300
300.128
300
300.037
300
308.669
300
300
300
300
300
299.882
299.998
299.998
299.872
299.929
300
300.014
299.975
299.229
300.001
299.927
200.687
300.001
299.961
300
292.35
299.895
300
300.152
299.994
298.851
300
300
300.058
301.396
300.866
301.325
300.178
301.074
302.073
298.588
300.901
297.779
300.372
297.62
300.896
302.257
303.359
301.65
144.484
301.746
298.244
299.531
282.338
300
127.192
300
300
126.089
162.233
177.694
300
300
300
159.388
156.142
158.794
253.377
300.086
299.981
402.618
300.004
334.37
311.894
318.7
300
300
300
300
300
300
294.614
301.595
298.384
299.334
159.248
300
299.985
300
300
303.23
300
300.922
298.077
301.344
303.161
304.959
305.787
300
300.012
300.225
300.149
305.775
299.836
300.999
300
300
300.298
299.995
300.687
304.676
300.123
313.462
300.228
300.717
299.727
305.522
303.049
299.49
300
300.002
299.714
299.578
300.538
300.767
300
299.994
300.414
300
300
205.943
300
303.447
300.6
299.999
306.921
333.991
320.116
299.515
299.438
300
300
299.756
299.792
302.762
321.529
299.435
305.644
268.392
300.746
303.055
306.16
304.064
306.136
299.744
300.552
300.623
301.008
300.013
300.031
161.342
307.713
306.047
300
300
303.656
300
300
301.161
297.985
301.344
301.769
299.106
300
298.9
298.675
366.104
302.749
300.674
307.486
313.556
300
300
300
299.541
300.593
300
303.171
304.504
299.998
299.994
306.262
305.32
300.002
300.003
455.18
299.671
299.514
300.051
300.076
310.741
307.845
300
300
299.252
315.682
136.89
300.713
298.429
298.058
300.735
299.995
300.025
300.593
301.61
299.944
299.745
300
300
132.474
302.198
300
300
299.688
204.034
300
298.842
300
309.323
300.05
299.586
302.401
300.193
301.224
300.629
300
299.661
300.022
301.325
299.991
299.695
300
303.046
300
148.603
300
304.818
375.477
299.998
300
300.169
300
299.473
300.001
300.115
301.81
236.229
173.008
299.981
310.711
300
299.832
298.916
300
299.006
301.238
303.774
298.301
496.496
314.652
300
308.366
300.99
300
300
300.001
199.234
300
300
300
300
300
300
300
300
300
299.978
300
300
300
300
300
300
300
384.686
312.855
317.751
305.567
300
300
406.674
298.055
308.946
301.731
300
300
299.98
300
300
300
299.391
308.807
299.082
300.814
299.931
309.108
300
300
300
300
300
300
299.183
300
298.513
301.303
300
299.123
299.921
304.964
300.864
300.093
299.314
299.388
303.036
298.992
298.973
298.684
301.941
302.532
282.891
302.061
300.853
301.372
162.437
300
300
300
300.002
303.738
300
299.657
301.088
299.123
300
311.89
300.007
328.874
299.292
299.365
298.98
299.111
298.458
300.001
300.013
299.086
298.902
299.532
302.065
300.002
300.004
300.49
310.609
174.729
189.486
177.148
312.164
302.541
301.505
298.935
299.094
301.433
299.151
299.239
301.015
299.998
426.06
300.483
300.401
300
301.466
300.828
298.734
299.928
299.767
413.704
300
300
301.948
303.677
300.526
300.295
300.243
298.818
300.016
299.762
300.75
303.121
299.392
300
300.001
302.17
304.636
302.145
301.352
300
308.65
308.822
300.042
299.609
300
300
300
299.981
299.915
300.062
300.045
299.541
298.905
300.886
300.916
300.302
300.296
334.867
300
301.643
301.149
300.001
302.973
303.62
300.003
300.007
300.158
300.006
300.23
309.992
304.243
300.73
299.373
299.608
299.35
299.999
299.998
306.135
299.511
300
300
302.637
300
299.276
300
300
300.376
300
298.607
300.038
300.014
311.937
301.03
299.627
299.306
244.428
299.261
300
301.548
301.42
300
307.257
307.749
299.151
299.606
306.152
310.607
301.022
298.941
301.088
340.701
301.023
306.696
308.907
305.977
319.062
300
300
299.995
299.996
409.98
431.059
301.116
299.869
300.001
306.482
299.616
300.012
200.162
300
300
300.09
299.978
300.007
300.947
299.496
300.515
301.974
200.97
300
322.978
300
300
300
300
300
300
300
300
300
300
291.647
365.391
300.996
300.002
301.659
300
300.145
300
300
300.002
300.156
302.323
298.941
300
300
299.452
300
300.003
300.012
297.619
300
300
298.306
300.183
301.124
300.145
299.403
299.672
300.03
300.046
300
300
300.787
297.962
297.513
299.997
300.039
298.562
300.071
300.519
301.02
299.917
352.41
311.625
299.388
296.375
299.207
307.33
300.228
300.147
304.267
304.223
300
299.159
299.344
299.104
300
300.128
300.028
301.493
298.749
300.76
300.236
299.755
299.623
353.321
299.946
299.841
300.194
304.722
300.18
302.671
301.117
299.403
399.498
336.904
300
300
300.092
314.397
298.338
303.228
299.506
300.158
302.28
307.396
319.161
300.315
301.081
306.07
300.283
298.441
300.089
300.176
299.656
298.513
298.667
299.782
312.718
343.434
299.476
299.379
299.664
299.119
300
299.359
300.007
300
310.374
301.865
300
313.797
306.531
307.179
305.157
306.036
299.364
299.249
303.274
300
300
300
300
300
299.4
300.169
300
299.989
299.993
299.953
299.999
299.999
299.999
306.062
380.255
367.177
300
300
300
300.262
300
300
300
306.577
309.947
300.001
300.005
300
300
300
300.001
299.186
302.467
302.788
300.008
366.947
299.344
300.009
300.01
300.003
372.324
318.06
300
299.796
321.574
315.677
314.557
300.17
300.245
300.176
314.067
315.715
299.736
300
300
308.79
300
300
300
300
300
300
299.999
300
312.936
308.149
299.626
300.43
300.134
299.911
299.909
300.002
300
300
299.97
299.999
300
303.291
306.21
300
300.015
300.01
306.338
300
299.662
299.277
300
309.915
314.102
299.998
300.909
301.965
299.995
299.983
300.002
300.001
300.002
300
300
326.884
324.142
300
300
300
299.999
300.012
299.193
300.533
300.509
299.997
300.018
318.48
300
300.112
300
326.619
317.859
299.999
306.451
299.998
300.164
300.002
307.499
304.017
303.869
300.568
300.001
299.972
299.993
300.023
300.001
300
299.942
300.014
299.86
300.04
301.251
300.06
300.015
300.197
300
300.007
300.001
300.256
300.001
300.104
300.849
300
306.639
300.34
301.24
300.002
299.997
300.044
300.216
299.999
300.002
300.02
300.005
300
300
300
300
300
300
300
300
300
300
300
300
300.012
303.793
348.182
187.287
364.898
354.778
363.054
382.743
355.104
321.707
285.225
241.271
242.027
235.456
151.987
103.368
106.195
196.103
116.84
170.492
161.801
154.84
129.457
151.975
190.831
264.63
295.239
302.349
305.984
309.988
307.057
312.008
312.582
325.292
329.452
318.886
310.288
313.357
312.727
315.002
303.531
302.148
313.29
329.637
300.196
300
300
300
300
300
300
300
300
300
300
300
300
300
300
300
299.999
299.999
299.998
299.998
299.998
300
300
300
300
300
300
300
300
300
394.433
320.477
300
300
300
300
300
300
300
300
300
300
300
582.283
300
300
300
300
300
300.001
300.214
374.11
300
391.025
387.234
399.805
354.34
311.02
292.982
266.225
215.052
230.596
162.916
105.726
79.9265
165.971
179.262
134.791
141.597
167.305
231.087
279.949
298.516
306.962
304.054
308.322
311.874
340.21
316.493
323.123
319.759
311.253
314.724
314.522
314.645
303.834
309.369
300
312.144
307.272
300.004
300
300
300
300
300
300
300
300
300
300
300
300
300
300
300
300
299.999
299.999
299.998
299.998
299.997
299.999
300
300
300
300
300
300
300
368.073
300
300
300
300
300
300
300
299.998
294.325
275.497
137.736
135.298
174.686
213.18
273.999
296.374
303.002
303.442
308.947
306.215
327.071
310.519
319.469
322.832
310.706
312.448
312.57
308.932
306.231
305.109
303.461
300.083
300
300
300
300
300
300
300
300
300
300
300
299.999
299.999
299.999
299.998
299.996
299.999
300
300
300
300
300
300
300
314.698
327.656
315.229
309.972
317.324
310.868
317.227
301.397
303.401
304.12
300
300
300
300
300
300
300
300
300
299.999
299.999
299.999
299.997
299.997
299.998
299.999
300
300
300
300
300
300
300
299.738
300
300
300
323.735
308.499
303.466
310.175
310.182
299.653
287.401
249.515
182.801
154.388
141.425
161.811
130.129
142.064
305.387
300
300
300
299.775
300
300
300
343.664
310.578
300
300
300
300
300
300
300
300
300.021
299.994
300.077
411.031
296.166
300
300
300
124.152
300
300
300
300.004
300
300
300
428.739
308.487
121.019
138.494
124.463
113.913
120.35
238.472
126.855
126.651
145.535
244.436
164.323
174.073
230.148
288.694
228.769
254.925
251.666
298.591
269.708
286.896
299.414
301.221
296.839
298.753
300.704
300.515
299.6
304.178
298.691
299.464
308.464
300.291
300.583
301.815
307.257
309.293
308.487
300.886
311.134
299.89
302.636
306.681
309.62
305.805
303.118
311.654
302.337
309.326
313.204
300.314
300
300
309.528
300
300
300
300
300
300
300
300
300
300
300
300
300
300
300
300
300
300
299.999
299.999
299.994
300.002
299.991
300
299.993
299.997
299.997
300
300
300
300
300
300
300
307.349
297.159
300
356.704
300
503.418
415.168
322.988
280.437
264.698
232.779
152.552
98.9053
94.8565
95.8196
108.927
97.8519
107.243
300
300
300
306.883
300
300
300
304.954
304.454
339.263
297.841
300
300
300
101.644
307.978
304.42
306.569
307.276
300
300
323.787
300.049
267.332
300
304.644
300.01
300
301.437
367.033
300
303.955
308.659
139.414
299.472
300
297.82
303.093
301.852
302.113
306.432
303.456
303.567
302.016
303.728
300
300
300
300
300
300
300
300
300
300
300
300
299.997
300
299.997
299.999
299.987
299.988
299.996
299.997
300
300
300
300
300
300
300
311.783
294.653
339.792
566.401
392.803
463.866
300
300
420.516
266.894
192.775
119.176
300
300
300
300
300
300
299.997
299.997
299.995
299.986
299.982
299.997
299.995
300
299.997
299.999
300
300
300.789
307.034
300
300
304.691
300
300
300
299.996
299.999
299.991
299.993
299.993
299.997
299.995
299.997
299.999
301.998
310.14
301.967
301.297
307.12
298.865
302.308
307.409
301.933
300
300
300
300
300
300
300
303.387
300
311.948
303.863
325.536
300
132.844
300
302.758
301.574
300
301.823
301.143
132.082
300.004
300.039
313.281
299.998
300
296.753
382.924
299.896
300
300
126.984
117.132
158.557
297.628
314.339
307.834
327.929
327.667
344.062
324.094
334.136
326.146
323.572
322.536
306.739
304.457
300
300
309.568
316.109
303.212
324.997
323.795
300
300
300
304.239
303.049
307.06
400.494
300.742
300.033
300.588
300
300
321.862
300.276
300
300
300
300
300
300
300
300
301.493
302.422
300
299.999
299.997
303.022
307.385
300.051
299.984
300.019
300.014
299.992
299.939
299.967
300.024
299.991
300
300
299.995
300
300
330.484
336.779
300
300
300
300
300
300
300
300
299.988
299.99
300
300
300
300
318.41
326.5
316.434
412.666
300
300
300
300
299.787
298.719
112.073
130.569
300
300
140.937
212.21
309.857
310.015
301.241
301.09
304.019
301.416
318.95
301.692
302.235
302.583
300
300
300
300
300
133.215
306.416
300
300
300
300
300
298.655
300
300
300
300
300
304.491
303.248
300
146.434
134.941
298.229
299.369
300
300
300
300.002
300.007
307.624
379.63
327.449
297.983
298.473
257.555
290.259
305.761
302.384
316.585
316.607
315.2
413.793
318.133
126.181
297.995
298.059
347.932
300
300
300
300
317.183
300
300
302.641
300
299.988
300.001
389.495
328.779
326.577
316.596
327.122
300
300
300
300
316.58
316.452
297.843
300
300
300
300
299.994
300.03
299.945
300.023
299.923
300.058
299.978
299.976
181.658
299.99
299.995
299.998
299.998
300
300
329.051
291.018
299.985
299.98
300.396
305.526
300.022
299.958
299.98
300.032
299.999
299.982
300.031
300.001
299.935
299.982
299.999
300
300
299.996
299.966
300.065
299.925
299.981
299.947
300.072
300
306.707
300.383
299.464
304.538
300.809
302.108
298.1
298.362
300.001
173.856
300.077
300.858
299.507
299.947
299.936
300
337.624
300
300.076
256.083
298.742
300
298.859
298.345
300.303
163.945
301.78
300
360.291
300.002
297.479
304.566
308.225
298.332
300
300
300
300
300
310.299
300
300.14
298.01
299.965
300
300.005
302.71
303.475
175.417
178.137
297.882
303.65
307.987
300.005
300.027
299.893
299.912
299.83
344.242
300.066
300.212
300.077
299.879
299.886
300.015
299.896
300.034
230.719
299.985
302.73
304.068
300
300
300
299.984
299.981
300
300
300
300
300
302.822
306.441
300.016
300.131
300.062
300.033
351.645
298.665
298.998
298.902
193.351
300
300
302.454
304.459
304.118
300.382
297.57
299.124
298.326
298.525
301.164
300
300
327.222
327.65
328.743
299.995
299.998
299.943
299.899
177.702
328.019
300.569
300.629
300
300
300
300
206.565
300
300.014
319.822
300
300
300
299.615
221.045
300.104
287.698
299.333
302.141
337.146
299.982
299.988
300.531
300
300
299.997
302.019
300
300
300
300
300
301.328
311.04
306.744
300
300
300.001
305.154
297.283
299.568
299.567
304.462
299.985
197.699
299.946
300
352.026
330.098
330.2
298.37
300
299.978
298.73
300
300.166
300.177
300.003
300.127
300
300
300
299.734
300.769
300
300
300.007
299.977
301.098
301.224
299.533
299.89
299.994
305.002
299.729
300.304
300.138
299.75
299.892
300.021
299.967
299.957
298.635
300
300.092
300
300
299.972
359.608
300
300
302.911
300
300
300
300.019
300.581
300.002
299.972
304.438
300
299.988
300.1
299.861
300
302.156
303.43
299.83
300.401
299.681
299.731
338.525
299.44
302.423
301.987
212.485
194.971
289.768
300
300
300
300.796
300.003
299.943
341.669
309.779
300.967
299.748
299.57
301.07
299.862
300.2
299.748
300
299.893
300
229.494
321.131
315.087
211.438
338.376
259.935
322.805
300.087
301.875
301.001
300
299.794
299.995
298.227
300
300
299.48
303.437
302.918
300.005
300.478
300.302
300
353.841
284.119
279.875
318.278
297.837
300
300.001
300.019
304.266
321.445
305.052
301.263
300.397
298.825
300.188
299.946
300.325
299.795
299.727
300.049
299.828
299.997
299.995
299.584
299.753
300.812
353.148
299.726
300.341
300.363
300.449
300.322
299.864
299.91
299.8
299.902
353.465
360.164
307.358
300.933
297.392
300.182
300
300
300
302.094
307.217
300.002
300.018
300.024
300.139
298.773
301.355
300.177
300.562
300.249
300.435
300.001
300
300
298.512
299.703
299.548
298.016
301.511
301.216
300.001
300.004
299.807
299.65
299.691
299.838
300.304
300.226
300
301.127
336.693
300
337.405
351.222
299.867
298.561
301.034
299.385
300
300.002
300.014
299.885
299.911
299.966
300.048
343.487
300.002
297.268
300
299.971
297.384
301.401
299.969
300
300
300.376
299.997
300
300
300
300
333.897
300.08
300
299.727
301.388
299.987
322.919
300.781
299.36
300
300.001
300
300.054
304.421
298.971
299.683
301.58
304.13
301.823
318.074
305.202
302.474
300.004
300.01
300.12
300
300.239
301.463
300.776
301.376
297.866
300.001
300
300
299.978
300.179
296.886
301.023
300
300
300.006
328.467
299.807
316.667
300
300.196
300.072
300.294
300
300
300
300
300
299.91
300.3
300
300
310.365
334.002
299.804
301.21
300
300
300
299.444
299.905
301.664
300.008
300.058
305.773
304.349
300.478
300.845
300
302.453
297.929
300
297.49
300.826
318.218
313.561
306.678
307.772
302.965
300
300.001
300.005
300
300.001
300
300
344.463
300.003
300
300.001
305.118
299.431
307.886
300.116
301.164
299.591
298.231
300
300.543
297.616
301.66
299.049
301.104
300.702
302.811
300.799
300.191
297.683
300.84
300.59
299.979
299.943
299.974
299.704
300.235
300
301.811
300.125
299.757
299.888
302.986
300.401
301.511
298.629
298.486
300
300
298.897
301.844
300.16
359.073
301.42
303.907
299.873
298.6
300.234
298.915
299.465
299.836
303.991
299.652
300.35
300.144
304.151
301.242
299.386
299.027
300
300.611
335.816
299.053
345.452
355.881
298.493
300
299.719
299.56
300
300
300
299.491
300.001
300.221
300
300.831
301.142
315.06
311.734
300
339.578
300.004
348.396
348.659
342.58
322.468
300
324.271
300.01
300.073
300.005
300.074
300
300
300
300
300.001
300
349.382
353.995
300.001
300.002
300
299.877
300
300.516
325.336
299.829
300
303.111
300
300
300
302.677
300.095
363.057
300
310.547
357.02
300
358.842
300
347.259
342.984
300
299.524
300.003
300
300
353.647
317.714
300.002
299.957
300
300.7
300.862
300.003
300.238
300.074
304.005
300
299.997
305.216
300
300.009
299.559
300.025
300.01
300.02
301.904
299.904
300
300
300
303.047
301.054
299.903
300
300.002
337.695
347.872
300.719
326.103
299.81
340.422
300
300
300
300.042
300.309
300.236
299.974
300
309.27
312.535
320.876
301.543
299.916
300
299.974
299.878
300.001
300
300.002
300
299.968
300
299.946
299.856
299.974
300
300.012
300.001
300.472
301.036
315.633
300.547
299.999
300.001
300.004
300.081
300
300.013
300
300
300
300.005
300.005
300.002
300
300.001
300.054
300
300
300.08
300.001
300
300.005
300.007
300.006
301.19
300.797
300.016
299.995
300.133
311.699
300.004
300.082
300.001
300.082
300.001
300.003
300
300.002
300.042
300.005
299.981
300.007
300.108
300.283
300.579
300.032
300.224
300.617
300.649
300.927
300.032
306.761
300.008
300
300.017
300
300.068
300.019
300.047
300.717
)
;

boundaryField
{
    bullet
    {
        type            zeroGradient;
    }
    topWall
    {
        type            inletOutlet;
        inletValue      uniform 300;
        value           nonuniform List<scalar> 
50
(
300
300
300
300
300
300
300
300
300
300
300
300
300
300
300
300
300
300
300
300
300
300
300
300
300
300
300
300
300
300
300
300
300
300
300
300
300
300
300
300
300
300
300
300
300
300
300
300
300
300
)
;
    }
    bottomWall
    {
        type            inletOutlet;
        inletValue      uniform 300;
        value           nonuniform List<scalar> 
50
(
300
300
300
300
300
300
300
300
300
300
300
300
300
300
300
300
300
300
300
300
300
300
300
300
300
300
300
300
300
300
300
300
300
300
300
300
300
300
300
300
300
300
300
300
300.001
300
300
300
300
300
)
;
    }
    inlet
    {
        type            fixedValue;
        value           uniform 300;
    }
    outlet
    {
        type            inletOutlet;
        inletValue      uniform 300;
        value           nonuniform List<scalar> 
30
(
313.265
329.714
307.243
300.193
300.004
300
300
300
300
300
300
300
300
300
300
300
300
300
300
300
300
300
300
300
300
300.004
300.773
303.561
306.879
323.117
)
;
    }
    defaultFaces
    {
        type            empty;
    }
}


// ************************************************************************* //
