/*--------------------------------*- C++ -*----------------------------------*\
  =========                 |
  \\      /  F ield         | OpenFOAM: The Open Source CFD Toolbox
   \\    /   O peration     | Website:  https://openfoam.org
    \\  /    A nd           | Version:  6
     \\/     M anipulation  |
\*---------------------------------------------------------------------------*/
FoamFile
{
    version     2.0;
    format      ascii;
    class       labelList;
    note        "nPoints: 4544 nCells: 3704 nFaces: 13384 nInternalFaces: 5786";
    location    "constant/polyMesh";
    object      neighbour;
}
// * * * * * * * * * * * * * * * * * * * * * * * * * * * * * * * * * * * * * //


5786
(
1
50
2
51
3
52
4
53
5
54
6
55
7
56
8
57
9
58
10
59
11
60
12
61
13
62
14
63
15
64
16
65
17
66
18
67
19
68
20
69
21
70
22
71
23
72
24
73
25
74
26
75
27
76
28
77
29
78
30
79
31
80
32
81
33
82
34
83
35
84
36
85
37
86
38
87
39
88
40
89
41
90
42
91
43
92
44
93
45
94
46
95
47
96
48
97
49
98
99
51
100
52
101
53
102
54
103
55
104
56
105
57
106
58
107
59
108
60
109
61
110
62
111
63
112
64
113
65
114
66
115
67
116
68
117
69
118
70
119
71
120
72
121
73
122
74
123
75
124
76
125
77
126
78
127
79
128
80
129
81
130
82
131
83
132
84
133
85
134
86
135
87
136
88
137
89
138
90
139
91
140
92
141
93
142
94
143
95
144
96
145
97
146
98
147
99
148
149
101
150
102
151
103
152
104
153
105
154
106
155
107
156
108
157
109
158
110
159
111
160
112
161
113
162
114
163
115
164
116
165
117
166
118
167
119
168
120
169
121
170
122
171
123
172
124
173
125
174
126
175
127
176
128
177
129
178
130
179
131
180
132
181
133
182
134
183
135
184
136
185
137
186
138
187
139
188
140
189
141
190
142
191
143
192
144
193
145
194
146
195
147
196
148
197
149
198
199
151
200
152
201
153
202
154
203
155
204
156
205
157
206
158
207
159
208
160
209
161
210
162
211
163
212
164
213
165
214
166
215
167
216
168
217
169
218
170
219
171
220
172
221
173
222
174
223
175
224
176
225
177
226
178
227
179
228
180
229
181
230
182
231
183
232
184
233
185
234
186
235
187
236
188
237
189
238
190
239
191
240
192
241
193
242
194
243
195
244
196
245
197
246
198
247
199
248
249
201
655
202
656
203
746
204
657
205
747
206
658
207
748
208
659
209
749
210
660
211
750
212
661
213
751
214
662
215
752
216
663
217
753
218
664
219
754
220
665
221
755
222
666
223
756
224
667
225
757
226
668
227
758
228
669
229
759
230
670
231
760
232
671
233
761
234
672
235
762
236
673
237
763
238
674
239
764
240
675
241
765
242
676
243
766
244
677
245
767
246
678
247
768
248
679
249
770
680
251
265
339
252
266
253
267
254
268
255
269
256
270
257
271
258
272
259
273
260
274
261
275
262
276
263
277
264
278
279
325
266
280
354
267
281
268
282
269
283
270
284
271
285
272
286
273
287
274
288
275
289
276
290
277
291
278
292
279
293
294
340
281
295
369
282
296
283
297
284
298
285
299
286
300
287
301
288
302
289
303
290
304
291
305
292
306
293
307
294
308
309
355
296
310
384
297
311
298
312
299
313
300
314
301
315
302
316
303
317
304
318
305
319
306
320
307
321
308
322
309
323
324
370
311
399
709
312
803
313
712
314
713
315
714
316
715
317
716
318
717
319
718
320
719
321
720
322
721
323
722
324
723
385
724
326
340
327
341
328
342
329
343
330
344
331
345
332
346
333
347
334
348
335
349
336
350
337
351
338
352
339
353
354
341
355
342
356
343
357
344
358
345
359
346
360
347
361
348
362
349
363
350
364
351
365
352
366
353
367
354
368
369
356
370
357
371
358
372
359
373
360
374
361
375
362
376
363
377
364
378
365
379
366
380
367
381
368
382
369
383
384
371
385
372
386
373
387
374
388
375
389
376
390
377
391
378
392
379
393
380
394
381
395
382
396
383
397
384
398
399
386
2180
387
2181
388
2182
389
2183
390
2184
391
2185
392
2186
393
2187
394
2188
395
2189
396
2190
397
2191
398
2192
399
2193
2194
401
450
402
451
403
452
404
453
405
454
406
455
407
456
408
457
409
458
410
459
411
460
412
461
413
462
414
463
415
464
416
465
417
466
418
467
419
468
420
469
421
470
422
471
423
472
424
473
425
474
426
475
427
476
428
477
429
478
430
479
431
480
432
481
433
482
434
483
435
484
436
485
437
486
438
487
439
488
440
489
441
490
442
491
443
492
444
493
445
494
446
495
447
496
448
497
449
498
499
451
500
452
501
453
502
454
503
455
504
456
505
457
506
458
507
459
508
460
509
461
510
462
511
463
512
464
513
465
514
466
515
467
516
468
517
469
518
470
519
471
520
472
521
473
522
474
523
475
524
476
525
477
526
478
527
479
528
480
529
481
530
482
531
483
532
484
533
485
534
486
535
487
536
488
537
489
538
490
539
491
540
492
541
493
542
494
543
495
544
496
545
497
546
498
547
499
548
549
501
550
502
551
503
552
504
553
505
554
506
555
507
556
508
557
509
558
510
559
511
560
512
561
513
562
514
563
515
564
516
565
517
566
518
567
519
568
520
569
521
570
522
571
523
572
524
573
525
574
526
575
527
576
528
577
529
578
530
579
531
580
532
581
533
582
534
583
535
584
536
585
537
586
538
587
539
588
540
589
541
590
542
591
543
592
544
593
545
594
546
595
547
596
548
597
549
598
599
551
600
552
601
553
602
554
603
555
604
556
605
557
606
558
607
559
608
560
609
561
610
562
611
563
612
564
613
565
614
566
615
567
616
568
617
569
618
570
619
571
620
572
621
573
622
574
623
575
624
576
625
577
626
578
627
579
628
580
629
581
630
582
631
583
632
584
633
585
634
586
635
587
636
588
637
589
638
590
639
591
640
592
641
593
642
594
643
595
644
596
645
597
646
598
647
599
648
649
601
2224
602
2225
603
2316
604
2226
605
2318
606
2227
607
2319
608
2228
609
2320
610
2229
611
2321
612
2230
613
2322
614
2231
615
2323
616
2232
617
2324
618
2233
619
2325
620
2234
621
2326
622
2235
623
2327
624
2236
625
2328
626
2237
627
2329
628
2238
629
2330
630
2239
631
2331
632
2240
633
2332
634
2241
635
2333
636
2242
637
2334
638
2243
639
2335
640
2244
641
2336
642
2245
643
2337
644
2246
645
2338
646
2247
647
2339
648
2248
649
2340
2165
824
2170
738
1037
740
742
743
826
825
827
734
734
926
828
924
774
829
769
830
831
925
832
884
833
885
834
886
835
887
836
888
837
889
838
890
839
891
840
892
841
893
842
894
843
895
844
896
845
897
846
898
847
899
848
900
849
901
850
902
735
735
927
851
903
852
904
853
905
736
2219
736
776
2309
779
854
2307
855
930
2306
856
929
2305
857
928
2304
858
906
2303
859
907
2302
860
908
2301
861
909
2300
862
910
2299
863
911
2298
864
912
2297
865
913
2296
866
914
2295
867
915
2294
868
916
2293
869
917
2292
870
918
2291
871
919
2290
872
920
2289
873
921
2288
874
922
2287
710
923
2351
710
2194
1007
875
3694
3702
802
804
801
804
801
805
805
806
806
807
807
808
808
809
809
810
810
811
811
812
812
813
778
813
737
2180
737
876
2179
877
935
2178
878
934
2177
817
879
2176
819
880
2175
881
936
2174
882
933
2173
883
932
2172
824
931
2171
939
943
975
778
739
1131
740
937
742
743
1136
1064
825
826
827
939
924
926
774
828
769
829
830
925
831
884
832
885
833
886
834
887
835
888
836
889
837
890
838
891
839
892
840
893
841
894
842
895
843
896
844
897
845
898
846
899
847
900
848
901
849
902
971
850
943
903
927
851
904
852
905
979
853
975
777
1067
779
2218
982
1048
854
930
2217
855
929
2216
856
928
2215
857
906
2214
858
907
2213
859
908
2212
860
909
2211
861
910
2210
862
911
2209
863
912
2208
864
913
2207
865
914
2206
866
915
2205
867
916
2204
868
917
2203
869
918
2202
870
919
2201
871
920
2200
872
921
2199
873
922
2198
874
923
2197
1010
803
1011
1007
1013
1038
1039
1040
1041
1042
1043
1151
1044
1045
876
935
2272
877
934
2271
817
878
2270
1016
819
879
2269
1025
880
936
2268
881
933
2267
882
932
2266
883
931
2263
1037
1050
940
938
941
945
947
1071
950
951
952
953
954
955
956
957
958
959
960
961
962
963
964
965
966
967
1094
949
976
977
946
1053
984
986
1109
1108
1112
1113
1114
1115
1116
1117
1118
1119
1121
1122
1123
1124
1125
1005
1006
3692
3703
1012
1017
1019
1141
1023
1142
1027
1030
1033
1076
1077
1078
1079
1069
1063
1082
1083
1084
1085
1086
1087
1088
1089
1090
1091
1092
1093
968
1099
1098
978
990
991
992
993
994
995
996
997
998
999
1000
1001
1002
1003
1004
1127
1059
1008
944
1075
942
974
988
1106
983
1035
1031
1028
1021
1018
1137
1143
1052
1055
1055
1051
1065
980
1009
969
1056
1056
948
1070
972
981
1049
1134
948
973
1266
970
1101
1034
1102
1104
1194
1096
1193
1192
1195
1068
1191
1062
1080
1081
1140
1185
1197
1184
1196
1183
1190
1182
1188
1181
1186
1129
1180
1128
1179
1178
1189
1177
1187
1171
1176
1156
1175
969
970
1339
1437
972
973
1386
1420
985
1073
1057
1097
1103
1057
1100
987
1111
980
981
1416
1435
1012
1047
1061
1105
985
989
1354
987
1073
1270
989
1054
1395
1107
1205
1110
1174
1173
1207
1172
1206
1170
1203
1169
1202
1168
1201
1167
1200
1166
1199
1165
1198
1120
1164
1163
1208
1155
1162
1154
1161
1126
1153
1126
1160
1095
1209
1058
1009
1132
1298
1015
1130
1014
1060
1066
1014
1015
1423
1418
1020
1159
1022
1133
1024
1158
1020
1029
1348
1022
1066
1308
1024
1026
1309
1026
1139
1311
1032
1074
1029
1133
1347
1036
1105
1032
1144
1344
1034
1135
1317
1036
1074
1319
1061
1130
1146
1145
1146
1145
1147
1147
1148
1148
1149
1149
1157
1046
1150
1046
1047
1431
1323
1049
1072
1334
1051
1052
1366
1306
1054
1204
1211
1075
1094
1067
1059
1060
1095
1251
1131
1063
1257
1081
1065
1138
1358
1322
1072
1069
1259
1080
1071
1223
1135
1256
1299
1301
1132
1102
1194
1104
1193
1096
1192
1191
1195
1222
1212
1140
1197
1185
1196
1184
1190
1183
1188
1182
1186
1129
1181
1128
1180
1179
1189
1178
1187
1171
1177
1156
1176
1152
1175
1152
1302
1349
1098
1218
1100
1101
1103
1254
1250
1214
1263
1252
1216
1134
1204
1108
1394
1110
1111
1205
1272
1261
1174
1207
1173
1206
1172
1203
1170
1202
1169
1201
1168
1200
1167
1199
1166
1198
1121
1332
1165
1164
1208
1155
1163
1154
1162
1153
1161
1414
1160
1209
1296
1236
1235
1143
1305
1427
1315
1391
1137
1138
1362
1540
1141
1313
1303
1159
1144
1158
1217
1325
1310
1327
1326
1341
1340
1151
1328
1157
1337
1248
1295
1294
1291
1246
1329
1224
1356
1351
1412
1293
1289
1285
1286
1284
1283
1282
1281
1279
1245
1275
1393
1249
1247
1383
1243
1239
1365
1381
1233
1231
1376
1228
1226
1232
1241
1230
1237
1375
1220
1219
1370
1215
1213
1227
1225
1406
1405
1404
1400
1401
1277
1210
1268
1274
1273
1288
1262
1398
1278
1409
1258
1387
1229
1396
1318
1371
1221
1379
1217
1321
1464
1255
1265
1253
1373
1221
1350
1497
1260
1369
1267
1390
1610
1709
1287
1385
1234
1430
1304
1372
1229
1372
1470
1240
1374
1238
1361
1244
1445
1234
1242
1460
1380
1419
1364
1447
1238
1382
1459
1240
1297
1484
1242
1361
1485
1244
1374
1487
1269
1403
1359
1363
1280
1360
1353
1444
1292
1338
1264
1439
1302
1424
1253
1388
1574
1255
1256
1468
1335
1258
1369
1466
1260
1446
1501
1262
1271
1503
1264
1265
1634
1588
1267
1422
1576
1269
1276
1506
1271
1300
1508
1392
1451
1290
1384
1389
1397
1276
1389
1572
1278
1316
1524
1280
1448
1525
1399
1452
1402
1443
1442
1454
1441
1453
1377
1385
1287
1407
1567
1357
1408
1290
1333
1566
1292
1360
1629
1384
1410
1410
1440
1352
1411
1297
1413
1561
1307
1415
1300
1355
1559
1320
1346
1408
1304
1387
1543
1306
1307
1368
1774
1324
1428
1312
1330
1426
1429
1312
1314
1641
1314
1709
1545
1316
1336
1546
1318
1450
1548
1320
1321
1580
1646
1323
1324
1433
1711
1331
1345
1342
1429
1380
1426
1363
1432
1330
1331
1676
1663
1333
1377
1599
1335
1336
1469
1654
1338
1339
1642
1438
1343
1359
1342
1343
1659
1628
1345
1346
1608
1649
1378
1434
1434
1610
1350
1373
1555
1352
1353
1590
1660
1355
1449
1563
1357
1417
1565
1367
1542
1455
1490
1517
1464
1541
1614
1365
1552
1413
1367
1368
1602
1817
1472
1371
1388
1467
1515
1474
1499
1379
1446
1382
1396
1477
1427
1478
1480
1507
1430
1447
1482
1445
1448
1491
1505
1421
1436
1611
1617
1463
1391
1522
1450
1393
1550
1397
1398
1451
1409
1449
1513
1475
1495
1400
1536
1402
1403
1452
1527
1520
1443
1454
1442
1453
1407
1441
1531
1519
1538
1510
1412
1630
1440
1532
1417
1444
1416
1633
1632
1578
1419
1425
1635
1421
1422
1594
1636
1424
1425
1616
1734
1535
1428
1570
1554
1557
1432
1433
1593
1910
1465
1436
1632
1657
1438
1439
1644
1666
1494
1533
1529
1621
1489
1457
1462
1458
1600
1456
1493
1471
1461
1492
1528
1624
1625
1539
1579
1488
1622
1558
1596
1483
1613
1486
1591
1521
1601
1481
1582
1476
1597
1648
1479
1581
1473
1669
1549
1645
1469
1588
1655
1516
1589
1496
1587
1473
1502
1718
1575
1595
1476
1551
1803
1585
1598
1479
1571
1796
1481
1498
1694
1483
1514
1696
1562
1586
1486
1518
1788
1488
1500
1707
1583
1662
1526
1652
1511
1592
1530
1631
1523
1607
1512
1670
1496
1504
1772
1498
1556
1719
1500
1586
1722
1502
1582
1724
1504
1509
1727
1569
1585
1573
1618
1606
1615
1509
1560
1757
1511
1512
1872
1847
1514
1589
1786
1516
1544
1738
1518
1613
1740
1603
1616
1521
1618
1736
1523
1577
1744
1547
1605
1526
1619
1755
1537
1620
1623
1626
1530
1626
1741
1534
1568
1553
1612
1534
1631
1712
1606
1627
1537
1601
1697
1539
1605
1766
1541
1542
1677
1638
1544
1671
1687
1584
1640
1547
1656
1770
1549
1607
1782
1551
1587
1869
1553
1596
1784
1627
1653
1556
1595
1686
1558
1591
1794
1560
1564
1797
1562
1612
1799
1564
1579
1801
1578
1603
1592
1665
1568
1569
1839
1829
1571
1609
1825
1573
1597
1805
1575
1673
1807
1577
1637
1810
1583
1726
1647
1651
1680
1713
1681
1699
1682
1835
1683
1728
1702
1763
1730
1661
1674
1684
1717
1672
1910
1658
1685
1691
1790
1735
1599
1828
1665
1619
1622
1700
1639
1832
1703
1704
1713
1835
1708
1745
1854
1650
1664
1690
1711
1713
1669
1671
1715
1846
1624
1672
1635
1716
1732
1645
1673
1742
1768
1621
1693
1623
1859
1775
1746
1628
1749
1750
1754
1688
1643
1652
1670
1674
1761
1779
1780
1793
1668
1763
1863
1637
1685
1864
1639
1679
1884
1641
1852
1675
1643
1644
1876
1667
1752
1647
1648
1880
1678
1650
1651
1819
1815
1748
1659
1792
1655
1656
2019
1836
1658
1781
1878
1688
1661
1662
1861
1875
1664
1814
1907
1777
1667
1668
1876
1877
1764
1714
1759
1689
1710
1731
1676
1894
1814
1678
1679
1882
2022
1705
1796
1695
1813
1706
1851
1818
1843
1789
1827
1822
1692
1720
1760
1831
1812
1690
1747
1824
1692
1809
1913
1698
1826
1695
1721
1983
1787
1892
1698
1701
1957
1830
1845
1701
1737
1970
1773
1888
1733
1830
1705
1706
2036
2026
1723
1868
1771
1833
1835
1753
1808
1910
1762
1838
1841
1848
1785
1862
1856
1887
1778
1871
1725
1870
1720
1721
1989
2003
1723
1729
1909
1725
1813
1927
1767
1844
1758
1834
1729
1800
1964
1739
1842
1841
1860
1733
1734
1873
1863
1804
1840
1737
1743
1932
1739
1831
1933
1816
1890
1751
1823
1743
1806
1937
1811
1853
1855
1856
1747
1821
1914
1756
1891
1821
1857
1751
1776
1905
1753
1783
1940
1850
1855
1756
1769
1904
1758
1798
1945
1760
1765
1946
1762
1823
1947
1866
1765
1870
1919
1767
1833
1948
1769
1895
1922
1771
1837
1954
1773
1834
1955
1793
1817
1776
1826
1923
1778
1858
1959
1780
1781
1885
1962
1783
1867
1949
1785
1791
1965
1787
1842
1967
1789
1816
1968
1791
1795
1971
1849
1850
1874
1795
1827
1974
1903
1798
1802
1976
1800
1862
1978
1802
1844
1979
1804
1896
1939
1806
1840
1981
1808
1809
2010
1987
1811
1865
1921
1849
1857
1912
1900
1820
1881
1898
1832
1829
1901
1820
1902
1899
1943
1879
1906
1908
1825
1915
1903
1941
1958
1843
1858
1918
1985
1920
1874
1934
1929
1837
2019
1911
1839
1980
1918
1982
1975
1931
1930
1956
1875
1928
1890
1892
1848
2004
2001
1897
1972
1852
1942
1893
1854
2013
1867
1951
1960
1973
1988
1868
1895
1861
1999
1984
1969
1873
1865
1906
2016
1889
2019
1952
1935
1888
1896
1966
1872
2054
2004
1886
1883
1984
1891
1889
1891
1879
1963
2027
1881
1882
2009
2023
1884
1885
2024
1990
1887
1985
2020
1925
1904
1977
1936
1894
1996
1900
1924
1926
1995
2025
1939
1982
1917
2008
1938
1989
2003
1907
1916
1992
1911
1919
1966
1993
1938
1927
1966
1948
1956
1922
1947
1980
1930
1986
1915
1944
2032
1917
2007
2035
1991
1923
1941
1957
2014
2018
1954
1946
1934
1954
1958
1974
1958
1968
1947
2030
2041
1965
1971
1989
1932
1970
1967
1957
1970
1935
1948
1937
1981
1967
2005
1968
1950
2042
1946
1996
2012
1944
2011
2043
1965
1969
1950
1953
2072
1961
1997
1953
2015
2049
1971
1974
1964
2002
2037
1961
2021
2050
1963
1990
2082
1979
1976
1994
1997
2011
2025
1998
2000
1978
1981
1982
1979
1983
1991
2029
2041
1987
1988
2010
2002
2033
2003
2031
2032
2017
2028
1995
2071
2073
2006
2047
1999
2084
2061
2001
2038
2039
2112
2097
2006
2007
2078
2064
2009
2092
2062
2042
2040
2026
2048
2014
2015
2080
2075
2017
2018
2081
2068
2021
2046
2052
2023
2024
2062
2033
2053
2069
2028
2059
2065
2030
2061
2088
2034
2036
2045
2066
2077
2103
2059
2063
2067
2054
2091
2083
2096
2055
2097
2044
2087
2046
2112
2044
2045
2100
2077
2056
2051
2070
2078
2079
2058
2076
2051
2052
2105
2057
2074
2086
2097
2090
2096
2057
2088
2106
2072
2119
2082
2067
2103
2157
2093
2066
2064
2065
2104
2089
2092
2069
2095
2110
2085
2071
2121
2113
2090
2074
2114
2116
2076
2099
2140
2100
2104
2085
2108
2095
2099
2089
2110
2092
2084
2155
2124
2120
2087
2111
2102
2094
2107
2091
2112
2094
2124
2117
2098
2119
2125
2134
2115
2101
2102
2103
2132
2107
2106
2121
2122
2108
2109
2118
2123
2123
2116
2127
2114
2131
2141
2133
2138
2139
2122
2128
2120
2137
2126
2146
2129
2130
2125
2154
2161
2140
2155
2132
2148
2152
2154
2130
2131
2142
2160
2157
2134
2135
2136
2143
2149
2144
2158
2153
2161
2140
2151
2141
2147
2159
2145
2152
2144
2145
2163
2160
2150
2157
2148
2164
2150
2151
2152
2153
2156
2162
2156
2156
2161
2162
2160
2163
2164
2164
2249
2249
2254
2256
2313
2259
2430
2260
2343
2250
2250
2262
2265
2344
2345
2434
2346
2433
2347
2432
2308
2348
2273
2349
2350
2431
2251
2341
2251
2264
2274
2274
2275
2275
2276
2276
2277
2277
2278
2278
2279
2279
2280
2280
2281
2281
2282
2282
2283
2283
2284
2284
2285
2195
2285
2196
2196
2475
2351
2352
2447
2446
2448
2353
2445
2354
2444
2355
2443
2356
2442
2357
2441
2358
2440
2359
2439
2360
2438
2361
2437
2362
2436
2363
2435
2364
2398
2365
2399
2366
2400
2367
2401
2368
2402
2369
2403
2370
2404
2371
2405
2372
2406
2252
2252
2449
2373
2407
2374
2408
2342
2409
2253
2253
2315
2317
2375
2376
2451
2377
2450
2378
2410
2379
2411
2380
2412
2381
2413
2382
2414
2383
2415
2384
2416
2385
2417
2386
2418
2387
2419
2388
2420
2389
2421
2390
2422
2391
2423
2392
2424
2393
2425
2394
2426
2395
2427
2396
2428
2397
2429
2574
2576
2264
2537
2539
2255
2546
2256
2452
2313
2430
2259
2260
2601
2596
2343
2576
2263
2456
2265
2457
2480
2344
2434
2345
2433
2346
2432
2308
2347
2273
2348
2349
2431
2341
2350
2477
2470
2483
2577
2578
2666
2579
2580
2581
2582
2583
2584
2585
2351
2447
2475
2352
2446
2445
2448
2353
2444
2354
2443
2355
2442
2356
2441
2357
2440
2358
2439
2359
2438
2360
2437
2361
2436
2362
2435
2363
2398
2364
2399
2365
2400
2366
2401
2367
2402
2368
2403
2369
2404
2370
2405
2371
2406
2535
2372
2537
2407
2449
2373
2408
2374
2409
2638
2342
2539
2316
2637
2317
2548
2375
2451
2376
2450
2377
2410
2378
2411
2379
2412
2380
2413
2381
2414
2382
2415
2383
2416
2384
2417
2385
2418
2386
2419
2387
2420
2388
2421
2389
2422
2390
2423
2391
2424
2392
2425
2393
2426
2394
2427
2395
2428
2396
2429
2397
2574
2575
2476
2668
2454
2455
2459
2463
2466
2468
2471
2588
2486
2490
2494
2498
2502
2505
2509
2512
2515
2518
2627
2524
2525
2526
2527
2528
2529
2530
2531
2605
2467
2540
2544
2590
2550
2642
2643
2644
2645
2646
2647
2648
2649
2650
2651
2652
2653
2654
2655
2656
2657
2658
2659
2660
2614
2572
2628
2629
2630
2607
2632
2598
2633
2634
2532
2617
2541
2545
2552
2553
2554
2555
2556
2557
2558
2559
2560
2561
2562
2563
2564
2565
2566
2567
2568
2569
2570
2571
2453
2472
2464
2460
2458
2522
2520
2516
2513
2510
2506
2503
2499
2495
2491
2488
2487
2485
2484
2538
2636
2547
2640
2469
2618
2461
2482
2462
2609
2481
2592
2470
2575
2519
2713
2465
2473
2461
2462
2864
2882
2474
2610
2465
2609
2730
2478
2536
2534
2616
2469
2479
2740
2599
2611
2618
2473
2474
2872
2870
2587
2543
2595
2478
2479
2911
2885
2481
2482
2838
2865
2600
2619
2533
2593
2489
2492
2493
2496
2604
2623
2489
2589
2738
2497
2500
2492
2493
2879
2983
2501
2613
2496
2497
2892
2891
2504
2507
2500
2501
2896
2894
2508
2624
2504
2613
2744
2511
2626
2507
2508
2902
2880
2514
2612
2511
2624
2746
2517
2608
2514
2626
2734
2521
2622
2517
2612
2733
2519
2523
2753
2521
2608
2754
2523
2622
2755
2573
2714
2712
2715
2711
2716
2606
2710
2631
2696
2597
2717
2621
2693
2692
2709
2533
2534
2737
2951
2536
2610
2735
2593
2591
2620
2595
2542
2639
2542
2543
2922
2788
2549
2635
2551
2723
2547
2594
2772
2549
2641
2786
2551
2620
2790
2722
2724
2691
2721
2690
2720
2689
2719
2688
2708
2687
2707
2686
2706
2685
2705
2684
2704
2683
2703
2682
2702
2681
2701
2680
2700
2679
2698
2678
2697
2677
2695
2674
2676
2675
2694
2625
2699
2602
2661
2573
2662
2847
2594
2611
2592
2619
2667
2665
2667
2664
2670
2663
2664
2663
2671
2671
2672
2672
2673
2586
2673
2586
2587
2750
2623
2589
2604
2841
2591
2718
2835
2668
2605
2614
2637
2603
2669
2598
2725
2621
2600
2777
2854
2602
2603
2859
2857
2731
2615
2607
2770
2631
2763
2747
2743
2777
2851
2752
2625
2634
2736
2617
2739
2639
2779
2785
2829
2775
2767
2749
2839
2773
2849
2662
2713
2712
2714
2711
2715
2710
2716
2762
2696
2717
2693
2709
2692
2636
2827
2718
2641
2640
2661
2908
2732
2787
2722
2723
2721
2724
2691
2720
2690
2719
2689
2708
2688
2707
2687
2706
2686
2705
2685
2704
2684
2703
2683
2702
2682
2701
2681
2700
2680
2698
2679
2697
2678
2695
2674
2677
2676
2694
2675
2699
2905
2784
2745
2834
2666
2832
2670
2831
2669
2837
2778
2889
2846
2845
2843
2817
2823
2820
2929
2813
2812
2941
2939
2938
2937
2936
2935
2934
2915
2932
2797
2796
2794
2769
2766
2821
2815
2726
2943
2810
2825
2809
2808
2807
2806
2805
2804
2803
2802
2799
2917
2760
2758
2909
2741
2757
2729
2727
2765
2742
2931
2930
2792
2783
2782
2728
2875
2814
2928
2728
2816
3020
2761
2920
2748
2873
2751
2901
2774
2906
2852
2912
2850
2876
2877
2910
2737
2795
2952
2842
2878
2907
2953
2780
2886
2848
2900
2798
2966
2871
2877
2890
2927
2888
2899
2840
2881
2748
2884
2989
2750
2751
2862
3023
2890
2895
2756
2926
2764
2887
2756
2768
3113
2759
2904
2759
2900
2979
2761
2904
3000
2771
2853
2764
2912
2978
2828
2913
2818
2824
2768
2887
2975
2776
2800
2771
2918
2974
2773
2774
2811
3142
2776
2875
3126
2781
2833
2916
2780
2781
3144
2855
2793
2945
2791
2921
2919
2925
2856
2863
2789
2861
2788
2789
2924
3091
2791
2830
3009
2793
2921
3018
2795
2801
3025
2964
2965
2798
2963
3017
2800
2801
3114
3156
2914
2962
2933
2957
2967
2968
2956
2969
2955
2961
2954
2960
2950
2959
2949
2958
2811
2819
3182
2826
2942
2814
2944
3082
2816
2853
3043
2818
2819
3174
3291
2822
2868
2822
2946
3045
2824
2844
3047
2826
2970
3048
2828
2861
3050
2830
2836
3053
2863
2947
2833
2947
3079
2899
2916
2836
2913
3077
2838
2858
2866
2840
2869
3062
2842
2901
3065
2844
2868
3066
2862
2940
2940
2948
2848
2919
3075
2850
2881
3071
2852
2876
3073
3106
2855
2856
3146
3088
2858
2860
3099
2860
2905
3090
3012
3022
3068
2867
2883
2866
2867
3098
3095
3014
2880
2976
2871
2874
3177
2873
2874
3119
3206
2977
3024
3001
2879
3204
3086
2903
3007
2883
2884
3116
3111
2886
3125
3096
2985
2889
3002
2948
3055
2893
2897
2893
2993
2990
2895
2898
3121
2897
2898
3137
3225
3061
3057
2999
2903
2927
2994
3120
2906
3052
2908
3011
2923
2925
2926
2911
3181
3125
2980
3008
2915
3059
2933
3032
2918
2920
3005
3004
3069
2973
2923
2924
3147
3092
3015
2998
2996
2929
2991
2946
2945
2964
2963
2965
2962
2966
3031
2957
2967
2956
2968
2961
2969
2955
2960
2954
2959
2950
2958
3041
2949
2970
2943
3042
2944
3109
3003
2995
3013
3056
2987
3084
2952
2953
3026
3183
2984
3038
3036
3033
3029
3168
3039
3164
3035
3131
3027
2982
3155
2992
3162
2972
2971
2988
3169
3037
3163
3010
3153
3006
3161
2986
3138
3063
3101
3021
3130
2981
3110
3058
3150
2981
3074
3251
3028
3154
2993
3086
3040
3175
2986
3110
3244
2988
3030
3218
3112
3115
3107
3136
3083
3123
3034
3172
3087
2997
3101
3123
3139
2997
3128
3240
3129
3143
3094
3132
3133
3179
3178
3180
3135
3176
3019
3167
3016
3105
3006
3070
3285
3064
3141
3051
3171
3010
3054
3243
3148
3185
3093
3134
3080
3151
3046
3124
3016
3129
3232
3140
3186
3019
3153
3231
3021
3044
3256
3023
3102
3132
3072
3127
3026
3158
3184
3028
3167
3263
3030
3085
3264
3060
3159
3081
3097
3034
3159
3220
3103
3189
3037
3165
3219
3166
3190
3040
3166
3215
3102
3104
3049
3108
3044
3170
3213
3046
3139
3289
3067
3173
3049
3169
3211
3051
3134
3294
3152
3188
3054
3078
3253
3122
3128
3104
3176
3058
3076
3201
3060
3103
3302
3097
3135
3063
3064
3396
3327
3094
3227
3067
3124
3387
3089
3151
3070
3179
3194
3072
3141
3307
3074
3127
3309
3076
3105
3311
3078
3171
3313
3080
3081
3391
3397
3083
3160
3236
3085
3191
3315
3203
3107
3205
3089
3355
3399
3152
3192
3092
3093
3149
3398
3248
3100
3117
3145
3305
3199
3099
3100
3192
3353
3318
3229
3279
3272
3217
3161
3170
3212
3109
3336
3160
3287
3112
3118
3346
3138
3143
3157
3187
3119
3221
3117
3118
3350
3415
3207
3133
3150
3122
3226
3329
3246
3238
3304
3130
3187
3235
3260
3298
3255
3140
3154
3224
3258
3223
3283
3137
3395
3360
3200
3385
3319
3237
3182
3188
3368
3145
3146
3349
3355
3148
3149
3363
3398
3193
3209
3306
3296
3389
3186
3189
3157
3158
3381
3374
3261
3268
3214
3165
3172
3164
3270
3190
3275
3266
3277
3175
3191
3280
3292
3210
3300
3174
3402
3321
3197
3247
3178
3208
3392
3241
3181
3410
3379
3239
3184
3185
3375
3377
3196
3372
3234
3366
3222
3195
3351
3202
3322
3242
3367
3198
3316
3320
3380
3198
3216
3452
3323
3325
3245
3390
3202
3312
3418
3204
3205
3227
3228
3207
3208
3341
3430
3370
3400
3295
3333
3282
3335
3338
3354
3293
3373
3286
3361
3216
3267
3420
3233
3344
3265
3281
3276
3359
3262
3357
3347
3356
3271
3345
3339
3405
3229
3249
3226
3360
3435
3230
3230
3338
3274
3250
3297
3348
3233
3299
3429
3252
3331
3308
3358
3269
3332
3328
3343
3290
3386
3252
3291
3362
3369
3242
3259
3459
3254
3337
3245
3288
3455
3332
3365
3273
3284
3249
3250
3528
3530
3310
3340
3324
3254
3314
3462
3257
3371
3257
3373
3457
3259
3322
3464
3330
3362
3262
3303
3451
3278
3408
3265
3317
3450
3267
3345
3466
3269
3342
3469
3271
3359
3467
3273
3274
3546
3535
3276
3301
3458
3278
3348
3476
3334
3407
3281
3282
3593
3555
3284
3326
3489
3286
3367
3479
3288
3340
3483
3290
3364
3484
3321
3293
3361
3487
3295
3339
3490
3297
3337
3491
3299
3384
3492
3301
3357
3493
3303
3334
3495
3305
3379
3393
3331
3352
3308
3343
3486
3310
3358
3460
3312
3344
3432
3314
3333
3500
3316
3317
3512
3504
3369
3388
3320
3401
3421
3324
3488
3397
3411
3404
3326
3533
3510
3328
3497
3505
3330
3437
3573
3444
3440
3468
3414
3336
3477
3342
3428
3445
3378
3475
3356
3474
3419
3413
3498
3431
3347
3417
3517
3426
3394
3422
3406
3416
3352
3353
3427
3406
3395
3412
3422
3456
3481
3482
3473
3434
3449
3499
3376
3405
3385
3442
3385
3446
3380
3407
3453
3384
3390
3454
3391
3465
3372
3461
3382
3463
3375
3383
3553
3377
3378
3553
3557
3438
3480
3382
3383
3507
3561
3502
3387
3441
3403
3396
3496
3401
3408
3472
3424
3409
3430
3394
3439
3536
3433
3497
3424
3405
3400
3501
3537
3494
3403
3404
3534
3444
3443
3423
3425
3410
3588
3527
3524
3533
3508
3525
3420
3452
3429
3498
3416
3417
3543
3540
3421
3480
3470
3478
3486
3488
3501
3432
3498
3503
3459
3464
3453
3479
3443
3516
3449
3487
3495
3474
3460
3482
3480
3434
3526
3436
3436
3437
3597
3585
3439
3527
3548
3447
3471
3485
3522
3448
3520
3550
3516
3508
3532
3447
3448
3589
3579
3491
3454
3496
3492
3502
3505
3476
3519
3458
3493
3513
3518
3468
3500
3483
3476
3467
3468
3490
3463
3487
3500
3494
3521
3539
3482
3486
3475
3470
3471
3598
3619
3481
3493
3475
3483
3506
3478
3514
3551
3491
3502
3485
3520
3556
3494
3511
3563
3507
3495
3504
3509
3515
3519
3529
3521
3523
3509
3512
3513
3552
3557
3554
3512
3511
3578
3570
3564
3515
3555
3573
3542
3518
3541
3575
3593
3544
3562
3534
3558
3524
3586
3582
3526
3602
3587
3599
3531
3535
3536
3538
3531
3532
3577
3607
3565
3542
3547
3549
3538
3539
3592
3594
3541
3572
3613
3545
3550
3572
3569
3574
3550
3560
3547
3563
3566
3549
3605
3584
3580
3604
3567
3588
3561
3590
3610
3593
3559
3569
3561
3559
3560
3661
3626
3586
3596
3568
3576
3581
3578
3583
3568
3577
3581
3591
3571
3652
3571
3643
3612
3614
3580
3579
3606
3576
3615
3653
3608
3621
3647
3585
3632
3583
3648
3641
3592
3631
3609
3616
3597
3618
3600
3627
3645
3602
3617
3601
3620
3595
3595
3596
3674
3650
3609
3604
3628
3600
3605
3601
3630
3603
3618
3659
3611
3629
3655
3656
3608
3610
3612
3611
3622
3625
3623
3614
3615
3626
3634
3639
3648
3624
3644
3625
3627
3628
3638
3649
3642
3643
3623
3624
3695
3669
3636
3634
3633
3635
3630
3631
3640
3663
3649
3651
3637
3646
3657
3636
3637
3684
3682
3640
3664
3650
3666
3658
3642
3672
3668
3673
3659
3675
3646
3647
3671
3654
3662
3680
3674
3653
3697
3656
3660
3657
3655
3676
3667
3678
3661
3663
3665
3684
3661
3697
3670
3672
3674
3680
3681
3666
3681
3670
3679
3696
3687
3688
3693
3703
3685
3676
3677
3686
3688
3695
3677
3690
3689
3682
3679
3699
3683
3699
3683
3684
3685
3698
3687
3700
3692
3691
3694
3701
3694
3703
3692
3693
3695
3698
3701
3699
3700
3702
3702
)


// ************************************************************************* //
