/*--------------------------------*- C++ -*----------------------------------*\
  =========                 |
  \\      /  F ield         | OpenFOAM: The Open Source CFD Toolbox
   \\    /   O peration     | Website:  https://openfoam.org
    \\  /    A nd           | Version:  6
     \\/     M anipulation  |
\*---------------------------------------------------------------------------*/
FoamFile
{
    version     2.0;
    format      ascii;
    class       vectorField;
    location    "constant/polyMesh";
    object      points;
}
// * * * * * * * * * * * * * * * * * * * * * * * * * * * * * * * * * * * * * //


4544
(
(4 -1 0)
(4 0 0)
(0.06 7.34788e-18 0)
(-0.06 0 0)
(-1 0 0)
(-1 -1 0)
(4 1 0)
(-1 1 0)
(-1 -0.891 0)
(-1 -0.792 0)
(-1 -0.693 0)
(-1 -0.594 0)
(-1 -0.495 0)
(-1 -0.396 0)
(-1 -0.297 0)
(-1 -0.198 0)
(-1 -0.099 0)
(-0.901445 0 0)
(-0.803805 0 0)
(-0.707255 0 0)
(-0.625736 0 0)
(-0.548506 0 0)
(-0.479861 0 0)
(-0.417994 0 0)
(-0.367501 0 0)
(-0.325354 0 0)
(-0.285429 0 0)
(-0.248387 0 0)
(-0.217604 0 0)
(-0.188925 0 0)
(-0.16278 0 0)
(-0.139787 0 0)
(-0.11841 0 0)
(-0.0991419 0 0)
(-0.0809429 0 0)
(0.058724 -0.0123083 0)
(0.0549789 -0.0240275 0)
(0.0487038 -0.035042 0)
(0.0405497 -0.0442236 0)
(0.0306945 -0.0515543 0)
(0.0196018 -0.0567078 0)
(0.00725658 -0.0595596 0)
(-0.00516849 -0.059777 0)
(-0.0182687 -0.0571512 0)
(-0.0294075 -0.0522991 0)
(-0.039546 -0.0451233 0)
(-0.0479243 -0.0361007 0)
(-0.0548975 -0.0242129 0)
(-0.0587142 -0.0123551 0)
(0.0863096 0 0)
(0.10578 0 0)
(0.127658 0 0)
(0.151432 0 0)
(0.178131 0 0)
(0.209677 0 0)
(0.243746 0 0)
(0.281534 0 0)
(0.32327 0 0)
(0.371494 0 0)
(0.434132 0 0)
(0.508629 0 0)
(0.586037 0 0)
(0.67481 0 0)
(0.775573 0 0)
(0.876336 0 0)
(0.9771 0 0)
(1.07786 0 0)
(1.17863 0 0)
(1.27939 0 0)
(1.38015 0 0)
(1.48092 0 0)
(1.58168 0 0)
(1.68244 0 0)
(1.78321 0 0)
(1.88397 0 0)
(1.98473 0 0)
(2.0855 0 0)
(2.18626 0 0)
(2.28702 0 0)
(2.38779 0 0)
(2.48855 0 0)
(2.58931 0 0)
(2.69008 0 0)
(2.79084 0 0)
(2.8916 0 0)
(2.99237 0 0)
(3.09313 0 0)
(3.19389 0 0)
(3.29466 0 0)
(3.39542 0 0)
(3.49618 0 0)
(3.59695 0 0)
(3.69771 0 0)
(3.79847 0 0)
(3.89924 0 0)
(4 -0.891 0)
(4 -0.792 0)
(4 -0.693 0)
(4 -0.594 0)
(4 -0.495 0)
(4 -0.396 0)
(4 -0.297 0)
(4 -0.198 0)
(4 -0.099 0)
(-0.9 -1 0)
(-0.8 -1 0)
(-0.7 -1 0)
(-0.6 -1 0)
(-0.5 -1 0)
(-0.4 -1 0)
(-0.3 -1 0)
(-0.2 -1 0)
(-0.1 -1 0)
(-1.28786e-14 -1 0)
(0.1 -1 0)
(0.2 -1 0)
(0.3 -1 0)
(0.4 -1 0)
(0.5 -1 0)
(0.6 -1 0)
(0.7 -1 0)
(0.8 -1 0)
(0.9 -1 0)
(1 -1 0)
(1.1 -1 0)
(1.2 -1 0)
(1.3 -1 0)
(1.4 -1 0)
(1.5 -1 0)
(1.6 -1 0)
(1.7 -1 0)
(1.8 -1 0)
(1.9 -1 0)
(2 -1 0)
(2.1 -1 0)
(2.2 -1 0)
(2.3 -1 0)
(2.4 -1 0)
(2.5 -1 0)
(2.6 -1 0)
(2.7 -1 0)
(2.8 -1 0)
(2.9 -1 0)
(3 -1 0)
(3.1 -1 0)
(3.2 -1 0)
(3.3 -1 0)
(3.4 -1 0)
(3.5 -1 0)
(3.6 -1 0)
(3.7 -1 0)
(3.8 -1 0)
(3.9 -1 0)
(-1 0.099 0)
(-1 0.198 0)
(-1 0.297 0)
(-1 0.396 0)
(-1 0.495 0)
(-1 0.594 0)
(-1 0.693 0)
(-1 0.792 0)
(-1 0.891 0)
(-0.9 1 0)
(-0.8 1 0)
(-0.7 1 0)
(-0.6 1 0)
(-0.5 1 0)
(-0.4 1 0)
(-0.3 1 0)
(-0.2 1 0)
(-0.1 1 0)
(-1.28786e-14 1 0)
(0.1 1 0)
(0.2 1 0)
(0.3 1 0)
(0.4 1 0)
(0.5 1 0)
(0.6 1 0)
(0.7 1 0)
(0.8 1 0)
(0.9 1 0)
(1 1 0)
(1.1 1 0)
(1.2 1 0)
(1.3 1 0)
(1.4 1 0)
(1.5 1 0)
(1.6 1 0)
(1.7 1 0)
(1.8 1 0)
(1.9 1 0)
(2 1 0)
(2.1 1 0)
(2.2 1 0)
(2.3 1 0)
(2.4 1 0)
(2.5 1 0)
(2.6 1 0)
(2.7 1 0)
(2.8 1 0)
(2.9 1 0)
(3 1 0)
(3.1 1 0)
(3.2 1 0)
(3.3 1 0)
(3.4 1 0)
(3.5 1 0)
(3.6 1 0)
(3.7 1 0)
(3.8 1 0)
(3.9 1 0)
(4 0.099 0)
(4 0.198 0)
(4 0.297 0)
(4 0.396 0)
(4 0.495 0)
(4 0.594 0)
(4 0.693 0)
(4 0.792 0)
(4 0.891 0)
(-0.0586185 0.0128014 0)
(-0.0548402 0.0243425 0)
(-0.0485189 0.0352976 0)
(-0.0402462 0.0445 0)
(-0.0302248 0.0518311 0)
(-0.0188018 0.056978 0)
(-0.00584457 0.0597147 0)
(0.00659354 0.0596366 0)
(0.0188848 0.0569505 0)
(0.0305032 0.0516678 0)
(0.0400943 0.0446368 0)
(0.0487386 0.0349936 0)
(0.0545681 0.0249463 0)
(0.0586148 0.0128181 0)
(-1 -0.998 0)
(-1 -0.996 0)
(-1 -0.994 0)
(-1 -0.992 0)
(-1 -0.99 0)
(4 -0.998 0)
(4 -0.996 0)
(4 -0.994 0)
(4 -0.992 0)
(4 -0.99 0)
(0.062 0 0)
(0.064 0 0)
(0.066 0 0)
(0.068 0 0)
(0.07 0 0)
(-0.0613974 0 0)
(-0.0627948 0 0)
(-0.0641922 0 0)
(-0.0655896 0 0)
(-0.066987 0 0)
(-0.9 -0.998 0)
(-0.8 -0.998 0)
(-0.7 -0.998 0)
(-0.6 -0.998 0)
(-0.5 -0.998 0)
(-0.4 -0.998 0)
(-0.3 -0.998 0)
(-0.2 -0.998 0)
(-0.1 -0.998 0)
(-1.28786e-14 -0.998 0)
(0.1 -0.998 0)
(0.2 -0.998 0)
(0.3 -0.998 0)
(0.4 -0.998 0)
(0.5 -0.998 0)
(0.6 -0.998 0)
(0.7 -0.998 0)
(0.8 -0.998 0)
(0.9 -0.998 0)
(1 -0.998 0)
(1.1 -0.998 0)
(1.2 -0.998 0)
(1.3 -0.998 0)
(1.4 -0.998 0)
(1.5 -0.998 0)
(1.6 -0.998 0)
(1.7 -0.998 0)
(1.8 -0.998 0)
(1.9 -0.998 0)
(2 -0.998 0)
(2.1 -0.998 0)
(2.2 -0.998 0)
(2.3 -0.998 0)
(2.4 -0.998 0)
(2.5 -0.998 0)
(2.6 -0.998 0)
(2.7 -0.998 0)
(2.8 -0.998 0)
(2.9 -0.998 0)
(3 -0.998 0)
(3.1 -0.998 0)
(3.2 -0.998 0)
(3.3 -0.998 0)
(3.4 -0.998 0)
(3.5 -0.998 0)
(3.6 -0.998 0)
(3.7 -0.998 0)
(3.8 -0.998 0)
(3.9 -0.998 0)
(-0.9 -0.996 0)
(-0.8 -0.996 0)
(-0.7 -0.996 0)
(-0.6 -0.996 0)
(-0.5 -0.996 0)
(-0.4 -0.996 0)
(-0.3 -0.996 0)
(-0.2 -0.996 0)
(-0.1 -0.996 0)
(-1.28786e-14 -0.996 0)
(0.1 -0.996 0)
(0.2 -0.996 0)
(0.3 -0.996 0)
(0.4 -0.996 0)
(0.5 -0.996 0)
(0.6 -0.996 0)
(0.7 -0.996 0)
(0.8 -0.996 0)
(0.9 -0.996 0)
(1 -0.996 0)
(1.1 -0.996 0)
(1.2 -0.996 0)
(1.3 -0.996 0)
(1.4 -0.996 0)
(1.5 -0.996 0)
(1.6 -0.996 0)
(1.7 -0.996 0)
(1.8 -0.996 0)
(1.9 -0.996 0)
(2 -0.996 0)
(2.1 -0.996 0)
(2.2 -0.996 0)
(2.3 -0.996 0)
(2.4 -0.996 0)
(2.5 -0.996 0)
(2.6 -0.996 0)
(2.7 -0.996 0)
(2.8 -0.996 0)
(2.9 -0.996 0)
(3 -0.996 0)
(3.1 -0.996 0)
(3.2 -0.996 0)
(3.3 -0.996 0)
(3.4 -0.996 0)
(3.5 -0.996 0)
(3.6 -0.996 0)
(3.7 -0.996 0)
(3.8 -0.996 0)
(3.9 -0.996 0)
(-0.9 -0.994 0)
(-0.8 -0.994 0)
(-0.7 -0.994 0)
(-0.6 -0.994 0)
(-0.5 -0.994 0)
(-0.4 -0.994 0)
(-0.3 -0.994 0)
(-0.2 -0.994 0)
(-0.1 -0.994 0)
(-1.28786e-14 -0.994 0)
(0.1 -0.994 0)
(0.2 -0.994 0)
(0.3 -0.994 0)
(0.4 -0.994 0)
(0.5 -0.994 0)
(0.6 -0.994 0)
(0.7 -0.994 0)
(0.8 -0.994 0)
(0.9 -0.994 0)
(1 -0.994 0)
(1.1 -0.994 0)
(1.2 -0.994 0)
(1.3 -0.994 0)
(1.4 -0.994 0)
(1.5 -0.994 0)
(1.6 -0.994 0)
(1.7 -0.994 0)
(1.8 -0.994 0)
(1.9 -0.994 0)
(2 -0.994 0)
(2.1 -0.994 0)
(2.2 -0.994 0)
(2.3 -0.994 0)
(2.4 -0.994 0)
(2.5 -0.994 0)
(2.6 -0.994 0)
(2.7 -0.994 0)
(2.8 -0.994 0)
(2.9 -0.994 0)
(3 -0.994 0)
(3.1 -0.994 0)
(3.2 -0.994 0)
(3.3 -0.994 0)
(3.4 -0.994 0)
(3.5 -0.994 0)
(3.6 -0.994 0)
(3.7 -0.994 0)
(3.8 -0.994 0)
(3.9 -0.994 0)
(-0.9 -0.992 0)
(-0.8 -0.992 0)
(-0.7 -0.992 0)
(-0.6 -0.992 0)
(-0.5 -0.992 0)
(-0.4 -0.992 0)
(-0.3 -0.992 0)
(-0.2 -0.992 0)
(-0.1 -0.992 0)
(-1.28786e-14 -0.992 0)
(0.1 -0.992 0)
(0.2 -0.992 0)
(0.3 -0.992 0)
(0.4 -0.992 0)
(0.5 -0.992 0)
(0.6 -0.992 0)
(0.7 -0.992 0)
(0.8 -0.992 0)
(0.9 -0.992 0)
(1 -0.992 0)
(1.1 -0.992 0)
(1.2 -0.992 0)
(1.3 -0.992 0)
(1.4 -0.992 0)
(1.5 -0.992 0)
(1.6 -0.992 0)
(1.7 -0.992 0)
(1.8 -0.992 0)
(1.9 -0.992 0)
(2 -0.992 0)
(2.1 -0.992 0)
(2.2 -0.992 0)
(2.3 -0.992 0)
(2.4 -0.992 0)
(2.5 -0.992 0)
(2.6 -0.992 0)
(2.7 -0.992 0)
(2.8 -0.992 0)
(2.9 -0.992 0)
(3 -0.992 0)
(3.1 -0.992 0)
(3.2 -0.992 0)
(3.3 -0.992 0)
(3.4 -0.992 0)
(3.5 -0.992 0)
(3.6 -0.992 0)
(3.7 -0.992 0)
(3.8 -0.992 0)
(3.9 -0.992 0)
(-0.9 -0.99 0)
(-0.8 -0.99 0)
(-0.7 -0.99 0)
(-0.6 -0.99 0)
(-0.5 -0.99 0)
(-0.4 -0.99 0)
(-0.3 -0.99 0)
(-0.2 -0.99 0)
(-0.1 -0.99 0)
(-1.28786e-14 -0.99 0)
(0.1 -0.99 0)
(0.2 -0.99 0)
(0.3 -0.99 0)
(0.4 -0.99 0)
(0.5 -0.99 0)
(0.6 -0.99 0)
(0.7 -0.99 0)
(0.8 -0.99 0)
(0.9 -0.99 0)
(1 -0.99 0)
(1.1 -0.99 0)
(1.2 -0.99 0)
(1.3 -0.99 0)
(1.4 -0.99 0)
(1.5 -0.99 0)
(1.6 -0.99 0)
(1.7 -0.99 0)
(1.8 -0.99 0)
(1.9 -0.99 0)
(2 -0.99 0)
(2.1 -0.99 0)
(2.2 -0.99 0)
(2.3 -0.99 0)
(2.4 -0.99 0)
(2.5 -0.99 0)
(2.6 -0.99 0)
(2.7 -0.99 0)
(2.8 -0.99 0)
(2.9 -0.99 0)
(3 -0.99 0)
(3.1 -0.99 0)
(3.2 -0.99 0)
(3.3 -0.99 0)
(3.4 -0.99 0)
(3.5 -0.99 0)
(3.6 -0.99 0)
(3.7 -0.99 0)
(3.8 -0.99 0)
(3.9 -0.99 0)
(0.0606815 -0.0127185 0)
(0.0568115 -0.0248284 0)
(0.0503273 -0.03621 0)
(0.0419013 -0.0456977 0)
(0.0317176 -0.0532728 0)
(0.0202552 -0.058598 0)
(0.00749847 -0.0615449 0)
(-0.00534078 -0.0617695 0)
(-0.0188776 -0.0590562 0)
(-0.0303877 -0.0540424 0)
(-0.0408642 -0.0466274 0)
(-0.0495218 -0.037304 0)
(-0.0567274 -0.02502 0)
(-0.0606713 -0.0127669 0)
(0.0626389 -0.0131288 0)
(0.0586441 -0.0256294 0)
(0.0519507 -0.0373781 0)
(0.043253 -0.0471718 0)
(0.0327408 -0.0549913 0)
(0.0209086 -0.0604883 0)
(0.00774035 -0.0635302 0)
(-0.00551306 -0.0637621 0)
(-0.0194866 -0.0609612 0)
(-0.031368 -0.0557858 0)
(-0.0421824 -0.0481316 0)
(-0.0511193 -0.0385074 0)
(-0.0585573 -0.0258271 0)
(-0.0626284 -0.0131788 0)
(0.0645964 -0.0135391 0)
(0.0604768 -0.0264303 0)
(0.0535742 -0.0385462 0)
(0.0446046 -0.0486459 0)
(0.0337639 -0.0567098 0)
(0.021562 -0.0623785 0)
(0.00798224 -0.0655155 0)
(-0.00568534 -0.0657547 0)
(-0.0200955 -0.0628663 0)
(-0.0323482 -0.0575291 0)
(-0.0435006 -0.0496357 0)
(-0.0527168 -0.0397107 0)
(-0.0603872 -0.0266342 0)
(-0.0645856 -0.0135906 0)
(0.0665539 -0.0139494 0)
(0.0623094 -0.0272312 0)
(0.0551976 -0.0397142 0)
(0.0459563 -0.05012 0)
(0.0347871 -0.0584282 0)
(0.0222154 -0.0642688 0)
(0.00822412 -0.0675008 0)
(-0.00585762 -0.0677472 0)
(-0.0207045 -0.0647713 0)
(-0.0333285 -0.0592724 0)
(-0.0448188 -0.0511398 0)
(-0.0543142 -0.0409141 0)
(-0.0622172 -0.0274413 0)
(-0.0665427 -0.0140024 0)
(0.0685113 -0.0143596 0)
(0.064142 -0.0280321 0)
(0.0568211 -0.0408823 0)
(0.0473079 -0.0515942 0)
(0.0358102 -0.0601467 0)
(0.0228688 -0.0661591 0)
(0.00846601 -0.0694862 0)
(-0.00602991 -0.0697398 0)
(-0.0213134 -0.0666764 0)
(-0.0343087 -0.0610157 0)
(-0.046137 -0.0526439 0)
(-0.0559117 -0.0421174 0)
(-0.0640471 -0.0282484 0)
(-0.0684998 -0.0144143 0)
(-1 0.998 0)
(-1 0.996 0)
(-1 0.994 0)
(-1 0.992 0)
(-1 0.99 0)
(4 0.998 0)
(4 0.996 0)
(4 0.994 0)
(4 0.992 0)
(4 0.99 0)
(-0.0605724 0.0132281 0)
(-0.0566682 0.0251539 0)
(-0.0501361 0.0364742 0)
(-0.0415877 0.0459833 0)
(-0.0312323 0.0535588 0)
(-0.0194285 0.0588773 0)
(-0.00603939 0.0617052 0)
(0.00681333 0.0616245 0)
(0.0195143 0.0588489 0)
(0.0315199 0.05339 0)
(0.0414308 0.0461247 0)
(0.0503632 0.0361601 0)
(0.0563871 0.0257778 0)
(0.0605686 0.0132454 0)
(-0.0625264 0.0136548 0)
(-0.0584962 0.0259653 0)
(-0.0517534 0.0376508 0)
(-0.0429292 0.0474666 0)
(-0.0322397 0.0552865 0)
(-0.0200552 0.0607765 0)
(-0.00623421 0.0636956 0)
(0.00703311 0.0636124 0)
(0.0201438 0.0607472 0)
(0.0325367 0.0551123 0)
(0.0427673 0.0476126 0)
(0.0519878 0.0373265 0)
(0.058206 0.0266094 0)
(0.0625225 0.0136727 0)
(-0.0644803 0.0140815 0)
(-0.0603242 0.0267767 0)
(-0.0533707 0.0388274 0)
(-0.0442708 0.04895 0)
(-0.0332472 0.0570142 0)
(-0.020682 0.0626758 0)
(-0.00642903 0.0656861 0)
(0.0072529 0.0656003 0)
(0.0207733 0.0626456 0)
(0.0335535 0.0568345 0)
(0.0441037 0.0491005 0)
(0.0536124 0.038493 0)
(0.060025 0.0274409 0)
(0.0644763 0.0141 0)
(-0.0664343 0.0145083 0)
(-0.0621522 0.0275882 0)
(-0.054988 0.040004 0)
(-0.0456123 0.0504333 0)
(-0.0342547 0.0587419 0)
(-0.0213087 0.0645751 0)
(-0.00662385 0.0676766 0)
(0.00747268 0.0675882 0)
(0.0214028 0.0645439 0)
(0.0345702 0.0585568 0)
(0.0454402 0.0505884 0)
(0.055237 0.0396594 0)
(0.0618439 0.0282725 0)
(0.0664301 0.0145272 0)
(-0.0683882 0.014935 0)
(-0.0639802 0.0283996 0)
(-0.0566053 0.0411805 0)
(-0.0469539 0.0519166 0)
(-0.0352622 0.0604696 0)
(-0.0219354 0.0664743 0)
(-0.00681866 0.0696671 0)
(0.00769247 0.069576 0)
(0.0220323 0.0664423 0)
(0.035587 0.0602791 0)
(0.0467767 0.0520763 0)
(0.0568617 0.0408259 0)
(0.0636628 0.029104 0)
(0.0683839 0.0149545 0)
(3.9 0.998 0)
(3.8 0.998 0)
(3.7 0.998 0)
(3.6 0.998 0)
(3.5 0.998 0)
(3.4 0.998 0)
(3.3 0.998 0)
(3.2 0.998 0)
(3.1 0.998 0)
(3 0.998 0)
(2.9 0.998 0)
(2.8 0.998 0)
(2.7 0.998 0)
(2.6 0.998 0)
(2.5 0.998 0)
(2.4 0.998 0)
(2.3 0.998 0)
(2.2 0.998 0)
(2.1 0.998 0)
(2 0.998 0)
(1.9 0.998 0)
(1.8 0.998 0)
(1.7 0.998 0)
(1.6 0.998 0)
(1.5 0.998 0)
(1.4 0.998 0)
(1.3 0.998 0)
(1.2 0.998 0)
(1.1 0.998 0)
(1 0.998 0)
(0.9 0.998 0)
(0.8 0.998 0)
(0.7 0.998 0)
(0.6 0.998 0)
(0.5 0.998 0)
(0.4 0.998 0)
(0.3 0.998 0)
(0.2 0.998 0)
(0.1 0.998 0)
(-1.28786e-14 0.998 0)
(-0.1 0.998 0)
(-0.2 0.998 0)
(-0.3 0.998 0)
(-0.4 0.998 0)
(-0.5 0.998 0)
(-0.6 0.998 0)
(-0.7 0.998 0)
(-0.8 0.998 0)
(-0.9 0.998 0)
(3.9 0.996 0)
(3.8 0.996 0)
(3.7 0.996 0)
(3.6 0.996 0)
(3.5 0.996 0)
(3.4 0.996 0)
(3.3 0.996 0)
(3.2 0.996 0)
(3.1 0.996 0)
(3 0.996 0)
(2.9 0.996 0)
(2.8 0.996 0)
(2.7 0.996 0)
(2.6 0.996 0)
(2.5 0.996 0)
(2.4 0.996 0)
(2.3 0.996 0)
(2.2 0.996 0)
(2.1 0.996 0)
(2 0.996 0)
(1.9 0.996 0)
(1.8 0.996 0)
(1.7 0.996 0)
(1.6 0.996 0)
(1.5 0.996 0)
(1.4 0.996 0)
(1.3 0.996 0)
(1.2 0.996 0)
(1.1 0.996 0)
(1 0.996 0)
(0.9 0.996 0)
(0.8 0.996 0)
(0.7 0.996 0)
(0.6 0.996 0)
(0.5 0.996 0)
(0.4 0.996 0)
(0.3 0.996 0)
(0.2 0.996 0)
(0.1 0.996 0)
(-1.28786e-14 0.996 0)
(-0.1 0.996 0)
(-0.2 0.996 0)
(-0.3 0.996 0)
(-0.4 0.996 0)
(-0.5 0.996 0)
(-0.6 0.996 0)
(-0.7 0.996 0)
(-0.8 0.996 0)
(-0.9 0.996 0)
(3.9 0.994 0)
(3.8 0.994 0)
(3.7 0.994 0)
(3.6 0.994 0)
(3.5 0.994 0)
(3.4 0.994 0)
(3.3 0.994 0)
(3.2 0.994 0)
(3.1 0.994 0)
(3 0.994 0)
(2.9 0.994 0)
(2.8 0.994 0)
(2.7 0.994 0)
(2.6 0.994 0)
(2.5 0.994 0)
(2.4 0.994 0)
(2.3 0.994 0)
(2.2 0.994 0)
(2.1 0.994 0)
(2 0.994 0)
(1.9 0.994 0)
(1.8 0.994 0)
(1.7 0.994 0)
(1.6 0.994 0)
(1.5 0.994 0)
(1.4 0.994 0)
(1.3 0.994 0)
(1.2 0.994 0)
(1.1 0.994 0)
(1 0.994 0)
(0.9 0.994 0)
(0.8 0.994 0)
(0.7 0.994 0)
(0.6 0.994 0)
(0.5 0.994 0)
(0.4 0.994 0)
(0.3 0.994 0)
(0.2 0.994 0)
(0.1 0.994 0)
(-1.28786e-14 0.994 0)
(-0.1 0.994 0)
(-0.2 0.994 0)
(-0.3 0.994 0)
(-0.4 0.994 0)
(-0.5 0.994 0)
(-0.6 0.994 0)
(-0.7 0.994 0)
(-0.8 0.994 0)
(-0.9 0.994 0)
(3.9 0.992 0)
(3.8 0.992 0)
(3.7 0.992 0)
(3.6 0.992 0)
(3.5 0.992 0)
(3.4 0.992 0)
(3.3 0.992 0)
(3.2 0.992 0)
(3.1 0.992 0)
(3 0.992 0)
(2.9 0.992 0)
(2.8 0.992 0)
(2.7 0.992 0)
(2.6 0.992 0)
(2.5 0.992 0)
(2.4 0.992 0)
(2.3 0.992 0)
(2.2 0.992 0)
(2.1 0.992 0)
(2 0.992 0)
(1.9 0.992 0)
(1.8 0.992 0)
(1.7 0.992 0)
(1.6 0.992 0)
(1.5 0.992 0)
(1.4 0.992 0)
(1.3 0.992 0)
(1.2 0.992 0)
(1.1 0.992 0)
(1 0.992 0)
(0.9 0.992 0)
(0.8 0.992 0)
(0.7 0.992 0)
(0.6 0.992 0)
(0.5 0.992 0)
(0.4 0.992 0)
(0.3 0.992 0)
(0.2 0.992 0)
(0.1 0.992 0)
(-1.28786e-14 0.992 0)
(-0.1 0.992 0)
(-0.2 0.992 0)
(-0.3 0.992 0)
(-0.4 0.992 0)
(-0.5 0.992 0)
(-0.6 0.992 0)
(-0.7 0.992 0)
(-0.8 0.992 0)
(-0.9 0.992 0)
(3.9 0.99 0)
(3.8 0.99 0)
(3.7 0.99 0)
(3.6 0.99 0)
(3.5 0.99 0)
(3.4 0.99 0)
(3.3 0.99 0)
(3.2 0.99 0)
(3.1 0.99 0)
(3 0.99 0)
(2.9 0.99 0)
(2.8 0.99 0)
(2.7 0.99 0)
(2.6 0.99 0)
(2.5 0.99 0)
(2.4 0.99 0)
(2.3 0.99 0)
(2.2 0.99 0)
(2.1 0.99 0)
(2 0.99 0)
(1.9 0.99 0)
(1.8 0.99 0)
(1.7 0.99 0)
(1.6 0.99 0)
(1.5 0.99 0)
(1.4 0.99 0)
(1.3 0.99 0)
(1.2 0.99 0)
(1.1 0.99 0)
(1 0.99 0)
(0.9 0.99 0)
(0.8 0.99 0)
(0.7 0.99 0)
(0.6 0.99 0)
(0.5 0.99 0)
(0.4 0.99 0)
(0.3 0.99 0)
(0.2 0.99 0)
(0.1 0.99 0)
(-1.28786e-14 0.99 0)
(-0.1 0.99 0)
(-0.2 0.99 0)
(-0.3 0.99 0)
(-0.4 0.99 0)
(-0.5 0.99 0)
(-0.6 0.99 0)
(-0.7 0.99 0)
(-0.8 0.99 0)
(-0.9 0.99 0)
(-0.916656 -0.163617 0)
(-0.91329 -0.350967 0)
(-0.916475 -0.548777 0)
(-0.912587 -0.745036 0)
(-0.861618 -0.905586 0)
(-0.651502 -0.90508 0)
(-0.449927 -0.903671 0)
(-0.250669 -0.902506 0)
(-0.0507139 -0.903174 0)
(0.149334 -0.903471 0)
(0.349476 -0.903605 0)
(0.549886 -0.903291 0)
(0.750178 -0.901401 0)
(0.950388 -0.90047 0)
(1.15089 -0.900567 0)
(1.35127 -0.900687 0)
(1.55136 -0.900812 0)
(1.75143 -0.900896 0)
(1.95152 -0.900912 0)
(2.15163 -0.900876 0)
(2.35176 -0.900777 0)
(2.5519 -0.900701 0)
(2.75189 -0.900802 0)
(2.95179 -0.900966 0)
(3.15166 -0.901111 0)
(3.35089 -0.90189 0)
(3.5491 -0.90415 0)
(3.74701 -0.902182 0)
(3.9124 -0.857512 0)
(3.91433 -0.648252 0)
(3.91681 -0.448642 0)
(3.91165 -0.25291 0)
(3.8599 -0.0885645 0)
(3.64633 -0.0901691 0)
(3.44209 -0.0882592 0)
(3.24061 -0.0889144 0)
(3.03908 -0.0890507 0)
(2.8372 -0.0890399 0)
(2.63541 -0.0889204 0)
(2.43371 -0.0889029 0)
(2.23175 -0.0890512 0)
(2.02989 -0.0891014 0)
(1.8281 -0.0890889 0)
(1.6263 -0.0890085 0)
(1.42438 -0.0890231 0)
(1.22209 -0.0890255 0)
(1.01939 -0.0883386 0)
(0.817181 -0.0846714 0)
(0.627066 -0.0737458 0)
(0.468805 -0.0589398 0)
(0.342671 -0.0442708 0)
(0.256601 -0.0340856 0)
(0.186302 -0.0243445 0)
(0.132149 -0.018642 0)
(0.0878753 -0.0157894 0)
(0.071254 -0.0434212 0)
(0.0605244 -0.0561854 0)
(0.0477085 -0.0670822 0)
(0.0339228 -0.0753804 0)
(0.0183459 -0.0809891 0)
(0.00124428 -0.0827608 0)
(-0.0158361 -0.0809327 0)
(-0.0325702 -0.0754289 0)
(-0.0469835 -0.0671595 0)
(-0.0592444 -0.0566176 0)
(-0.0698565 -0.0437208 0)
(-0.0786149 -0.030217 0)
(-0.0856636 -0.015672 0)
(-0.124969 -0.0192222 0)
(-0.172412 -0.0240675 0)
(-0.232123 -0.0303433 0)
(-0.305146 -0.0372368 0)
(-0.396436 -0.0471454 0)
(-0.515075 -0.0598445 0)
(-0.668714 -0.0760801 0)
(-0.863773 -0.086748 0)
(-0.910894 -0.252642 0)
(-0.915304 -0.449994 0)
(-0.915649 -0.647733 0)
(-0.916574 -0.832879 0)
(-0.755956 -0.901793 0)
(-0.549878 -0.905182 0)
(-0.350446 -0.902677 0)
(-0.150776 -0.902816 0)
(0.0493903 -0.90338 0)
(0.249367 -0.903506 0)
(0.449584 -0.903647 0)
(0.65008 -0.902422 0)
(0.850229 -0.90073 0)
(1.05066 -0.900429 0)
(1.25115 -0.900579 0)
(1.45135 -0.90074 0)
(1.65149 -0.90079 0)
(1.85155 -0.900864 0)
(2.05165 -0.900879 0)
(2.25182 -0.900752 0)
(2.45182 -0.900747 0)
(2.65179 -0.900805 0)
(2.85186 -0.900867 0)
(3.05187 -0.900945 0)
(3.25141 -0.901354 0)
(3.44998 -0.902934 0)
(3.64865 -0.904 0)
(3.83577 -0.907797 0)
(3.90984 -0.752258 0)
(3.91617 -0.547352 0)
(3.91557 -0.350144 0)
(3.91513 -0.164709 0)
(3.75207 -0.0932754 0)
(3.54349 -0.0884992 0)
(3.34128 -0.088666 0)
(3.1398 -0.0890576 0)
(2.93804 -0.0890905 0)
(2.7364 -0.0889404 0)
(2.53458 -0.0889041 0)
(2.33286 -0.0889346 0)
(2.13092 -0.0890633 0)
(1.92916 -0.0890295 0)
(1.72731 -0.0890119 0)
(1.52554 -0.088928 0)
(1.32344 -0.0889794 0)
(1.12091 -0.0888425 0)
(0.918293 -0.0870111 0)
(0.718697 -0.0802918 0)
(0.544568 -0.0666683 0)
(0.403514 -0.0516955 0)
(0.297165 -0.0391389 0)
(0.219259 -0.0291759 0)
(0.15766 -0.0205701 0)
(0.109418 -0.0170613 0)
(0.0800711 -0.029561 0)
(-0.104476 -0.0170777 0)
(-0.147481 -0.0215895 0)
(-0.200863 -0.0270637 0)
(-0.266347 -0.0345163 0)
(-0.347244 -0.0407684 0)
(-0.452332 -0.053076 0)
(-0.586719 -0.0675686 0)
(-0.760838 -0.0850911 0)
(-0.824469 -0.301725 0)
(-0.816305 -0.8052 0)
(-0.833929 -0.596399 0)
(-0.598893 -0.822531 0)
(3.8102 -0.807575 0)
(-0.101531 -0.816055 0)
(-0.400993 -0.815485 0)
(3.5909 -0.177169 0)
(-0.201508 -0.81516 0)
(3.83228 -0.591902 0)
(0.19848 -0.816948 0)
(0.398878 -0.817435 0)
(0.599683 -0.816091 0)
(0.799984 -0.811641 0)
(1.00104 -0.81087 0)
(1.20222 -0.811187 0)
(1.4028 -0.81144 0)
(1.60305 -0.811566 0)
(1.80312 -0.811751 0)
(2.00348 -0.811711 0)
(2.20371 -0.811574 0)
(2.40391 -0.811401 0)
(2.60407 -0.811346 0)
(2.80399 -0.811624 0)
(3.00392 -0.811876 0)
(3.20369 -0.812184 0)
(3.40179 -0.814162 0)
(3.5974 -0.819782 0)
(3.82723 -0.694615 0)
(-0.301648 -0.814597 0)
(3.08784 -0.17826 0)
(3.83465 -0.399677 0)
(3.81197 -0.193189 0)
(2.88618 -0.17821 0)
(-0.499633 -0.818602 0)
(-0.0954004 -0.032493 0)
(-0.816238 -0.188135 0)
(3.18859 -0.178137 0)
(2.98704 -0.178248 0)
(3.28882 -0.177942 0)
(2.68469 -0.177977 0)
(2.48314 -0.177934 0)
(2.28161 -0.178062 0)
(2.07972 -0.178302 0)
(1.87846 -0.17815 0)
(1.67668 -0.178127 0)
(1.47529 -0.177947 0)
(1.27295 -0.178025 0)
(1.06929 -0.177466 0)
(0.865605 -0.172429 0)
(0.669233 -0.152436 0)
(0.505548 -0.125134 0)
(0.373599 -0.101121 0)
(0.27389 -0.0777568 0)
(0.201636 -0.0559502 0)
(0.172766 -0.0455626 0)
(0.121375 -0.0356714 0)
(-0.702194 -0.820053 0)
(0.0632564 -0.0749862 0)
(0.089291 -0.0472695 0)
(0.0771733 -0.0618301 0)
(-0.217241 -0.0601699 0)
(-0.136552 -0.0423122 0)
(-0.373671 -0.0905832 0)
(-0.187412 -0.0537651 0)
(-0.115437 -0.0370831 0)
(-0.327033 -0.0818863 0)
(-0.285826 -0.0750405 0)
(-0.545059 -0.130259 0)
(-0.160262 -0.0477904 0)
(-0.709916 -0.164434 0)
(-0.480739 -0.115735 0)
(0.0987271 -0.816898 0)
(-0.621671 -0.146035 0)
(0.0472323 -0.0853273 0)
(0.0305792 -0.092712 0)
(0.0110181 -0.0968789 0)
(-0.00851341 -0.0974312 0)
(-0.02821 -0.0937108 0)
(-0.0466942 -0.0845964 0)
(-0.0745504 -0.0599392 0)
(-0.0855563 -0.0463052 0)
(3.69516 -0.1818 0)
(-0.82956 -0.69554 0)
(3.38894 -0.17723 0)
(0.0995395 -0.0323667 0)
(1.30269 -0.811205 0)
(-0.832084 -0.499815 0)
(1.10174 -0.810936 0)
(-0.00140488 -0.816726 0)
(0.298617 -0.817091 0)
(0.499127 -0.817424 0)
(0.699863 -0.813707 0)
(0.900447 -0.810857 0)
(1.50307 -0.811419 0)
(1.70324 -0.811572 0)
(1.90331 -0.811712 0)
(2.10341 -0.811765 0)
(2.30396 -0.811414 0)
(2.50384 -0.811432 0)
(2.70386 -0.811583 0)
(2.90411 -0.811706 0)
(3.1041 -0.811844 0)
(3.30296 -0.812798 0)
(3.49955 -0.816839 0)
(3.69836 -0.817553 0)
(3.82829 -0.301394 0)
(3.83225 -0.494678 0)
(3.48925 -0.176007 0)
(2.58414 -0.177829 0)
(2.78528 -0.178144 0)
(2.38258 -0.177932 0)
(2.18068 -0.178228 0)
(1.97909 -0.178275 0)
(1.77735 -0.178257 0)
(1.57599 -0.178041 0)
(1.37391 -0.178125 0)
(1.17123 -0.178014 0)
(0.96717 -0.176028 0)
(0.765197 -0.164473 0)
(0.582939 -0.138685 0)
(0.435969 -0.111692 0)
(0.319845 -0.0891662 0)
(0.235175 -0.067006 0)
(0.145077 -0.0391052 0)
(-0.829148 -0.402665 0)
(-0.250425 -0.0680461 0)
(-0.424802 -0.10277 0)
(-0.0623579 -0.0732679 0)
(2.73274 -0.267504 0)
(3.33628 -0.267338 0)
(1.35492 -0.721584 0)
(1.75552 -0.722101 0)
(0.246961 -0.730542 0)
(0.849678 -0.720748 0)
(-0.734434 -0.262005 0)
(3.75889 -0.357494 0)
(0.548297 -0.731469 0)
(0.748708 -0.722708 0)
(1.1536 -0.721252 0)
(-0.0524926 -0.729837 0)
(-0.199283 -0.0854858 0)
(0.912737 -0.263417 0)
(2.35666 -0.721737 0)
(1.55542 -0.721796 0)
(1.65567 -0.721844 0)
(2.95692 -0.722308 0)
(2.05587 -0.722274 0)
(3.15731 -0.722369 0)
(2.25671 -0.721776 0)
(0.0649693 -0.096053 0)
(2.55685 -0.721654 0)
(1.95598 -0.722124 0)
(2.85713 -0.722052 0)
(2.15625 -0.72209 0)
(3.05718 -0.722317 0)
(2.02809 -0.267849 0)
(-0.0652476 -0.0937975 0)
(3.45347 -0.726693 0)
(0.20998 -0.0939907 0)
(3.64179 -0.739031 0)
(3.74713 -0.537334 0)
(0.109938 -0.052345 0)
(0.447892 -0.73194 0)
(3.73053 -0.274818 0)
(1.25446 -0.721375 0)
(1.05246 -0.721016 0)
(2.83337 -0.267693 0)
(3.74657 -0.443017 0)
(-0.152257 -0.728361 0)
(2.12852 -0.267908 0)
(2.93409 -0.267824 0)
(2.5318 -0.267191 0)
(0.53562 -0.19663 0)
(2.33004 -0.267567 0)
(2.22957 -0.267641 0)
(3.4357 -0.265877 0)
(3.3558 -0.723847 0)
(1.82673 -0.267693 0)
(1.62524 -0.267594 0)
(1.42387 -0.267408 0)
(1.22108 -0.267459 0)
(0.80946 -0.256972 0)
(1.01602 -0.266088 0)
(0.132572 -0.0591182 0)
(0.616589 -0.220744 0)
(3.54847 -0.732387 0)
(0.463873 -0.176804 0)
(0.396621 -0.158679 0)
(0.287894 -0.126069 0)
(2.75687 -0.721996 0)
(-0.643829 -0.74434 0)
(3.03484 -0.267898 0)
(-0.566022 -0.211426 0)
(1.45511 -0.721764 0)
(-0.740922 -0.733261 0)
(-0.123083 -0.0610349 0)
(-0.344634 -0.132619 0)
(0.0245614 -0.112119 0)
(-0.301352 -0.12256 0)
(-0.26392 -0.111928 0)
(3.5338 -0.262152 0)
(0.147428 -0.730121 0)
(-0.646773 -0.235115 0)
(-0.103811 -0.0524448 0)
(-0.440655 -0.168242 0)
(0.00122214 -0.115043 0)
(0.0447736 -0.105518 0)
(-0.0807985 -0.0789777 0)
(-0.391591 -0.147856 0)
(0.709438 -0.242953 0)
(3.63319 -0.267661 0)
(3.73796 -0.729068 0)
(-0.0437103 -0.106686 0)
(-0.0216538 -0.113499 0)
(-0.498429 -0.189535 0)
(-0.171577 -0.0751727 0)
(0.648804 -0.727434 0)
(0.245951 -0.109596 0)
(3.13561 -0.267867 0)
(0.155633 -0.0634445 0)
(-0.750422 -0.54878 0)
(2.65714 -0.721627 0)
(-0.753919 -0.639093 0)
(0.347539 -0.730798 0)
(0.951132 -0.720504 0)
(1.85572 -0.722133 0)
(-0.145635 -0.0683666 0)
(2.45697 -0.721549 0)
(3.25663 -0.722887 0)
(-0.35374 -0.725751 0)
(0.0475816 -0.730737 0)
(2.43096 -0.267339 0)
(2.63205 -0.267411 0)
(3.23578 -0.267932 0)
(1.72569 -0.267796 0)
(1.92716 -0.267878 0)
(1.52464 -0.267477 0)
(1.32231 -0.267582 0)
(1.11854 -0.267211 0)
(0.337469 -0.14156 0)
(0.179148 -0.0781794 0)
(-0.549239 -0.73617 0)
(0.0811635 -0.0826606 0)
(-0.252957 -0.72679 0)
(0.0963721 -0.0673461 0)
(-0.0905464 -0.0630141 0)
(-0.452533 -0.728383 0)
(3.75163 -0.632015 0)
(-0.064041 -0.117791 0)
(3.1813 -0.358457 0)
(3.21198 -0.632246 0)
(2.51117 -0.631066 0)
(2.00944 -0.632043 0)
(2.31081 -0.631294 0)
(1.87403 -0.35805 0)
(1.00315 -0.629932 0)
(2.27637 -0.357906 0)
(-0.742709 -0.361177 0)
(-0.179579 -0.105942 0)
(1.30766 -0.631171 0)
(0.294673 -0.644286 0)
(3.66378 -0.374371 0)
(1.70918 -0.631585 0)
(2.5782 -0.357433 0)
(1.20674 -0.630907 0)
(0.596364 -0.645007 0)
(2.37734 -0.357484 0)
(0.74656 -0.342712 0)
(-0.153384 -0.0990573 0)
(0.900425 -0.629314 0)
(1.9095 -0.631823 0)
(2.91135 -0.631962 0)
(2.2103 -0.631681 0)
(3.112 -0.632068 0)
(0.178061 -0.113408 0)
(3.50804 -0.639613 0)
(0.483883 -0.247432 0)
(1.26947 -0.357616 0)
(0.096691 -0.645447 0)
(0.351315 -0.204354 0)
(2.67889 -0.35747 0)
(0.79704 -0.629463 0)
(3.01157 -0.632105 0)
(1.10522 -0.630741 0)
(2.77903 -0.357833 0)
(0.854212 -0.351315 0)
(2.07519 -0.358233 0)
(0.0636192 -0.118374 0)
(2.87964 -0.358035 0)
(0.414842 -0.223266 0)
(1.80913 -0.631848 0)
(1.60886 -0.631542 0)
(2.1098 -0.631987 0)
(0.118855 -0.0770953 0)
(1.9746 -0.358149 0)
(-0.00382563 -0.644802 0)
(3.38321 -0.357699 0)
(3.4113 -0.634137 0)
(1.67276 -0.357955 0)
(1.47174 -0.357584 0)
(1.37056 -0.357625 0)
(1.06449 -0.356837 0)
(2.7115 -0.63131 0)
(1.16713 -0.357501 0)
(0.0403705 -0.126877 0)
(1.77345 -0.357963 0)
(3.2823 -0.358253 0)
(-0.746486 -0.456404 0)
(1.50875 -0.631292 0)
(-0.2732 -0.162271 0)
(3.48352 -0.354967 0)
(0.193434 -0.644332 0)
(2.47786 -0.357347 0)
(2.61135 -0.631147 0)
(0.0161264 -0.134295 0)
(0.69467 -0.633822 0)
(2.41085 -0.631215 0)
(2.98024 -0.358222 0)
(2.81121 -0.63177 0)
(3.08096 -0.358271 0)
(0.146651 -0.0898144 0)
(0.556455 -0.280969 0)
(0.960626 -0.355107 0)
(-0.128573 -0.0882964 0)
(2.17596 -0.358054 0)
(0.496143 -0.64884 0)
(-0.103152 -0.642348 0)
(-0.576726 -0.299009 0)
(-0.202049 -0.128174 0)
(-0.23344 -0.148554 0)
(0.25102 -0.158376 0)
(-0.104666 -0.0784388 0)
(-0.306186 -0.636788 0)
(0.645041 -0.317923 0)
(3.31176 -0.63273 0)
(-0.670393 -0.596292 0)
(-0.441565 -0.244413 0)
(-0.229475 -0.100167 0)
(1.4083 -0.631213 0)
(-0.0851585 -0.100944 0)
(0.0889656 -0.108126 0)
(0.396464 -0.644468 0)
(1.57257 -0.35765 0)
(-0.0389977 -0.129493 0)
(3.59847 -0.651294 0)
(0.295721 -0.181832 0)
(-0.601016 -0.659467 0)
(3.65523 -0.486573 0)
(-0.203672 -0.640431 0)
(-0.66381 -0.510511 0)
(-0.314132 -0.17499 0)
(3.67916 -0.666503 0)
(-0.657688 -0.32754 0)
(-0.503519 -0.272466 0)
(-0.0129177 -0.135739 0)
(3.57447 -0.342574 0)
(-0.409317 -0.63464 0)
(0.211985 -0.13539 0)
(-0.391805 -0.213763 0)
(3.66608 -0.583392 0)
(-0.355611 -0.183388 0)
(-0.66167 -0.420305 0)
(-0.166522 -0.140104 0)
(1.0571 -0.539198 0)
(-0.238563 -0.206151 0)
(0.792482 -0.441163 0)
(2.36631 -0.539968 0)
(0.739109 -0.535885 0)
(1.56333 -0.540239 0)
(-0.109416 -0.109129 0)
(0.63245 -0.546484 0)
(1.61854 -0.44884 0)
(0.953458 -0.538002 0)
(1.96437 -0.54085 0)
(1.71893 -0.448981 0)
(0.14542 -0.125534 0)
(1.8194 -0.449035 0)
(2.52311 -0.448186 0)
(0.119488 -0.103842 0)
(-0.194391 -0.187951 0)
(3.16821 -0.541145 0)
(3.32759 -0.449527 0)
(0.449865 -0.557947 0)
(1.11241 -0.448169 0)
(0.300231 -0.243482 0)
(2.7672 -0.540343 0)
(0.0851234 -0.134178 0)
(0.487892 -0.327349 0)
(1.26127 -0.539985 0)
(0.84783 -0.536428 0)
(3.06769 -0.541126 0)
(1.15943 -0.539812 0)
(3.12499 -0.449571 0)
(2.72353 -0.448609 0)
(2.96723 -0.541089 0)
(1.76384 -0.540589 0)
(0.250263 -0.212477 0)
(0.101141 -0.088732 0)
(2.22125 -0.449144 0)
(1.9197 -0.449173 0)
(1.66356 -0.540509 0)
(2.16498 -0.540909 0)
(1.31644 -0.448478 0)
(2.02009 -0.449388 0)
(0.0428659 -0.560992 0)
(0.0589485 -0.141777 0)
(-0.0861447 -0.127417 0)
(3.57307 -0.555232 0)
(-0.0602436 -0.144353 0)
(1.41731 -0.448485 0)
(0.342531 -0.557053 0)
(0.0348017 -0.151445 0)
(3.47333 -0.542913 0)
(2.82378 -0.448955 0)
(1.46295 -0.540015 0)
(1.21465 -0.448509 0)
(1.36229 -0.539984 0)
(3.22584 -0.449595 0)
(3.37041 -0.541436 0)
(3.43239 -0.44883 0)
(2.62338 -0.44829 0)
(-0.681712 -0.674393 0)
(1.51812 -0.448533 0)
(0.564242 -0.377105 0)
(-0.508449 -0.642535 0)
(0.236214 -0.560616 0)
(2.66716 -0.539964 0)
(1.86409 -0.540734 0)
(2.26572 -0.5404 0)
(2.567 -0.539758 0)
(0.00367564 -0.163737 0)
(2.46665 -0.539792 0)
(2.92402 -0.449333 0)
(2.86717 -0.540775 0)
(3.02446 -0.449514 0)
(2.32196 -0.448611 0)
(2.12058 -0.449412 0)
(0.54277 -0.57378 0)
(-0.0557787 -0.559225 0)
(-0.0318906 -0.156358 0)
(-0.501024 -0.359227 0)
(0.903369 -0.445043 0)
(-0.431387 -0.328497 0)
(-0.25496 -0.551835 0)
(-0.135183 -0.121485 0)
(0.666219 -0.435069 0)
(3.55046 -0.444995 0)
(1.00898 -0.44715 0)
(0.173995 -0.153487 0)
(2.06457 -0.541031 0)
(0.362486 -0.27343 0)
(-0.284265 -0.210718 0)
(0.142593 -0.562016 0)
(3.26907 -0.541206 0)
(0.208504 -0.182847 0)
(-0.151769 -0.557347 0)
(2.4225 -0.448338 0)
(0.428648 -0.288162 0)
(-0.362555 -0.543259 0)
(-0.580603 -0.387785 0)
(-0.579783 -0.569822 0)
(0.113649 -0.131728 0)
(-0.328726 -0.238399 0)
(-0.022299 -0.186665 0)
(-0.41625 -0.435224 0)
(-0.374055 -0.285654 0)
(-0.111253 -0.137674 0)
(-0.350289 -0.37173 0)
(-0.00827918 -0.481766 0)
(0.13676 -0.161879 0)
(0.394427 -0.463843 0)
(-0.262612 -0.262135 0)
(-0.0850825 -0.156067 0)
(0.276301 -0.478241 0)
(0.0574404 -0.166943 0)
(0.18084 -0.485087 0)
(0.475454 -0.405026 0)
(0.0784049 -0.157335 0)
(-0.476656 -0.536749 0)
(0.0324432 -0.180629 0)
(-0.0575433 -0.177678 0)
(0.246462 -0.2728 0)
(0.534814 -0.480693 0)
(-0.136596 -0.155222 0)
(-0.203579 -0.472274 0)
(0.00886702 -0.200322 0)
(0.200006 -0.233211 0)
(0.303238 -0.314354 0)
(-0.299627 -0.31319 0)
(-0.506794 -0.441555 0)
(-0.201625 -0.257912 0)
(0.0891051 -0.483611 0)
(-0.10255 -0.479788 0)
(0.104817 -0.160952 0)
(-0.578818 -0.479441 0)
(-0.306092 -0.463616 0)
(0.163172 -0.19722 0)
(-0.153586 -0.191278 0)
(-0.124029 -0.185268 0)
(0.390559 -0.357333 0)
(0.237689 -0.338074 0)
(-0.0928711 -0.187665 0)
(-0.110279 -0.163525 0)
(0.0597227 -0.191835 0)
(-0.221574 -0.324878 0)
(0.21384 -0.412413 0)
(0.0838682 -0.18254 0)
(-0.0435888 -0.207493 0)
(0.302048 -0.393682 0)
(0.117136 -0.201382 0)
(-0.147846 -0.248592 0)
(-0.254 -0.392234 0)
(-0.0558812 -0.418179 0)
(0.0420668 -0.213603 0)
(-0.0156511 -0.22188 0)
(0.131179 -0.414459 0)
(-0.154821 -0.314899 0)
(0.0371792 -0.405282 0)
(-0.154495 -0.396651 0)
(0.187494 -0.289486 0)
(-0.0754764 -0.21491 0)
(0.148752 -0.242811 0)
(-0.0211846 -0.3613 0)
(-0.115871 -0.217841 0)
(0.079173 -0.215302 0)
(-0.0921595 -0.357388 0)
(-0.0483265 -0.241015 0)
(0.0184322 -0.237555 0)
(0.0959973 -0.349039 0)
(0.102262 -0.247915 0)
(-0.101546 -0.297079 0)
(-0.0895365 -0.25196 0)
(0.129074 -0.295559 0)
(0.0585212 -0.248391 0)
(0.0349157 -0.334064 0)
(0.0756845 -0.292875 0)
(-0.0111621 -0.306772 0)
(-0.0550235 -0.321917 0)
(0.164475 -0.350612 0)
(-0.0131162 -0.261775 0)
(0.0282403 -0.280446 0)
(-0.0524968 -0.279546 0)
(-0.911182 0.855805 0)
(-0.913064 0.645437 0)
(-0.921841 0.449218 0)
(-0.91179 0.253458 0)
(-0.863586 0.0865408 0)
(-0.668814 0.0730219 0)
(-0.514572 0.0541512 0)
(-0.393789 0.0409899 0)
(-0.302982 0.0324507 0)
(-0.230528 0.0271426 0)
(-0.171544 0.0218686 0)
(-0.122851 0.0174178 0)
(-0.084559 0.0141396 0)
(-0.0774715 0.0260253 0)
(-0.0756868 0.0426531 0)
(-0.0622299 0.056883 0)
(-0.0483933 0.0673418 0)
(-0.0334448 0.0751 0)
(-0.017091 0.0808297 0)
(0.000518795 0.0825828 0)
(0.0177714 0.0803395 0)
(0.0332203 0.0745755 0)
(0.0476038 0.0665545 0)
(0.0599899 0.0559439 0)
(0.0701881 0.0426703 0)
(0.0775493 0.0287098 0)
(0.082809 0.0133956 0)
(0.112764 0.0231077 0)
(0.159747 0.0245823 0)
(0.221774 0.0308729 0)
(0.299259 0.0421994 0)
(0.404782 0.0566008 0)
(0.544688 0.0711175 0)
(0.724286 0.0824006 0)
(0.921207 0.0876617 0)
(1.12193 0.0890047 0)
(1.32352 0.0892684 0)
(1.52531 0.0892563 0)
(1.72721 0.0891564 0)
(1.92917 0.0890738 0)
(2.13071 0.0892043 0)
(2.33256 0.0891475 0)
(2.53447 0.0889984 0)
(2.73639 0.0888524 0)
(2.93793 0.088786 0)
(3.13898 0.08828 0)
(3.33886 0.086865 0)
(3.53972 0.0858171 0)
(3.74114 0.0906473 0)
(3.90972 0.139059 0)
(3.91134 0.34925 0)
(3.91665 0.548934 0)
(3.91258 0.74494 0)
(3.86157 0.905483 0)
(3.65152 0.904735 0)
(3.45024 0.902947 0)
(3.25154 0.900968 0)
(3.05198 0.900699 0)
(2.85198 0.900687 0)
(2.65199 0.900675 0)
(2.45191 0.900752 0)
(2.25173 0.900916 0)
(2.05165 0.900915 0)
(1.85154 0.900926 0)
(1.65146 0.900953 0)
(1.45137 0.901005 0)
(1.25119 0.900965 0)
(1.05087 0.900673 0)
(0.85044 0.900376 0)
(0.650248 0.901507 0)
(0.449752 0.903405 0)
(0.249285 0.904059 0)
(0.0498219 0.903813 0)
(-0.148902 0.904224 0)
(-0.348014 0.905024 0)
(-0.546757 0.906011 0)
(-0.745024 0.90026 0)
(-0.907157 0.749254 0)
(-0.920909 0.547271 0)
(-0.915543 0.352195 0)
(-0.917025 0.163776 0)
(-0.761869 0.0847939 0)
(-0.587861 0.0639254 0)
(-0.450676 0.0459735 0)
(-0.346127 0.036222 0)
(-0.265143 0.0295768 0)
(-0.199682 0.0244924 0)
(-0.146294 0.0193588 0)
(-0.102945 0.0159588 0)
(0.0943276 0.0258314 0)
(0.134635 0.0233432 0)
(0.188403 0.0268946 0)
(0.258566 0.0370565 0)
(0.347258 0.0500429 0)
(0.469596 0.0645669 0)
(0.630373 0.0766437 0)
(0.821991 0.0858129 0)
(1.02148 0.0885297 0)
(1.22282 0.0891392 0)
(1.42453 0.0892223 0)
(1.6264 0.0891413 0)
(1.82807 0.0891593 0)
(2.02993 0.0891516 0)
(2.23176 0.089156 0)
(2.43363 0.0890554 0)
(2.63556 0.0888978 0)
(2.83708 0.0888678 0)
(3.0386 0.088581 0)
(3.23886 0.08779 0)
(3.43894 0.0859085 0)
(3.64092 0.0876206 0)
(3.8321 0.0854862 0)
(3.90616 0.245419 0)
(3.91504 0.44994 0)
(3.91585 0.64778 0)
(3.91641 0.832759 0)
(3.75589 0.901566 0)
(3.54999 0.904674 0)
(3.35104 0.901581 0)
(3.15195 0.900709 0)
(2.9521 0.900662 0)
(2.75199 0.900671 0)
(2.55184 0.900771 0)
(2.35173 0.900863 0)
(2.1516 0.900983 0)
(1.95151 0.90097 0)
(1.75141 0.900988 0)
(1.55136 0.901003 0)
(1.35123 0.901059 0)
(1.15099 0.900913 0)
(0.950606 0.900535 0)
(0.750317 0.90072 0)
(0.550062 0.902583 0)
(0.349516 0.903873 0)
(0.149253 0.903961 0)
(-0.0493076 0.903854 0)
(-0.248577 0.904524 0)
(-0.447188 0.905944 0)
(-0.646722 0.903645 0)
(-0.834299 0.905902 0)
(-0.821165 0.685715 0)
(-0.133338 0.0382889 0)
(-0.624039 0.139502 0)
(-0.480581 0.102874 0)
(-0.817704 0.18865 0)
(-0.0918296 0.0302704 0)
(1.87847 0.178238 0)
(-0.369786 0.0809575 0)
(-0.549967 0.120927 0)
(-0.284851 0.0640417 0)
(-0.421653 0.0918758 0)
(-0.21585 0.05357 0)
(3.82795 0.40362 0)
(-0.15844 0.0427167 0)
(-0.111732 0.0340781 0)
(-0.324928 0.0725185 0)
(3.81623 0.804928 0)
(-0.186324 0.047874 0)
(-0.714438 0.162763 0)
(-0.0805803 0.0625097 0)
(3.80244 0.188269 0)
(0.176171 0.051127 0)
(0.238711 0.0696511 0)
(0.104394 0.0440562 0)
(0.149492 0.0485582 0)
(0.323784 0.0982615 0)
(0.205965 0.0577889 0)
(0.436408 0.125377 0)
(0.275362 0.0824649 0)
(0.588471 0.152009 0)
(0.376251 0.111609 0)
(0.774379 0.170536 0)
(0.504961 0.139472 0)
(0.972026 0.176857 0)
(0.679215 0.163333 0)
(1.17287 0.178348 0)
(0.872245 0.174756 0)
(1.37427 0.178586 0)
(1.07206 0.177933 0)
(1.57593 0.17843 0)
(1.27332 0.178609 0)
(1.77733 0.178415 0)
(1.47482 0.178656 0)
(1.6766 0.178443 0)
(2.18038 0.178489 0)
(2.38205 0.178361 0)
(2.58387 0.178022 0)
(2.78552 0.177842 0)
(2.98685 0.177565 0)
(3.18596 0.17667 0)
(3.38355 0.173165 0)
(3.58309 0.171434 0)
(3.8187 0.301951 0)
(-0.248234 0.0580361 0)
(3.30338 0.811891 0)
(3.83421 0.596703 0)
(3.8296 0.695361 0)
(3.59892 0.821664 0)
(3.10447 0.811223 0)
(-0.805863 0.802449 0)
(3.70213 0.819496 0)
(3.20408 0.811358 0)
(2.90451 0.811245 0)
(2.7042 0.811302 0)
(2.50403 0.811436 0)
(2.30358 0.81179 0)
(2.10358 0.811804 0)
(1.90326 0.811835 0)
(1.70301 0.81191 0)
(1.50289 0.811978 0)
(1.30271 0.811986 0)
(1.10218 0.81153 0)
(0.901126 0.810682 0)
(0.700247 0.811736 0)
(0.499424 0.816346 0)
(0.298612 0.818174 0)
(0.0981348 0.817595 0)
(-0.0977416 0.818224 0)
(-0.297166 0.819097 0)
(-0.493389 0.823025 0)
(-0.693867 0.813621 0)
(-0.85096 0.496042 0)
(2.07971 0.178483 0)
(-0.0644432 0.0747698 0)
(-0.0476102 0.0845428 0)
(-0.00983808 0.0962858 0)
(0.0105732 0.0961865 0)
(0.0298128 0.0917747 0)
(0.0468527 0.0834085 0)
(0.0623193 0.0726494 0)
(0.075129 0.059322 0)
(0.0859989 0.0435229 0)
(0.125187 0.0453811 0)
(3.40202 0.813641 0)
(-0.827433 0.305927 0)
(3.28523 0.17531 0)
(-0.0960627 0.04942 0)
(-0.834754 0.408748 0)
(2.88599 0.177836 0)
(3.68662 0.177234 0)
(3.83263 0.500981 0)
(1.97906 0.178373 0)
(2.28141 0.178383 0)
(2.48319 0.178092 0)
(2.685 0.177802 0)
(3.08673 0.177269 0)
(3.48253 0.170881 0)
(3.50029 0.817479 0)
(-0.832199 0.582672 0)
(3.00434 0.811318 0)
(2.80435 0.81126 0)
(2.60398 0.811404 0)
(2.40401 0.811497 0)
(2.20352 0.81188 0)
(2.00339 0.811835 0)
(1.80316 0.811837 0)
(1.60314 0.811822 0)
(1.40281 0.812037 0)
(1.20238 0.811943 0)
(1.00165 0.811255 0)
(0.800556 0.810682 0)
(0.600007 0.814164 0)
(0.398965 0.817588 0)
(0.198123 0.818338 0)
(0.0010175 0.816751 0)
(-0.197701 0.818744 0)
(-0.395698 0.820398 0)
(-0.592469 0.821963 0)
(-0.0288998 0.092011 0)
(3.23188 0.265315 0)
(0.146079 0.732929 0)
(3.13347 0.2665 0)
(2.63251 0.267235 0)
(-0.389549 0.132015 0)
(0.113853 0.067092 0)
(-0.74277 0.609839 0)
(1.32284 0.268436 0)
(1.12143 0.267928 0)
(-0.228847 0.0867306 0)
(3.72168 0.269947 0)
(0.162086 0.0777938 0)
(3.74755 0.459535 0)
(-0.142958 0.0624331 0)
(2.22906 0.268145 0)
(2.35658 0.722066 0)
(-0.264065 0.093183 0)
(0.537546 0.223653 0)
(0.0239574 0.110557 0)
(0.920486 0.265201 0)
(-0.44236 0.14853 0)
(0.0931508 0.0626893 0)
(0.460021 0.203134 0)
(1.82678 0.267844 0)
(1.52439 0.26822 0)
(1.72576 0.268059 0)
(2.43076 0.267748 0)
(2.3296 0.268122 0)
(2.53137 0.267571 0)
(2.93406 0.267093 0)
(1.42334 0.268515 0)
(3.45445 0.726157 0)
(-0.443531 0.736205 0)
(1.62482 0.268218 0)
(3.42643 0.258544 0)
(2.83337 0.26727 0)
(-0.727243 0.715821 0)
(3.3298 0.262874 0)
(-0.0219739 0.110339 0)
(-0.118904 0.0556336 0)
(2.85774 0.721407 0)
(3.05784 0.72141 0)
(2.02757 0.268184 0)
(-0.0829878 0.0832375 0)
(3.64386 0.74339 0)
(3.74093 0.732753 0)
(3.15764 0.721354 0)
(2.95756 0.721564 0)
(3.62133 0.25609 0)
(2.65739 0.721463 0)
(2.45705 0.721715 0)
(3.52256 0.253808 0)
(2.15603 0.722415 0)
(1.95571 0.72238 0)
(1.7554 0.722391 0)
(1.55541 0.722346 0)
(1.35469 0.722743 0)
(1.15425 0.722226 0)
(0.952625 0.721063 0)
(0.749913 0.720074 0)
(-0.633162 0.737201 0)
(0.44797 0.731262 0)
(0.246989 0.733225 0)
(3.0344 0.266837 0)
(-0.537295 0.743346 0)
(-0.146097 0.733574 0)
(-0.0459212 0.732624 0)
(-0.346255 0.733232 0)
(0.548841 0.728662 0)
(3.54957 0.734678 0)
(3.25728 0.721371 0)
(-0.0639319 0.0942022 0)
(-0.0439919 0.103834 0)
(2.8402e-05 0.113782 0)
(3.35643 0.722124 0)
(-0.739171 0.264864 0)
(0.820558 0.261485 0)
(0.136793 0.0731545 0)
(-0.246615 0.733438 0)
(0.0788054 0.079059 0)
(0.062787 0.0916749 0)
(2.12853 0.268148 0)
(1.02111 0.26703 0)
(1.22238 0.268278 0)
(-0.101237 0.07028 0)
(-0.747868 0.373841 0)
(-0.758206 0.493201 0)
(-0.57588 0.197929 0)
(-0.652086 0.23119 0)
(0.722668 0.254191 0)
(-0.301797 0.103449 0)
(-0.340881 0.116698 0)
(0.187616 0.078562 0)
(-0.506927 0.172191 0)
(-0.169413 0.0706475 0)
(0.0437222 0.102395 0)
(0.287157 0.139262 0)
(0.24461 0.116281 0)
(0.395066 0.181858 0)
(0.336528 0.161107 0)
(0.627415 0.241963 0)
(3.75118 0.550027 0)
(1.9272 0.267992 0)
(-0.198709 0.0791627 0)
(2.05606 0.722309 0)
(2.73304 0.26725 0)
(3.75401 0.638968 0)
(0.0483372 0.731612 0)
(2.75734 0.721534 0)
(2.55698 0.721684 0)
(2.25605 0.722415 0)
(1.85576 0.722234 0)
(1.65545 0.722308 0)
(1.45504 0.722585 0)
(1.25452 0.722636 0)
(1.05356 0.721769 0)
(0.851351 0.720111 0)
(0.649355 0.723505 0)
(0.347809 0.732095 0)
(3.73974 0.366049 0)
(0.596914 0.638494 0)
(1.50826 0.632446 0)
(3.01216 0.63114 0)
(2.87995 0.357297 0)
(1.67244 0.358484 0)
(0.764412 0.34798 0)
(3.27678 0.354653 0)
(1.47138 0.358801 0)
(2.37653 0.35831 0)
(1.37047 0.359069 0)
(2.61145 0.631114 0)
(0.213164 0.0968431 0)
(1.10667 0.631938 0)
(1.5719 0.358647 0)
(0.696558 0.627497 0)
(-0.400264 0.189456 0)
(0.242943 0.167626 0)
(0.0944753 0.651457 0)
(1.80894 0.632141 0)
(0.664056 0.336134 0)
(0.0040988 0.649304 0)
(0.566134 0.316847 0)
(1.87391 0.358297 0)
(0.120683 0.0954972 0)
(2.57837 0.357474 0)
(-0.240465 0.125416 0)
(0.0401376 0.123759 0)
(2.81199 0.631027 0)
(2.07466 0.358588 0)
(2.77978 0.357246 0)
(0.967435 0.356538 0)
(3.41372 0.63037 0)
(3.11239 0.630859 0)
(3.66541 0.513028 0)
(3.60124 0.658205 0)
(-0.0609574 0.115585 0)
(-0.194066 0.649732 0)
(1.97426 0.358457 0)
(2.41092 0.631567 0)
(2.91233 0.630963 0)
(3.17897 0.356382 0)
(0.0980897 0.0869154 0)
(1.16927 0.358676 0)
(3.65127 0.339606 0)
(2.71195 0.630918 0)
(0.800718 0.627973 0)
(2.00947 0.632174 0)
(-0.0136817 0.129642 0)
(1.90938 0.632028 0)
(2.20964 0.632362 0)
(1.60877 0.632085 0)
(1.3075 0.632736 0)
(1.20723 0.632466 0)
(0.0806343 0.100487 0)
(0.397048 0.644975 0)
(3.07976 0.357084 0)
(-0.0939431 0.648579 0)
(-0.398503 0.645391 0)
(0.495931 0.646441 0)
(3.51068 0.640262 0)
(-0.66188 0.542904 0)
(3.21228 0.630577 0)
(0.477574 0.290639 0)
(0.0613427 0.112675 0)
(2.27591 0.358575 0)
(2.10957 0.632273 0)
(0.0142965 0.133784 0)
(0.866193 0.353739 0)
(0.147191 0.105196 0)
(-0.295996 0.647701 0)
(-0.0827092 0.105147 0)
(2.67891 0.357391 0)
(1.06877 0.357941 0)
(1.27014 0.35893 0)
(2.17549 0.358573 0)
(3.31249 0.630032 0)
(-0.0380066 0.12458 0)
(0.193514 0.651032 0)
(0.903762 0.62968 0)
(0.205328 0.138233 0)
(-0.104463 0.0928061 0)
(-0.666241 0.438465 0)
(3.6817 0.673655 0)
(-0.587888 0.290713 0)
(-0.150503 0.0898835 0)
(-0.664053 0.331339 0)
(2.98048 0.357113 0)
(0.295726 0.647899 0)
(-0.459311 0.216911 0)
(1.77348 0.358195 0)
(3.46705 0.342293 0)
(-0.350466 0.169961 0)
(-0.520589 0.251935 0)
(2.47769 0.3578 0)
(0.405742 0.260526 0)
(3.37351 0.350688 0)
(2.51123 0.631258 0)
(0.289039 0.196677 0)
(-0.655365 0.642427 0)
(-0.124838 0.0789039 0)
(3.67045 0.59602 0)
(2.31023 0.632069 0)
(3.5581 0.332094 0)
(1.70888 0.632058 0)
(1.40802 0.632551 0)
(1.00564 0.630997 0)
(-0.494734 0.653498 0)
(-0.275435 0.130248 0)
(-0.208323 0.113779 0)
(3.66471 0.427277 0)
(2.42199 0.449108 0)
(2.72412 0.448128 0)
(0.958615 0.539352 0)
(2.36565 0.540918 0)
(1.05996 0.540584 0)
(-0.00506251 0.149748 0)
(1.71863 0.449359 0)
(2.3211 0.449683 0)
(0.17913 0.109225 0)
(-0.307662 0.149262 0)
(-0.0813157 0.12897 0)
(3.37058 0.536304 0)
(0.448332 0.556802 0)
(0.195635 0.182529 0)
(3.12414 0.44805 0)
(2.92499 0.448112 0)
(1.16077 0.541491 0)
(2.12015 0.449819 0)
(0.632052 0.527102 0)
(1.56272 0.541383 0)
(1.86377 0.541121 0)
(-0.353044 0.224825 0)
(1.36181 0.541806 0)
(3.58172 0.569373 0)
(0.342552 0.22812 0)
(0.160345 0.144895 0)
(0.101393 0.111236 0)
(2.86823 0.539699 0)
(2.01976 0.449612 0)
(-0.569973 0.587813 0)
(1.21568 0.450206 0)
(0.141322 0.576331 0)
(1.01399 0.44849 0)
(-0.239751 0.566336 0)
(-0.577721 0.672477 0)
(0.597372 0.414729 0)
(2.62346 0.448302 0)
(3.06809 0.539876 0)
(1.61793 0.449693 0)
(0.0473588 0.572428 0)
(0.0590792 0.135176 0)
(0.126326 0.125949 0)
(1.41675 0.450257 0)
(3.168 0.539487 0)
(3.32222 0.444951 0)
(3.22345 0.447155 0)
(2.52295 0.448513 0)
(0.494243 0.383555 0)
(1.96418 0.541084 0)
(2.66757 0.539686 0)
(0.748297 0.533179 0)
(1.26129 0.541811 0)
(0.240301 0.56957 0)
(1.46225 0.541649 0)
(0.0805273 0.123021 0)
(1.66325 0.541006 0)
(2.76789 0.539707 0)
(2.16448 0.541465 0)
(0.540452 0.568781 0)
(0.0374034 0.148218 0)
(2.82459 0.448159 0)
(1.51742 0.449989 0)
(-0.139373 0.567705 0)
(3.02474 0.44827 0)
(3.48168 0.531104 0)
(2.96828 0.539834 0)
(1.91942 0.449561 0)
(1.76354 0.540987 0)
(2.06433 0.541268 0)
(-0.178389 0.101915 0)
(-0.573257 0.491755 0)
(1.11503 0.449669 0)
(1.31622 0.45039 0)
(2.22055 0.449913 0)
(3.26807 0.538599 0)
(0.855283 0.536994 0)
(0.702086 0.434951 0)
(2.46644 0.540272 0)
(-0.0307179 0.150927 0)
(0.014708 0.161736 0)
(0.912092 0.446516 0)
(0.408522 0.347413 0)
(0.346388 0.557951 0)
(-0.305771 0.200953 0)
(-0.406926 0.251141 0)
(-0.129401 0.105217 0)
(-0.514564 0.342351 0)
(-0.58469 0.390754 0)
(0.235136 0.220843 0)
(-0.0419605 0.566871 0)
(2.26503 0.541311 0)
(1.81914 0.449405 0)
(-0.0563194 0.138607 0)
(3.41986 0.439499 0)
(3.59128 0.400254 0)
(3.57984 0.480185 0)
(3.51045 0.421963 0)
(-0.346383 0.560717 0)
(0.808215 0.442761 0)
(2.56702 0.539895 0)
(-0.2599 0.169852 0)
(-0.155083 0.120718 0)
(-0.105242 0.118852 0)
(-0.46563 0.549497 0)
(-0.216396 0.15396 0)
(-0.0114777 0.173258 0)
(0.1794 0.235278 0)
(-0.462213 0.293103 0)
(0.287576 0.479896 0)
(-0.492333 0.440295 0)
(0.281982 0.262357 0)
(0.341232 0.304409 0)
(-0.183549 0.137422 0)
(0.0947772 0.509694 0)
(-0.281866 0.485337 0)
(-0.0906337 0.493136 0)
(0.150467 0.193676 0)
(0.00470388 0.490671 0)
(-0.303655 0.258014 0)
(-0.0770819 0.154399 0)
(0.185911 0.500003 0)
(0.404751 0.455017 0)
(-0.183948 0.491999 0)
(0.0614228 0.161602 0)
(0.519759 0.480648 0)
(-0.054125 0.161823 0)
(-0.259486 0.229004 0)
(0.0380068 0.176009 0)
(-0.353263 0.283508 0)
(-0.388874 0.470014 0)
(-0.0399866 0.182129 0)
(0.217952 0.281014 0)
(0.101588 0.13838 0)
(-0.130158 0.136244 0)
(0.123266 0.160989 0)
(-0.103735 0.145515 0)
(-0.404118 0.310817 0)
(-0.424944 0.380004 0)
(-0.134885 0.422614 0)
(0.0783852 0.14533 0)
(-0.154925 0.156074 0)
(0.323657 0.389628 0)
(-0.218927 0.200732 0)
(0.130317 0.239596 0)
(-0.219596 0.417516 0)
(-0.315775 0.400715 0)
(-0.0713335 0.183325 0)
(-0.252835 0.285772 0)
(0.0101598 0.190607 0)
(0.0912412 0.167801 0)
(-0.213499 0.251377 0)
(0.0694653 0.194543 0)
(-0.054397 0.417918 0)
(-0.301338 0.32058 0)
(-0.0219587 0.206196 0)
(-0.125145 0.16833 0)
(0.263417 0.333107 0)
(0.0668371 0.44784 0)
(0.153114 0.286033 0)
(-0.178484 0.22051 0)
(-0.0963132 0.172531 0)
(0.218908 0.413113 0)
(-0.183059 0.177391 0)
(0.187107 0.338124 0)
(-0.0944227 0.354873 0)
(0.108007 0.197826 0)
(-0.358384 0.343194 0)
(-0.0589129 0.214557 0)
(0.0946367 0.284203 0)
(0.133759 0.445489 0)
(-0.170454 0.2635 0)
(0.0349479 0.206548 0)
(0.0881925 0.23261 0)
(-0.147167 0.194946 0)
(-0.196743 0.303513 0)
(0.0875629 0.391569 0)
(0.14985 0.384895 0)
(-0.132766 0.237895 0)
(-0.1026 0.205863 0)
(0.00433315 0.22556 0)
(0.11907 0.334606 0)
(0.0211917 0.403341 0)
(-0.240996 0.348404 0)
(-0.171528 0.358726 0)
(-0.0238847 0.34764 0)
(-0.0344978 0.248592 0)
(-0.127207 0.295019 0)
(-0.0868609 0.250554 0)
(-0.0687582 0.29787 0)
(0.0318813 0.236586 0)
(0.0579815 0.257304 0)
(0.0533963 0.341108 0)
(0.0582672 0.224383 0)
(0.0116201 0.265222 0)
(0.0120697 0.309487 0)
(0.0473393 0.292679 0)
(-0.0235555 0.292163 0)
(-1 -0.891 0.1)
(-1 -0.99 0.1)
(-1 -0.792 0.1)
(-1 -0.693 0.1)
(-1 -0.594 0.1)
(-1 -0.495 0.1)
(-1 -0.396 0.1)
(-1 -0.297 0.1)
(-1 -0.198 0.1)
(-1 -0.099 0.1)
(-1 0 0.1)
(-0.901445 0 0.1)
(-0.803805 0 0.1)
(-0.707255 0 0.1)
(-0.625736 0 0.1)
(-0.548506 0 0.1)
(-0.479861 0 0.1)
(-0.417994 0 0.1)
(-0.367501 0 0.1)
(-0.325354 0 0.1)
(-0.285429 0 0.1)
(-0.248387 0 0.1)
(-0.217604 0 0.1)
(-0.188925 0 0.1)
(-0.16278 0 0.1)
(-0.139787 0 0.1)
(-0.11841 0 0.1)
(-0.0991419 0 0.1)
(-0.0809429 0 0.1)
(-0.066987 0 0.1)
(0.06 7.34788e-18 0.1)
(0.058724 -0.0123083 0.1)
(0.0549789 -0.0240275 0.1)
(0.0487038 -0.035042 0.1)
(0.0405497 -0.0442236 0.1)
(0.0306945 -0.0515543 0.1)
(0.0196018 -0.0567078 0.1)
(0.00725658 -0.0595596 0.1)
(-0.00516849 -0.059777 0.1)
(-0.0182687 -0.0571512 0.1)
(-0.0294075 -0.0522991 0.1)
(-0.039546 -0.0451233 0.1)
(-0.0479243 -0.0361007 0.1)
(-0.0548975 -0.0242129 0.1)
(-0.0587142 -0.0123551 0.1)
(-0.06 0 0.1)
(0.0863096 0 0.1)
(0.07 0 0.1)
(0.10578 0 0.1)
(0.127658 0 0.1)
(0.151432 0 0.1)
(0.178131 0 0.1)
(0.209677 0 0.1)
(0.243746 0 0.1)
(0.281534 0 0.1)
(0.32327 0 0.1)
(0.371494 0 0.1)
(0.434132 0 0.1)
(0.508629 0 0.1)
(0.586037 0 0.1)
(0.67481 0 0.1)
(0.775573 0 0.1)
(0.876336 0 0.1)
(0.9771 0 0.1)
(1.07786 0 0.1)
(1.17863 0 0.1)
(1.27939 0 0.1)
(1.38015 0 0.1)
(1.48092 0 0.1)
(1.58168 0 0.1)
(1.68244 0 0.1)
(1.78321 0 0.1)
(1.88397 0 0.1)
(1.98473 0 0.1)
(2.0855 0 0.1)
(2.18626 0 0.1)
(2.28702 0 0.1)
(2.38779 0 0.1)
(2.48855 0 0.1)
(2.58931 0 0.1)
(2.69008 0 0.1)
(2.79084 0 0.1)
(2.8916 0 0.1)
(2.99237 0 0.1)
(3.09313 0 0.1)
(3.19389 0 0.1)
(3.29466 0 0.1)
(3.39542 0 0.1)
(3.49618 0 0.1)
(3.59695 0 0.1)
(3.69771 0 0.1)
(3.79847 0 0.1)
(3.89924 0 0.1)
(4 0 0.1)
(4 -0.99 0.1)
(4 -0.891 0.1)
(4 -0.792 0.1)
(4 -0.693 0.1)
(4 -0.594 0.1)
(4 -0.495 0.1)
(4 -0.396 0.1)
(4 -0.297 0.1)
(4 -0.198 0.1)
(4 -0.099 0.1)
(-1 -1 0.1)
(-0.9 -1 0.1)
(-0.8 -1 0.1)
(-0.7 -1 0.1)
(-0.6 -1 0.1)
(-0.5 -1 0.1)
(-0.4 -1 0.1)
(-0.3 -1 0.1)
(-0.2 -1 0.1)
(-0.1 -1 0.1)
(-1.28786e-14 -1 0.1)
(0.1 -1 0.1)
(0.2 -1 0.1)
(0.3 -1 0.1)
(0.4 -1 0.1)
(0.5 -1 0.1)
(0.6 -1 0.1)
(0.7 -1 0.1)
(0.8 -1 0.1)
(0.9 -1 0.1)
(1 -1 0.1)
(1.1 -1 0.1)
(1.2 -1 0.1)
(1.3 -1 0.1)
(1.4 -1 0.1)
(1.5 -1 0.1)
(1.6 -1 0.1)
(1.7 -1 0.1)
(1.8 -1 0.1)
(1.9 -1 0.1)
(2 -1 0.1)
(2.1 -1 0.1)
(2.2 -1 0.1)
(2.3 -1 0.1)
(2.4 -1 0.1)
(2.5 -1 0.1)
(2.6 -1 0.1)
(2.7 -1 0.1)
(2.8 -1 0.1)
(2.9 -1 0.1)
(3 -1 0.1)
(3.1 -1 0.1)
(3.2 -1 0.1)
(3.3 -1 0.1)
(3.4 -1 0.1)
(3.5 -1 0.1)
(3.6 -1 0.1)
(3.7 -1 0.1)
(3.8 -1 0.1)
(3.9 -1 0.1)
(4 -1 0.1)
(-1 0.099 0.1)
(-1 0.198 0.1)
(-1 0.297 0.1)
(-1 0.396 0.1)
(-1 0.495 0.1)
(-1 0.594 0.1)
(-1 0.693 0.1)
(-1 0.792 0.1)
(-1 0.891 0.1)
(-1 0.99 0.1)
(-0.9 1 0.1)
(-1 1 0.1)
(-0.8 1 0.1)
(-0.7 1 0.1)
(-0.6 1 0.1)
(-0.5 1 0.1)
(-0.4 1 0.1)
(-0.3 1 0.1)
(-0.2 1 0.1)
(-0.1 1 0.1)
(-1.28786e-14 1 0.1)
(0.1 1 0.1)
(0.2 1 0.1)
(0.3 1 0.1)
(0.4 1 0.1)
(0.5 1 0.1)
(0.6 1 0.1)
(0.7 1 0.1)
(0.8 1 0.1)
(0.9 1 0.1)
(1 1 0.1)
(1.1 1 0.1)
(1.2 1 0.1)
(1.3 1 0.1)
(1.4 1 0.1)
(1.5 1 0.1)
(1.6 1 0.1)
(1.7 1 0.1)
(1.8 1 0.1)
(1.9 1 0.1)
(2 1 0.1)
(2.1 1 0.1)
(2.2 1 0.1)
(2.3 1 0.1)
(2.4 1 0.1)
(2.5 1 0.1)
(2.6 1 0.1)
(2.7 1 0.1)
(2.8 1 0.1)
(2.9 1 0.1)
(3 1 0.1)
(3.1 1 0.1)
(3.2 1 0.1)
(3.3 1 0.1)
(3.4 1 0.1)
(3.5 1 0.1)
(3.6 1 0.1)
(3.7 1 0.1)
(3.8 1 0.1)
(3.9 1 0.1)
(4 1 0.1)
(4 0.099 0.1)
(4 0.198 0.1)
(4 0.297 0.1)
(4 0.396 0.1)
(4 0.495 0.1)
(4 0.594 0.1)
(4 0.693 0.1)
(4 0.792 0.1)
(4 0.891 0.1)
(4 0.99 0.1)
(-0.0586185 0.0128014 0.1)
(-0.0548402 0.0243425 0.1)
(-0.0485189 0.0352976 0.1)
(-0.0402462 0.0445 0.1)
(-0.0302248 0.0518311 0.1)
(-0.0188018 0.056978 0.1)
(-0.00584457 0.0597147 0.1)
(0.00659354 0.0596366 0.1)
(0.0188848 0.0569505 0.1)
(0.0305032 0.0516678 0.1)
(0.0400943 0.0446368 0.1)
(0.0487386 0.0349936 0.1)
(0.0545681 0.0249463 0.1)
(0.0586148 0.0128181 0.1)
(-1 -0.998 0.1)
(-1 -0.996 0.1)
(-1 -0.994 0.1)
(-1 -0.992 0.1)
(4 -0.998 0.1)
(4 -0.996 0.1)
(4 -0.994 0.1)
(4 -0.992 0.1)
(0.062 0 0.1)
(0.064 0 0.1)
(0.066 0 0.1)
(0.068 0 0.1)
(-0.0613974 0 0.1)
(-0.0627948 0 0.1)
(-0.0641922 0 0.1)
(-0.0655896 0 0.1)
(-0.9 -0.998 0.1)
(-0.8 -0.998 0.1)
(-0.7 -0.998 0.1)
(-0.6 -0.998 0.1)
(-0.5 -0.998 0.1)
(-0.4 -0.998 0.1)
(-0.3 -0.998 0.1)
(-0.2 -0.998 0.1)
(-0.1 -0.998 0.1)
(-1.28786e-14 -0.998 0.1)
(0.1 -0.998 0.1)
(0.2 -0.998 0.1)
(0.3 -0.998 0.1)
(0.4 -0.998 0.1)
(0.5 -0.998 0.1)
(0.6 -0.998 0.1)
(0.7 -0.998 0.1)
(0.8 -0.998 0.1)
(0.9 -0.998 0.1)
(1 -0.998 0.1)
(1.1 -0.998 0.1)
(1.2 -0.998 0.1)
(1.3 -0.998 0.1)
(1.4 -0.998 0.1)
(1.5 -0.998 0.1)
(1.6 -0.998 0.1)
(1.7 -0.998 0.1)
(1.8 -0.998 0.1)
(1.9 -0.998 0.1)
(2 -0.998 0.1)
(2.1 -0.998 0.1)
(2.2 -0.998 0.1)
(2.3 -0.998 0.1)
(2.4 -0.998 0.1)
(2.5 -0.998 0.1)
(2.6 -0.998 0.1)
(2.7 -0.998 0.1)
(2.8 -0.998 0.1)
(2.9 -0.998 0.1)
(3 -0.998 0.1)
(3.1 -0.998 0.1)
(3.2 -0.998 0.1)
(3.3 -0.998 0.1)
(3.4 -0.998 0.1)
(3.5 -0.998 0.1)
(3.6 -0.998 0.1)
(3.7 -0.998 0.1)
(3.8 -0.998 0.1)
(3.9 -0.998 0.1)
(-0.9 -0.996 0.1)
(-0.8 -0.996 0.1)
(-0.7 -0.996 0.1)
(-0.6 -0.996 0.1)
(-0.5 -0.996 0.1)
(-0.4 -0.996 0.1)
(-0.3 -0.996 0.1)
(-0.2 -0.996 0.1)
(-0.1 -0.996 0.1)
(-1.28786e-14 -0.996 0.1)
(0.1 -0.996 0.1)
(0.2 -0.996 0.1)
(0.3 -0.996 0.1)
(0.4 -0.996 0.1)
(0.5 -0.996 0.1)
(0.6 -0.996 0.1)
(0.7 -0.996 0.1)
(0.8 -0.996 0.1)
(0.9 -0.996 0.1)
(1 -0.996 0.1)
(1.1 -0.996 0.1)
(1.2 -0.996 0.1)
(1.3 -0.996 0.1)
(1.4 -0.996 0.1)
(1.5 -0.996 0.1)
(1.6 -0.996 0.1)
(1.7 -0.996 0.1)
(1.8 -0.996 0.1)
(1.9 -0.996 0.1)
(2 -0.996 0.1)
(2.1 -0.996 0.1)
(2.2 -0.996 0.1)
(2.3 -0.996 0.1)
(2.4 -0.996 0.1)
(2.5 -0.996 0.1)
(2.6 -0.996 0.1)
(2.7 -0.996 0.1)
(2.8 -0.996 0.1)
(2.9 -0.996 0.1)
(3 -0.996 0.1)
(3.1 -0.996 0.1)
(3.2 -0.996 0.1)
(3.3 -0.996 0.1)
(3.4 -0.996 0.1)
(3.5 -0.996 0.1)
(3.6 -0.996 0.1)
(3.7 -0.996 0.1)
(3.8 -0.996 0.1)
(3.9 -0.996 0.1)
(-0.9 -0.994 0.1)
(-0.8 -0.994 0.1)
(-0.7 -0.994 0.1)
(-0.6 -0.994 0.1)
(-0.5 -0.994 0.1)
(-0.4 -0.994 0.1)
(-0.3 -0.994 0.1)
(-0.2 -0.994 0.1)
(-0.1 -0.994 0.1)
(-1.28786e-14 -0.994 0.1)
(0.1 -0.994 0.1)
(0.2 -0.994 0.1)
(0.3 -0.994 0.1)
(0.4 -0.994 0.1)
(0.5 -0.994 0.1)
(0.6 -0.994 0.1)
(0.7 -0.994 0.1)
(0.8 -0.994 0.1)
(0.9 -0.994 0.1)
(1 -0.994 0.1)
(1.1 -0.994 0.1)
(1.2 -0.994 0.1)
(1.3 -0.994 0.1)
(1.4 -0.994 0.1)
(1.5 -0.994 0.1)
(1.6 -0.994 0.1)
(1.7 -0.994 0.1)
(1.8 -0.994 0.1)
(1.9 -0.994 0.1)
(2 -0.994 0.1)
(2.1 -0.994 0.1)
(2.2 -0.994 0.1)
(2.3 -0.994 0.1)
(2.4 -0.994 0.1)
(2.5 -0.994 0.1)
(2.6 -0.994 0.1)
(2.7 -0.994 0.1)
(2.8 -0.994 0.1)
(2.9 -0.994 0.1)
(3 -0.994 0.1)
(3.1 -0.994 0.1)
(3.2 -0.994 0.1)
(3.3 -0.994 0.1)
(3.4 -0.994 0.1)
(3.5 -0.994 0.1)
(3.6 -0.994 0.1)
(3.7 -0.994 0.1)
(3.8 -0.994 0.1)
(3.9 -0.994 0.1)
(-0.9 -0.992 0.1)
(-0.8 -0.992 0.1)
(-0.7 -0.992 0.1)
(-0.6 -0.992 0.1)
(-0.5 -0.992 0.1)
(-0.4 -0.992 0.1)
(-0.3 -0.992 0.1)
(-0.2 -0.992 0.1)
(-0.1 -0.992 0.1)
(-1.28786e-14 -0.992 0.1)
(0.1 -0.992 0.1)
(0.2 -0.992 0.1)
(0.3 -0.992 0.1)
(0.4 -0.992 0.1)
(0.5 -0.992 0.1)
(0.6 -0.992 0.1)
(0.7 -0.992 0.1)
(0.8 -0.992 0.1)
(0.9 -0.992 0.1)
(1 -0.992 0.1)
(1.1 -0.992 0.1)
(1.2 -0.992 0.1)
(1.3 -0.992 0.1)
(1.4 -0.992 0.1)
(1.5 -0.992 0.1)
(1.6 -0.992 0.1)
(1.7 -0.992 0.1)
(1.8 -0.992 0.1)
(1.9 -0.992 0.1)
(2 -0.992 0.1)
(2.1 -0.992 0.1)
(2.2 -0.992 0.1)
(2.3 -0.992 0.1)
(2.4 -0.992 0.1)
(2.5 -0.992 0.1)
(2.6 -0.992 0.1)
(2.7 -0.992 0.1)
(2.8 -0.992 0.1)
(2.9 -0.992 0.1)
(3 -0.992 0.1)
(3.1 -0.992 0.1)
(3.2 -0.992 0.1)
(3.3 -0.992 0.1)
(3.4 -0.992 0.1)
(3.5 -0.992 0.1)
(3.6 -0.992 0.1)
(3.7 -0.992 0.1)
(3.8 -0.992 0.1)
(3.9 -0.992 0.1)
(-0.9 -0.99 0.1)
(-0.8 -0.99 0.1)
(-0.7 -0.99 0.1)
(-0.6 -0.99 0.1)
(-0.5 -0.99 0.1)
(-0.4 -0.99 0.1)
(-0.3 -0.99 0.1)
(-0.2 -0.99 0.1)
(-0.1 -0.99 0.1)
(-1.28786e-14 -0.99 0.1)
(0.1 -0.99 0.1)
(0.2 -0.99 0.1)
(0.3 -0.99 0.1)
(0.4 -0.99 0.1)
(0.5 -0.99 0.1)
(0.6 -0.99 0.1)
(0.7 -0.99 0.1)
(0.8 -0.99 0.1)
(0.9 -0.99 0.1)
(1 -0.99 0.1)
(1.1 -0.99 0.1)
(1.2 -0.99 0.1)
(1.3 -0.99 0.1)
(1.4 -0.99 0.1)
(1.5 -0.99 0.1)
(1.6 -0.99 0.1)
(1.7 -0.99 0.1)
(1.8 -0.99 0.1)
(1.9 -0.99 0.1)
(2 -0.99 0.1)
(2.1 -0.99 0.1)
(2.2 -0.99 0.1)
(2.3 -0.99 0.1)
(2.4 -0.99 0.1)
(2.5 -0.99 0.1)
(2.6 -0.99 0.1)
(2.7 -0.99 0.1)
(2.8 -0.99 0.1)
(2.9 -0.99 0.1)
(3 -0.99 0.1)
(3.1 -0.99 0.1)
(3.2 -0.99 0.1)
(3.3 -0.99 0.1)
(3.4 -0.99 0.1)
(3.5 -0.99 0.1)
(3.6 -0.99 0.1)
(3.7 -0.99 0.1)
(3.8 -0.99 0.1)
(3.9 -0.99 0.1)
(0.0606815 -0.0127185 0.1)
(0.0568115 -0.0248284 0.1)
(0.0503273 -0.03621 0.1)
(0.0419013 -0.0456977 0.1)
(0.0317176 -0.0532728 0.1)
(0.0202552 -0.058598 0.1)
(0.00749847 -0.0615449 0.1)
(-0.00534078 -0.0617695 0.1)
(-0.0188776 -0.0590562 0.1)
(-0.0303877 -0.0540424 0.1)
(-0.0408642 -0.0466274 0.1)
(-0.0495218 -0.037304 0.1)
(-0.0567274 -0.02502 0.1)
(-0.0606713 -0.0127669 0.1)
(0.0626389 -0.0131288 0.1)
(0.0586441 -0.0256294 0.1)
(0.0519507 -0.0373781 0.1)
(0.043253 -0.0471718 0.1)
(0.0327408 -0.0549913 0.1)
(0.0209086 -0.0604883 0.1)
(0.00774035 -0.0635302 0.1)
(-0.00551306 -0.0637621 0.1)
(-0.0194866 -0.0609612 0.1)
(-0.031368 -0.0557858 0.1)
(-0.0421824 -0.0481316 0.1)
(-0.0511193 -0.0385074 0.1)
(-0.0585573 -0.0258271 0.1)
(-0.0626284 -0.0131788 0.1)
(0.0645964 -0.0135391 0.1)
(0.0604768 -0.0264303 0.1)
(0.0535742 -0.0385462 0.1)
(0.0446046 -0.0486459 0.1)
(0.0337639 -0.0567098 0.1)
(0.021562 -0.0623785 0.1)
(0.00798224 -0.0655155 0.1)
(-0.00568534 -0.0657547 0.1)
(-0.0200955 -0.0628663 0.1)
(-0.0323482 -0.0575291 0.1)
(-0.0435006 -0.0496357 0.1)
(-0.0527168 -0.0397107 0.1)
(-0.0603872 -0.0266342 0.1)
(-0.0645856 -0.0135906 0.1)
(0.0665539 -0.0139494 0.1)
(0.0623094 -0.0272312 0.1)
(0.0551976 -0.0397142 0.1)
(0.0459563 -0.05012 0.1)
(0.0347871 -0.0584282 0.1)
(0.0222154 -0.0642688 0.1)
(0.00822412 -0.0675008 0.1)
(-0.00585762 -0.0677472 0.1)
(-0.0207045 -0.0647713 0.1)
(-0.0333285 -0.0592724 0.1)
(-0.0448188 -0.0511398 0.1)
(-0.0543142 -0.0409141 0.1)
(-0.0622172 -0.0274413 0.1)
(-0.0665427 -0.0140024 0.1)
(0.0685113 -0.0143596 0.1)
(0.064142 -0.0280321 0.1)
(0.0568211 -0.0408823 0.1)
(0.0473079 -0.0515942 0.1)
(0.0358102 -0.0601467 0.1)
(0.0228688 -0.0661591 0.1)
(0.00846601 -0.0694862 0.1)
(-0.00602991 -0.0697398 0.1)
(-0.0213134 -0.0666764 0.1)
(-0.0343087 -0.0610157 0.1)
(-0.046137 -0.0526439 0.1)
(-0.0559117 -0.0421174 0.1)
(-0.0640471 -0.0282484 0.1)
(-0.0684998 -0.0144143 0.1)
(-1 0.998 0.1)
(-1 0.996 0.1)
(-1 0.994 0.1)
(-1 0.992 0.1)
(4 0.998 0.1)
(4 0.996 0.1)
(4 0.994 0.1)
(4 0.992 0.1)
(-0.0605724 0.0132281 0.1)
(-0.0566682 0.0251539 0.1)
(-0.0501361 0.0364742 0.1)
(-0.0415877 0.0459833 0.1)
(-0.0312323 0.0535588 0.1)
(-0.0194285 0.0588773 0.1)
(-0.00603939 0.0617052 0.1)
(0.00681333 0.0616245 0.1)
(0.0195143 0.0588489 0.1)
(0.0315199 0.05339 0.1)
(0.0414308 0.0461247 0.1)
(0.0503632 0.0361601 0.1)
(0.0563871 0.0257778 0.1)
(0.0605686 0.0132454 0.1)
(-0.0625264 0.0136548 0.1)
(-0.0584962 0.0259653 0.1)
(-0.0517534 0.0376508 0.1)
(-0.0429292 0.0474666 0.1)
(-0.0322397 0.0552865 0.1)
(-0.0200552 0.0607765 0.1)
(-0.00623421 0.0636956 0.1)
(0.00703311 0.0636124 0.1)
(0.0201438 0.0607472 0.1)
(0.0325367 0.0551123 0.1)
(0.0427673 0.0476126 0.1)
(0.0519878 0.0373265 0.1)
(0.058206 0.0266094 0.1)
(0.0625225 0.0136727 0.1)
(-0.0644803 0.0140815 0.1)
(-0.0603242 0.0267767 0.1)
(-0.0533707 0.0388274 0.1)
(-0.0442708 0.04895 0.1)
(-0.0332472 0.0570142 0.1)
(-0.020682 0.0626758 0.1)
(-0.00642903 0.0656861 0.1)
(0.0072529 0.0656003 0.1)
(0.0207733 0.0626456 0.1)
(0.0335535 0.0568345 0.1)
(0.0441037 0.0491005 0.1)
(0.0536124 0.038493 0.1)
(0.060025 0.0274409 0.1)
(0.0644763 0.0141 0.1)
(-0.0664343 0.0145083 0.1)
(-0.0621522 0.0275882 0.1)
(-0.054988 0.040004 0.1)
(-0.0456123 0.0504333 0.1)
(-0.0342547 0.0587419 0.1)
(-0.0213087 0.0645751 0.1)
(-0.00662385 0.0676766 0.1)
(0.00747268 0.0675882 0.1)
(0.0214028 0.0645439 0.1)
(0.0345702 0.0585568 0.1)
(0.0454402 0.0505884 0.1)
(0.055237 0.0396594 0.1)
(0.0618439 0.0282725 0.1)
(0.0664301 0.0145272 0.1)
(-0.0683882 0.014935 0.1)
(-0.0639802 0.0283996 0.1)
(-0.0566053 0.0411805 0.1)
(-0.0469539 0.0519166 0.1)
(-0.0352622 0.0604696 0.1)
(-0.0219354 0.0664743 0.1)
(-0.00681866 0.0696671 0.1)
(0.00769247 0.069576 0.1)
(0.0220323 0.0664423 0.1)
(0.035587 0.0602791 0.1)
(0.0467767 0.0520763 0.1)
(0.0568617 0.0408259 0.1)
(0.0636628 0.029104 0.1)
(0.0683839 0.0149545 0.1)
(3.9 0.998 0.1)
(3.8 0.998 0.1)
(3.7 0.998 0.1)
(3.6 0.998 0.1)
(3.5 0.998 0.1)
(3.4 0.998 0.1)
(3.3 0.998 0.1)
(3.2 0.998 0.1)
(3.1 0.998 0.1)
(3 0.998 0.1)
(2.9 0.998 0.1)
(2.8 0.998 0.1)
(2.7 0.998 0.1)
(2.6 0.998 0.1)
(2.5 0.998 0.1)
(2.4 0.998 0.1)
(2.3 0.998 0.1)
(2.2 0.998 0.1)
(2.1 0.998 0.1)
(2 0.998 0.1)
(1.9 0.998 0.1)
(1.8 0.998 0.1)
(1.7 0.998 0.1)
(1.6 0.998 0.1)
(1.5 0.998 0.1)
(1.4 0.998 0.1)
(1.3 0.998 0.1)
(1.2 0.998 0.1)
(1.1 0.998 0.1)
(1 0.998 0.1)
(0.9 0.998 0.1)
(0.8 0.998 0.1)
(0.7 0.998 0.1)
(0.6 0.998 0.1)
(0.5 0.998 0.1)
(0.4 0.998 0.1)
(0.3 0.998 0.1)
(0.2 0.998 0.1)
(0.1 0.998 0.1)
(-1.28786e-14 0.998 0.1)
(-0.1 0.998 0.1)
(-0.2 0.998 0.1)
(-0.3 0.998 0.1)
(-0.4 0.998 0.1)
(-0.5 0.998 0.1)
(-0.6 0.998 0.1)
(-0.7 0.998 0.1)
(-0.8 0.998 0.1)
(-0.9 0.998 0.1)
(3.9 0.996 0.1)
(3.8 0.996 0.1)
(3.7 0.996 0.1)
(3.6 0.996 0.1)
(3.5 0.996 0.1)
(3.4 0.996 0.1)
(3.3 0.996 0.1)
(3.2 0.996 0.1)
(3.1 0.996 0.1)
(3 0.996 0.1)
(2.9 0.996 0.1)
(2.8 0.996 0.1)
(2.7 0.996 0.1)
(2.6 0.996 0.1)
(2.5 0.996 0.1)
(2.4 0.996 0.1)
(2.3 0.996 0.1)
(2.2 0.996 0.1)
(2.1 0.996 0.1)
(2 0.996 0.1)
(1.9 0.996 0.1)
(1.8 0.996 0.1)
(1.7 0.996 0.1)
(1.6 0.996 0.1)
(1.5 0.996 0.1)
(1.4 0.996 0.1)
(1.3 0.996 0.1)
(1.2 0.996 0.1)
(1.1 0.996 0.1)
(1 0.996 0.1)
(0.9 0.996 0.1)
(0.8 0.996 0.1)
(0.7 0.996 0.1)
(0.6 0.996 0.1)
(0.5 0.996 0.1)
(0.4 0.996 0.1)
(0.3 0.996 0.1)
(0.2 0.996 0.1)
(0.1 0.996 0.1)
(-1.28786e-14 0.996 0.1)
(-0.1 0.996 0.1)
(-0.2 0.996 0.1)
(-0.3 0.996 0.1)
(-0.4 0.996 0.1)
(-0.5 0.996 0.1)
(-0.6 0.996 0.1)
(-0.7 0.996 0.1)
(-0.8 0.996 0.1)
(-0.9 0.996 0.1)
(3.9 0.994 0.1)
(3.8 0.994 0.1)
(3.7 0.994 0.1)
(3.6 0.994 0.1)
(3.5 0.994 0.1)
(3.4 0.994 0.1)
(3.3 0.994 0.1)
(3.2 0.994 0.1)
(3.1 0.994 0.1)
(3 0.994 0.1)
(2.9 0.994 0.1)
(2.8 0.994 0.1)
(2.7 0.994 0.1)
(2.6 0.994 0.1)
(2.5 0.994 0.1)
(2.4 0.994 0.1)
(2.3 0.994 0.1)
(2.2 0.994 0.1)
(2.1 0.994 0.1)
(2 0.994 0.1)
(1.9 0.994 0.1)
(1.8 0.994 0.1)
(1.7 0.994 0.1)
(1.6 0.994 0.1)
(1.5 0.994 0.1)
(1.4 0.994 0.1)
(1.3 0.994 0.1)
(1.2 0.994 0.1)
(1.1 0.994 0.1)
(1 0.994 0.1)
(0.9 0.994 0.1)
(0.8 0.994 0.1)
(0.7 0.994 0.1)
(0.6 0.994 0.1)
(0.5 0.994 0.1)
(0.4 0.994 0.1)
(0.3 0.994 0.1)
(0.2 0.994 0.1)
(0.1 0.994 0.1)
(-1.28786e-14 0.994 0.1)
(-0.1 0.994 0.1)
(-0.2 0.994 0.1)
(-0.3 0.994 0.1)
(-0.4 0.994 0.1)
(-0.5 0.994 0.1)
(-0.6 0.994 0.1)
(-0.7 0.994 0.1)
(-0.8 0.994 0.1)
(-0.9 0.994 0.1)
(3.9 0.992 0.1)
(3.8 0.992 0.1)
(3.7 0.992 0.1)
(3.6 0.992 0.1)
(3.5 0.992 0.1)
(3.4 0.992 0.1)
(3.3 0.992 0.1)
(3.2 0.992 0.1)
(3.1 0.992 0.1)
(3 0.992 0.1)
(2.9 0.992 0.1)
(2.8 0.992 0.1)
(2.7 0.992 0.1)
(2.6 0.992 0.1)
(2.5 0.992 0.1)
(2.4 0.992 0.1)
(2.3 0.992 0.1)
(2.2 0.992 0.1)
(2.1 0.992 0.1)
(2 0.992 0.1)
(1.9 0.992 0.1)
(1.8 0.992 0.1)
(1.7 0.992 0.1)
(1.6 0.992 0.1)
(1.5 0.992 0.1)
(1.4 0.992 0.1)
(1.3 0.992 0.1)
(1.2 0.992 0.1)
(1.1 0.992 0.1)
(1 0.992 0.1)
(0.9 0.992 0.1)
(0.8 0.992 0.1)
(0.7 0.992 0.1)
(0.6 0.992 0.1)
(0.5 0.992 0.1)
(0.4 0.992 0.1)
(0.3 0.992 0.1)
(0.2 0.992 0.1)
(0.1 0.992 0.1)
(-1.28786e-14 0.992 0.1)
(-0.1 0.992 0.1)
(-0.2 0.992 0.1)
(-0.3 0.992 0.1)
(-0.4 0.992 0.1)
(-0.5 0.992 0.1)
(-0.6 0.992 0.1)
(-0.7 0.992 0.1)
(-0.8 0.992 0.1)
(-0.9 0.992 0.1)
(3.9 0.99 0.1)
(3.8 0.99 0.1)
(3.7 0.99 0.1)
(3.6 0.99 0.1)
(3.5 0.99 0.1)
(3.4 0.99 0.1)
(3.3 0.99 0.1)
(3.2 0.99 0.1)
(3.1 0.99 0.1)
(3 0.99 0.1)
(2.9 0.99 0.1)
(2.8 0.99 0.1)
(2.7 0.99 0.1)
(2.6 0.99 0.1)
(2.5 0.99 0.1)
(2.4 0.99 0.1)
(2.3 0.99 0.1)
(2.2 0.99 0.1)
(2.1 0.99 0.1)
(2 0.99 0.1)
(1.9 0.99 0.1)
(1.8 0.99 0.1)
(1.7 0.99 0.1)
(1.6 0.99 0.1)
(1.5 0.99 0.1)
(1.4 0.99 0.1)
(1.3 0.99 0.1)
(1.2 0.99 0.1)
(1.1 0.99 0.1)
(1 0.99 0.1)
(0.9 0.99 0.1)
(0.8 0.99 0.1)
(0.7 0.99 0.1)
(0.6 0.99 0.1)
(0.5 0.99 0.1)
(0.4 0.99 0.1)
(0.3 0.99 0.1)
(0.2 0.99 0.1)
(0.1 0.99 0.1)
(-1.28786e-14 0.99 0.1)
(-0.1 0.99 0.1)
(-0.2 0.99 0.1)
(-0.3 0.99 0.1)
(-0.4 0.99 0.1)
(-0.5 0.99 0.1)
(-0.6 0.99 0.1)
(-0.7 0.99 0.1)
(-0.8 0.99 0.1)
(-0.9 0.99 0.1)
(-0.916656 -0.163617 0.1)
(-0.91329 -0.350967 0.1)
(-0.916475 -0.548777 0.1)
(-0.912587 -0.745036 0.1)
(-0.861618 -0.905586 0.1)
(-0.651502 -0.90508 0.1)
(-0.449927 -0.903671 0.1)
(-0.250669 -0.902506 0.1)
(-0.0507139 -0.903174 0.1)
(0.149334 -0.903471 0.1)
(0.349476 -0.903605 0.1)
(0.549886 -0.903291 0.1)
(0.750178 -0.901401 0.1)
(0.950388 -0.90047 0.1)
(1.15089 -0.900567 0.1)
(1.35127 -0.900687 0.1)
(1.55136 -0.900812 0.1)
(1.75143 -0.900896 0.1)
(1.95152 -0.900912 0.1)
(2.15163 -0.900876 0.1)
(2.35176 -0.900777 0.1)
(2.5519 -0.900701 0.1)
(2.75189 -0.900802 0.1)
(2.95179 -0.900966 0.1)
(3.15166 -0.901111 0.1)
(3.35089 -0.90189 0.1)
(3.5491 -0.90415 0.1)
(3.74701 -0.902182 0.1)
(3.9124 -0.857512 0.1)
(3.91433 -0.648252 0.1)
(3.91681 -0.448642 0.1)
(3.91165 -0.25291 0.1)
(3.8599 -0.0885645 0.1)
(3.64633 -0.0901691 0.1)
(3.44209 -0.0882592 0.1)
(3.24061 -0.0889144 0.1)
(3.03908 -0.0890507 0.1)
(2.8372 -0.0890399 0.1)
(2.63541 -0.0889204 0.1)
(2.43371 -0.0889029 0.1)
(2.23175 -0.0890512 0.1)
(2.02989 -0.0891014 0.1)
(1.8281 -0.0890889 0.1)
(1.6263 -0.0890085 0.1)
(1.42438 -0.0890231 0.1)
(1.22209 -0.0890255 0.1)
(1.01939 -0.0883386 0.1)
(0.817181 -0.0846714 0.1)
(0.627066 -0.0737458 0.1)
(0.468805 -0.0589398 0.1)
(0.342671 -0.0442708 0.1)
(0.256601 -0.0340856 0.1)
(0.186302 -0.0243445 0.1)
(0.132149 -0.018642 0.1)
(0.0878753 -0.0157894 0.1)
(0.0116201 0.265222 0.1)
(0.0473393 0.292679 0.1)
(0.0120697 0.309487 0.1)
(0.071254 -0.0434212 0.1)
(0.0605244 -0.0561854 0.1)
(0.0477085 -0.0670822 0.1)
(0.0339228 -0.0753804 0.1)
(0.0183459 -0.0809891 0.1)
(0.00124428 -0.0827608 0.1)
(-0.0158361 -0.0809327 0.1)
(-0.0325702 -0.0754289 0.1)
(-0.0469835 -0.0671595 0.1)
(-0.0592444 -0.0566176 0.1)
(-0.0698565 -0.0437208 0.1)
(-0.0786149 -0.030217 0.1)
(-0.0856636 -0.015672 0.1)
(-0.124969 -0.0192222 0.1)
(-0.172412 -0.0240675 0.1)
(-0.232123 -0.0303433 0.1)
(-0.305146 -0.0372368 0.1)
(-0.396436 -0.0471454 0.1)
(-0.515075 -0.0598445 0.1)
(-0.668714 -0.0760801 0.1)
(-0.863773 -0.086748 0.1)
(-0.910894 -0.252642 0.1)
(-0.915304 -0.449994 0.1)
(-0.915649 -0.647733 0.1)
(-0.916574 -0.832879 0.1)
(-0.755956 -0.901793 0.1)
(-0.549878 -0.905182 0.1)
(-0.350446 -0.902677 0.1)
(-0.150776 -0.902816 0.1)
(0.0493903 -0.90338 0.1)
(0.249367 -0.903506 0.1)
(0.449584 -0.903647 0.1)
(0.65008 -0.902422 0.1)
(0.850229 -0.90073 0.1)
(1.05066 -0.900429 0.1)
(1.25115 -0.900579 0.1)
(1.45135 -0.90074 0.1)
(1.65149 -0.90079 0.1)
(1.85155 -0.900864 0.1)
(2.05165 -0.900879 0.1)
(2.25182 -0.900752 0.1)
(2.45182 -0.900747 0.1)
(2.65179 -0.900805 0.1)
(2.85186 -0.900867 0.1)
(3.05187 -0.900945 0.1)
(3.25141 -0.901354 0.1)
(3.44998 -0.902934 0.1)
(3.64865 -0.904 0.1)
(3.83577 -0.907797 0.1)
(3.90984 -0.752258 0.1)
(3.91617 -0.547352 0.1)
(3.91557 -0.350144 0.1)
(3.91513 -0.164709 0.1)
(3.75207 -0.0932754 0.1)
(3.54349 -0.0884992 0.1)
(3.34128 -0.088666 0.1)
(3.1398 -0.0890576 0.1)
(2.93804 -0.0890905 0.1)
(2.7364 -0.0889404 0.1)
(2.53458 -0.0889041 0.1)
(2.33286 -0.0889346 0.1)
(2.13092 -0.0890633 0.1)
(1.92916 -0.0890295 0.1)
(1.72731 -0.0890119 0.1)
(1.52554 -0.088928 0.1)
(1.32344 -0.0889794 0.1)
(1.12091 -0.0888425 0.1)
(0.918293 -0.0870111 0.1)
(0.718697 -0.0802918 0.1)
(0.544568 -0.0666683 0.1)
(0.403514 -0.0516955 0.1)
(0.297165 -0.0391389 0.1)
(0.219259 -0.0291759 0.1)
(0.15766 -0.0205701 0.1)
(0.109418 -0.0170613 0.1)
(0.0800711 -0.029561 0.1)
(-0.104476 -0.0170777 0.1)
(-0.147481 -0.0215895 0.1)
(-0.200863 -0.0270637 0.1)
(-0.266347 -0.0345163 0.1)
(-0.347244 -0.0407684 0.1)
(-0.452332 -0.053076 0.1)
(-0.586719 -0.0675686 0.1)
(-0.760838 -0.0850911 0.1)
(0.0579815 0.257304 0.1)
(-0.824469 -0.301725 0.1)
(-0.816305 -0.8052 0.1)
(-0.833929 -0.596399 0.1)
(-0.598893 -0.822531 0.1)
(3.8102 -0.807575 0.1)
(-0.101531 -0.816055 0.1)
(-0.400993 -0.815485 0.1)
(3.5909 -0.177169 0.1)
(-0.201508 -0.81516 0.1)
(3.83228 -0.591902 0.1)
(0.19848 -0.816948 0.1)
(0.398878 -0.817435 0.1)
(0.599683 -0.816091 0.1)
(0.799984 -0.811641 0.1)
(1.00104 -0.81087 0.1)
(1.20222 -0.811187 0.1)
(1.4028 -0.81144 0.1)
(1.60305 -0.811566 0.1)
(1.80312 -0.811751 0.1)
(2.00348 -0.811711 0.1)
(2.20371 -0.811574 0.1)
(2.40391 -0.811401 0.1)
(2.60407 -0.811346 0.1)
(2.80399 -0.811624 0.1)
(3.00392 -0.811876 0.1)
(3.20369 -0.812184 0.1)
(3.40179 -0.814162 0.1)
(3.5974 -0.819782 0.1)
(3.82723 -0.694615 0.1)
(-0.301648 -0.814597 0.1)
(3.08784 -0.17826 0.1)
(3.83465 -0.399677 0.1)
(3.81197 -0.193189 0.1)
(2.88618 -0.17821 0.1)
(-0.499633 -0.818602 0.1)
(-0.0954004 -0.032493 0.1)
(-0.816238 -0.188135 0.1)
(3.18859 -0.178137 0.1)
(2.98704 -0.178248 0.1)
(3.28882 -0.177942 0.1)
(2.68469 -0.177977 0.1)
(2.48314 -0.177934 0.1)
(2.28161 -0.178062 0.1)
(2.07972 -0.178302 0.1)
(1.87846 -0.17815 0.1)
(1.67668 -0.178127 0.1)
(1.47529 -0.177947 0.1)
(1.27295 -0.178025 0.1)
(1.06929 -0.177466 0.1)
(0.865605 -0.172429 0.1)
(0.669233 -0.152436 0.1)
(0.505548 -0.125134 0.1)
(0.373599 -0.101121 0.1)
(0.27389 -0.0777568 0.1)
(0.201636 -0.0559502 0.1)
(0.172766 -0.0455626 0.1)
(0.121375 -0.0356714 0.1)
(-0.702194 -0.820053 0.1)
(0.0632564 -0.0749862 0.1)
(0.089291 -0.0472695 0.1)
(0.0771733 -0.0618301 0.1)
(-0.217241 -0.0601699 0.1)
(-0.136552 -0.0423122 0.1)
(-0.373671 -0.0905832 0.1)
(-0.187412 -0.0537651 0.1)
(-0.115437 -0.0370831 0.1)
(-0.327033 -0.0818863 0.1)
(-0.285826 -0.0750405 0.1)
(-0.545059 -0.130259 0.1)
(-0.160262 -0.0477904 0.1)
(-0.709916 -0.164434 0.1)
(-0.480739 -0.115735 0.1)
(0.0987271 -0.816898 0.1)
(-0.621671 -0.146035 0.1)
(0.0472323 -0.0853273 0.1)
(0.0305792 -0.092712 0.1)
(0.0110181 -0.0968789 0.1)
(-0.00851341 -0.0974312 0.1)
(-0.02821 -0.0937108 0.1)
(-0.0466942 -0.0845964 0.1)
(-0.0745504 -0.0599392 0.1)
(-0.0855563 -0.0463052 0.1)
(3.69516 -0.1818 0.1)
(-0.82956 -0.69554 0.1)
(3.38894 -0.17723 0.1)
(0.0995395 -0.0323667 0.1)
(1.30269 -0.811205 0.1)
(-0.832084 -0.499815 0.1)
(1.10174 -0.810936 0.1)
(-0.00140488 -0.816726 0.1)
(0.298617 -0.817091 0.1)
(0.499127 -0.817424 0.1)
(0.699863 -0.813707 0.1)
(0.900447 -0.810857 0.1)
(1.50307 -0.811419 0.1)
(1.70324 -0.811572 0.1)
(1.90331 -0.811712 0.1)
(2.10341 -0.811765 0.1)
(2.30396 -0.811414 0.1)
(2.50384 -0.811432 0.1)
(2.70386 -0.811583 0.1)
(2.90411 -0.811706 0.1)
(3.1041 -0.811844 0.1)
(3.30296 -0.812798 0.1)
(3.49955 -0.816839 0.1)
(3.69836 -0.817553 0.1)
(3.82829 -0.301394 0.1)
(3.83225 -0.494678 0.1)
(3.48925 -0.176007 0.1)
(2.58414 -0.177829 0.1)
(2.78528 -0.178144 0.1)
(2.38258 -0.177932 0.1)
(2.18068 -0.178228 0.1)
(1.97909 -0.178275 0.1)
(1.77735 -0.178257 0.1)
(1.57599 -0.178041 0.1)
(1.37391 -0.178125 0.1)
(1.17123 -0.178014 0.1)
(0.96717 -0.176028 0.1)
(0.765197 -0.164473 0.1)
(0.582939 -0.138685 0.1)
(0.435969 -0.111692 0.1)
(0.319845 -0.0891662 0.1)
(0.235175 -0.067006 0.1)
(0.145077 -0.0391052 0.1)
(-0.829148 -0.402665 0.1)
(-0.250425 -0.0680461 0.1)
(-0.424802 -0.10277 0.1)
(-0.0623579 -0.0732679 0.1)
(2.73274 -0.267504 0.1)
(3.33628 -0.267338 0.1)
(1.35492 -0.721584 0.1)
(1.75552 -0.722101 0.1)
(0.246961 -0.730542 0.1)
(0.849678 -0.720748 0.1)
(-0.734434 -0.262005 0.1)
(3.75889 -0.357494 0.1)
(0.548297 -0.731469 0.1)
(0.748708 -0.722708 0.1)
(1.1536 -0.721252 0.1)
(-0.0524926 -0.729837 0.1)
(-0.229475 -0.100167 0.1)
(0.912737 -0.263417 0.1)
(2.35666 -0.721737 0.1)
(1.55542 -0.721796 0.1)
(1.65567 -0.721844 0.1)
(2.95692 -0.722308 0.1)
(2.05587 -0.722274 0.1)
(3.15731 -0.722369 0.1)
(2.25671 -0.721776 0.1)
(0.0649693 -0.096053 0.1)
(2.55685 -0.721654 0.1)
(1.95598 -0.722124 0.1)
(2.85713 -0.722052 0.1)
(2.15625 -0.72209 0.1)
(3.05718 -0.722317 0.1)
(2.02809 -0.267849 0.1)
(-0.0652476 -0.0937975 0.1)
(3.45347 -0.726693 0.1)
(0.20998 -0.0939907 0.1)
(3.64179 -0.739031 0.1)
(3.74713 -0.537334 0.1)
(0.109938 -0.052345 0.1)
(0.447892 -0.73194 0.1)
(3.73053 -0.274818 0.1)
(1.25446 -0.721375 0.1)
(1.05246 -0.721016 0.1)
(2.83337 -0.267693 0.1)
(3.74657 -0.443017 0.1)
(-0.152257 -0.728361 0.1)
(2.12852 -0.267908 0.1)
(2.93409 -0.267824 0.1)
(2.5318 -0.267191 0.1)
(0.53562 -0.19663 0.1)
(2.33004 -0.267567 0.1)
(2.22957 -0.267641 0.1)
(3.4357 -0.265877 0.1)
(3.3558 -0.723847 0.1)
(1.82673 -0.267693 0.1)
(1.62524 -0.267594 0.1)
(1.42387 -0.267408 0.1)
(1.22108 -0.267459 0.1)
(0.80946 -0.256972 0.1)
(1.01602 -0.266088 0.1)
(0.132572 -0.0591182 0.1)
(0.616589 -0.220744 0.1)
(3.54847 -0.732387 0.1)
(0.463873 -0.176804 0.1)
(0.396621 -0.158679 0.1)
(0.287894 -0.126069 0.1)
(2.75687 -0.721996 0.1)
(-0.643829 -0.74434 0.1)
(3.03484 -0.267898 0.1)
(-0.566022 -0.211426 0.1)
(1.45511 -0.721764 0.1)
(-0.740922 -0.733261 0.1)
(-0.123083 -0.0610349 0.1)
(-0.344634 -0.132619 0.1)
(0.0245614 -0.112119 0.1)
(-0.301352 -0.12256 0.1)
(-0.26392 -0.111928 0.1)
(3.5338 -0.262152 0.1)
(0.147428 -0.730121 0.1)
(-0.646773 -0.235115 0.1)
(-0.103811 -0.0524448 0.1)
(-0.440655 -0.168242 0.1)
(0.00122214 -0.115043 0.1)
(0.0447736 -0.105518 0.1)
(-0.0807985 -0.0789777 0.1)
(-0.391591 -0.147856 0.1)
(0.709438 -0.242953 0.1)
(3.63319 -0.267661 0.1)
(3.73796 -0.729068 0.1)
(-0.0437103 -0.106686 0.1)
(-0.0216538 -0.113499 0.1)
(-0.498429 -0.189535 0.1)
(-0.171577 -0.0751727 0.1)
(-0.199283 -0.0854858 0.1)
(0.648804 -0.727434 0.1)
(0.245951 -0.109596 0.1)
(3.13561 -0.267867 0.1)
(0.155633 -0.0634445 0.1)
(-0.750422 -0.54878 0.1)
(-0.742709 -0.361177 0.1)
(2.65714 -0.721627 0.1)
(-0.753919 -0.639093 0.1)
(0.347539 -0.730798 0.1)
(0.951132 -0.720504 0.1)
(1.85572 -0.722133 0.1)
(-0.145635 -0.0683666 0.1)
(2.45697 -0.721549 0.1)
(3.25663 -0.722887 0.1)
(-0.35374 -0.725751 0.1)
(0.0475816 -0.730737 0.1)
(2.43096 -0.267339 0.1)
(2.63205 -0.267411 0.1)
(3.23578 -0.267932 0.1)
(1.72569 -0.267796 0.1)
(1.92716 -0.267878 0.1)
(1.52464 -0.267477 0.1)
(1.32231 -0.267582 0.1)
(1.11854 -0.267211 0.1)
(0.337469 -0.14156 0.1)
(0.179148 -0.0781794 0.1)
(-0.549239 -0.73617 0.1)
(0.0811635 -0.0826606 0.1)
(-0.252957 -0.72679 0.1)
(0.0963721 -0.0673461 0.1)
(-0.0905464 -0.0630141 0.1)
(-0.452533 -0.728383 0.1)
(3.75163 -0.632015 0.1)
(-0.064041 -0.117791 0.1)
(3.1813 -0.358457 0.1)
(3.21198 -0.632246 0.1)
(2.51117 -0.631066 0.1)
(2.00944 -0.632043 0.1)
(2.31081 -0.631294 0.1)
(1.87403 -0.35805 0.1)
(1.00315 -0.629932 0.1)
(2.27637 -0.357906 0.1)
(-0.179579 -0.105942 0.1)
(1.30766 -0.631171 0.1)
(0.294673 -0.644286 0.1)
(3.66378 -0.374371 0.1)
(1.70918 -0.631585 0.1)
(2.5782 -0.357433 0.1)
(1.20674 -0.630907 0.1)
(0.596364 -0.645007 0.1)
(2.37734 -0.357484 0.1)
(0.74656 -0.342712 0.1)
(-0.153384 -0.0990573 0.1)
(0.900425 -0.629314 0.1)
(1.9095 -0.631823 0.1)
(2.91135 -0.631962 0.1)
(2.2103 -0.631681 0.1)
(3.112 -0.632068 0.1)
(0.178061 -0.113408 0.1)
(3.50804 -0.639613 0.1)
(0.483883 -0.247432 0.1)
(1.26947 -0.357616 0.1)
(0.096691 -0.645447 0.1)
(0.351315 -0.204354 0.1)
(2.67889 -0.35747 0.1)
(0.79704 -0.629463 0.1)
(3.01157 -0.632105 0.1)
(1.10522 -0.630741 0.1)
(2.77903 -0.357833 0.1)
(0.854212 -0.351315 0.1)
(2.07519 -0.358233 0.1)
(0.0636192 -0.118374 0.1)
(2.87964 -0.358035 0.1)
(0.414842 -0.223266 0.1)
(1.80913 -0.631848 0.1)
(1.60886 -0.631542 0.1)
(2.1098 -0.631987 0.1)
(0.118855 -0.0770953 0.1)
(1.9746 -0.358149 0.1)
(-0.00382563 -0.644802 0.1)
(3.38321 -0.357699 0.1)
(3.4113 -0.634137 0.1)
(1.67276 -0.357955 0.1)
(1.47174 -0.357584 0.1)
(1.37056 -0.357625 0.1)
(1.06449 -0.356837 0.1)
(2.7115 -0.63131 0.1)
(1.16713 -0.357501 0.1)
(0.0403705 -0.126877 0.1)
(1.77345 -0.357963 0.1)
(3.2823 -0.358253 0.1)
(-0.746486 -0.456404 0.1)
(1.50875 -0.631292 0.1)
(-0.2732 -0.162271 0.1)
(3.48352 -0.354967 0.1)
(0.193434 -0.644332 0.1)
(2.47786 -0.357347 0.1)
(2.61135 -0.631147 0.1)
(0.0161264 -0.134295 0.1)
(0.69467 -0.633822 0.1)
(2.41085 -0.631215 0.1)
(2.98024 -0.358222 0.1)
(2.81121 -0.63177 0.1)
(3.08096 -0.358271 0.1)
(0.146651 -0.0898144 0.1)
(0.556455 -0.280969 0.1)
(0.960626 -0.355107 0.1)
(-0.128573 -0.0882964 0.1)
(2.17596 -0.358054 0.1)
(0.496143 -0.64884 0.1)
(-0.103152 -0.642348 0.1)
(-0.576726 -0.299009 0.1)
(-0.202049 -0.128174 0.1)
(-0.23344 -0.148554 0.1)
(0.25102 -0.158376 0.1)
(-0.104666 -0.0784388 0.1)
(-0.306186 -0.636788 0.1)
(0.645041 -0.317923 0.1)
(3.31176 -0.63273 0.1)
(-0.670393 -0.596292 0.1)
(-0.441565 -0.244413 0.1)
(1.4083 -0.631213 0.1)
(-0.0851585 -0.100944 0.1)
(0.0889656 -0.108126 0.1)
(0.396464 -0.644468 0.1)
(1.57257 -0.35765 0.1)
(-0.0389977 -0.129493 0.1)
(3.59847 -0.651294 0.1)
(0.295721 -0.181832 0.1)
(-0.601016 -0.659467 0.1)
(3.65523 -0.486573 0.1)
(-0.203672 -0.640431 0.1)
(-0.66381 -0.510511 0.1)
(-0.314132 -0.17499 0.1)
(3.67916 -0.666503 0.1)
(-0.657688 -0.32754 0.1)
(-0.503519 -0.272466 0.1)
(-0.0129177 -0.135739 0.1)
(3.57447 -0.342574 0.1)
(-0.409317 -0.63464 0.1)
(0.211985 -0.13539 0.1)
(-0.391805 -0.213763 0.1)
(3.66608 -0.583392 0.1)
(-0.355611 -0.183388 0.1)
(-0.66167 -0.420305 0.1)
(-0.166522 -0.140104 0.1)
(1.0571 -0.539198 0.1)
(-0.238563 -0.206151 0.1)
(0.792482 -0.441163 0.1)
(2.36631 -0.539968 0.1)
(0.739109 -0.535885 0.1)
(1.56333 -0.540239 0.1)
(-0.109416 -0.109129 0.1)
(0.63245 -0.546484 0.1)
(1.61854 -0.44884 0.1)
(0.953458 -0.538002 0.1)
(1.96437 -0.54085 0.1)
(1.71893 -0.448981 0.1)
(0.14542 -0.125534 0.1)
(1.8194 -0.449035 0.1)
(2.52311 -0.448186 0.1)
(0.119488 -0.103842 0.1)
(-0.194391 -0.187951 0.1)
(3.16821 -0.541145 0.1)
(3.32759 -0.449527 0.1)
(0.449865 -0.557947 0.1)
(1.11241 -0.448169 0.1)
(0.300231 -0.243482 0.1)
(2.7672 -0.540343 0.1)
(0.0851234 -0.134178 0.1)
(0.487892 -0.327349 0.1)
(1.26127 -0.539985 0.1)
(0.84783 -0.536428 0.1)
(3.06769 -0.541126 0.1)
(1.15943 -0.539812 0.1)
(3.12499 -0.449571 0.1)
(2.72353 -0.448609 0.1)
(2.96723 -0.541089 0.1)
(1.76384 -0.540589 0.1)
(0.250263 -0.212477 0.1)
(0.101141 -0.088732 0.1)
(2.22125 -0.449144 0.1)
(1.9197 -0.449173 0.1)
(1.66356 -0.540509 0.1)
(2.16498 -0.540909 0.1)
(1.31644 -0.448478 0.1)
(2.02009 -0.449388 0.1)
(0.0428659 -0.560992 0.1)
(0.0589485 -0.141777 0.1)
(-0.0861447 -0.127417 0.1)
(3.57307 -0.555232 0.1)
(-0.0602436 -0.144353 0.1)
(1.41731 -0.448485 0.1)
(0.342531 -0.557053 0.1)
(0.0348017 -0.151445 0.1)
(3.47333 -0.542913 0.1)
(2.82378 -0.448955 0.1)
(1.46295 -0.540015 0.1)
(1.21465 -0.448509 0.1)
(1.36229 -0.539984 0.1)
(3.22584 -0.449595 0.1)
(3.37041 -0.541436 0.1)
(3.43239 -0.44883 0.1)
(2.62338 -0.44829 0.1)
(-0.681712 -0.674393 0.1)
(1.51812 -0.448533 0.1)
(0.564242 -0.377105 0.1)
(-0.508449 -0.642535 0.1)
(0.236214 -0.560616 0.1)
(2.66716 -0.539964 0.1)
(1.86409 -0.540734 0.1)
(2.26572 -0.5404 0.1)
(2.567 -0.539758 0.1)
(0.00367564 -0.163737 0.1)
(2.46665 -0.539792 0.1)
(2.92402 -0.449333 0.1)
(2.86717 -0.540775 0.1)
(3.02446 -0.449514 0.1)
(2.32196 -0.448611 0.1)
(2.12058 -0.449412 0.1)
(0.54277 -0.57378 0.1)
(-0.0557787 -0.559225 0.1)
(-0.0318906 -0.156358 0.1)
(-0.501024 -0.359227 0.1)
(0.903369 -0.445043 0.1)
(-0.431387 -0.328497 0.1)
(-0.25496 -0.551835 0.1)
(-0.135183 -0.121485 0.1)
(0.666219 -0.435069 0.1)
(3.55046 -0.444995 0.1)
(1.00898 -0.44715 0.1)
(0.173995 -0.153487 0.1)
(2.06457 -0.541031 0.1)
(0.362486 -0.27343 0.1)
(-0.284265 -0.210718 0.1)
(0.142593 -0.562016 0.1)
(3.26907 -0.541206 0.1)
(0.208504 -0.182847 0.1)
(-0.151769 -0.557347 0.1)
(2.4225 -0.448338 0.1)
(0.428648 -0.288162 0.1)
(-0.362555 -0.543259 0.1)
(-0.580603 -0.387785 0.1)
(-0.579783 -0.569822 0.1)
(0.113649 -0.131728 0.1)
(-0.328726 -0.238399 0.1)
(-0.022299 -0.186665 0.1)
(-0.41625 -0.435224 0.1)
(-0.374055 -0.285654 0.1)
(-0.111253 -0.137674 0.1)
(-0.350289 -0.37173 0.1)
(-0.00827918 -0.481766 0.1)
(0.13676 -0.161879 0.1)
(0.394427 -0.463843 0.1)
(-0.262612 -0.262135 0.1)
(-0.0850825 -0.156067 0.1)
(0.276301 -0.478241 0.1)
(0.0574404 -0.166943 0.1)
(0.18084 -0.485087 0.1)
(0.475454 -0.405026 0.1)
(0.0784049 -0.157335 0.1)
(-0.476656 -0.536749 0.1)
(0.0324432 -0.180629 0.1)
(-0.0575433 -0.177678 0.1)
(0.246462 -0.2728 0.1)
(0.534814 -0.480693 0.1)
(-0.136596 -0.155222 0.1)
(-0.203579 -0.472274 0.1)
(0.00886702 -0.200322 0.1)
(0.200006 -0.233211 0.1)
(0.303238 -0.314354 0.1)
(-0.299627 -0.31319 0.1)
(-0.506794 -0.441555 0.1)
(-0.201625 -0.257912 0.1)
(0.0891051 -0.483611 0.1)
(-0.10255 -0.479788 0.1)
(0.104817 -0.160952 0.1)
(-0.578818 -0.479441 0.1)
(-0.306092 -0.463616 0.1)
(0.163172 -0.19722 0.1)
(-0.153586 -0.191278 0.1)
(-0.124029 -0.185268 0.1)
(0.390559 -0.357333 0.1)
(0.237689 -0.338074 0.1)
(-0.0928711 -0.187665 0.1)
(-0.110279 -0.163525 0.1)
(0.0597227 -0.191835 0.1)
(-0.221574 -0.324878 0.1)
(0.21384 -0.412413 0.1)
(0.0838682 -0.18254 0.1)
(-0.0435888 -0.207493 0.1)
(0.302048 -0.393682 0.1)
(0.117136 -0.201382 0.1)
(-0.147846 -0.248592 0.1)
(-0.115871 -0.217841 0.1)
(-0.254 -0.392234 0.1)
(-0.0558812 -0.418179 0.1)
(0.0420668 -0.213603 0.1)
(-0.0156511 -0.22188 0.1)
(0.131179 -0.414459 0.1)
(-0.154821 -0.314899 0.1)
(0.0371792 -0.405282 0.1)
(-0.154495 -0.396651 0.1)
(0.187494 -0.289486 0.1)
(-0.0754764 -0.21491 0.1)
(0.148752 -0.242811 0.1)
(-0.0211846 -0.3613 0.1)
(0.079173 -0.215302 0.1)
(-0.0921595 -0.357388 0.1)
(-0.0483265 -0.241015 0.1)
(0.0184322 -0.237555 0.1)
(0.0959973 -0.349039 0.1)
(0.102262 -0.247915 0.1)
(-0.101546 -0.297079 0.1)
(0.164475 -0.350612 0.1)
(-0.0895365 -0.25196 0.1)
(0.129074 -0.295559 0.1)
(0.0585212 -0.248391 0.1)
(0.0349157 -0.334064 0.1)
(0.0756845 -0.292875 0.1)
(-0.0111621 -0.306772 0.1)
(-0.0550235 -0.321917 0.1)
(-0.0131162 -0.261775 0.1)
(0.0282403 -0.280446 0.1)
(-0.0524968 -0.279546 0.1)
(-0.911182 0.855805 0.1)
(-0.913064 0.645437 0.1)
(-0.921841 0.449218 0.1)
(-0.91179 0.253458 0.1)
(-0.863586 0.0865408 0.1)
(-0.668814 0.0730219 0.1)
(-0.514572 0.0541512 0.1)
(-0.393789 0.0409899 0.1)
(-0.302982 0.0324507 0.1)
(-0.230528 0.0271426 0.1)
(-0.171544 0.0218686 0.1)
(-0.122851 0.0174178 0.1)
(-0.084559 0.0141396 0.1)
(-0.0774715 0.0260253 0.1)
(-0.0756868 0.0426531 0.1)
(-0.0622299 0.056883 0.1)
(-0.0483933 0.0673418 0.1)
(-0.0334448 0.0751 0.1)
(-0.017091 0.0808297 0.1)
(0.000518795 0.0825828 0.1)
(0.0177714 0.0803395 0.1)
(0.0332203 0.0745755 0.1)
(0.0476038 0.0665545 0.1)
(0.0599899 0.0559439 0.1)
(0.0701881 0.0426703 0.1)
(0.0775493 0.0287098 0.1)
(0.082809 0.0133956 0.1)
(0.112764 0.0231077 0.1)
(0.159747 0.0245823 0.1)
(0.221774 0.0308729 0.1)
(0.299259 0.0421994 0.1)
(0.404782 0.0566008 0.1)
(0.544688 0.0711175 0.1)
(0.724286 0.0824006 0.1)
(0.921207 0.0876617 0.1)
(1.12193 0.0890047 0.1)
(1.32352 0.0892684 0.1)
(1.52531 0.0892563 0.1)
(1.72721 0.0891564 0.1)
(1.92917 0.0890738 0.1)
(2.13071 0.0892043 0.1)
(2.33256 0.0891475 0.1)
(2.53447 0.0889984 0.1)
(2.73639 0.0888524 0.1)
(2.93793 0.088786 0.1)
(3.13898 0.08828 0.1)
(3.33886 0.086865 0.1)
(3.53972 0.0858171 0.1)
(3.74114 0.0906473 0.1)
(3.90972 0.139059 0.1)
(3.91134 0.34925 0.1)
(3.91665 0.548934 0.1)
(3.91258 0.74494 0.1)
(3.86157 0.905483 0.1)
(3.65152 0.904735 0.1)
(3.45024 0.902947 0.1)
(3.25154 0.900968 0.1)
(3.05198 0.900699 0.1)
(2.85198 0.900687 0.1)
(2.65199 0.900675 0.1)
(2.45191 0.900752 0.1)
(2.25173 0.900916 0.1)
(2.05165 0.900915 0.1)
(1.85154 0.900926 0.1)
(1.65146 0.900953 0.1)
(1.45137 0.901005 0.1)
(1.25119 0.900965 0.1)
(1.05087 0.900673 0.1)
(0.85044 0.900376 0.1)
(0.650248 0.901507 0.1)
(0.449752 0.903405 0.1)
(0.249285 0.904059 0.1)
(0.0498219 0.903813 0.1)
(-0.148902 0.904224 0.1)
(-0.348014 0.905024 0.1)
(-0.546757 0.906011 0.1)
(-0.745024 0.90026 0.1)
(-0.907157 0.749254 0.1)
(-0.920909 0.547271 0.1)
(-0.915543 0.352195 0.1)
(-0.917025 0.163776 0.1)
(-0.761869 0.0847939 0.1)
(-0.587861 0.0639254 0.1)
(-0.450676 0.0459735 0.1)
(-0.346127 0.036222 0.1)
(-0.265143 0.0295768 0.1)
(-0.199682 0.0244924 0.1)
(-0.146294 0.0193588 0.1)
(-0.102945 0.0159588 0.1)
(0.0943276 0.0258314 0.1)
(0.134635 0.0233432 0.1)
(0.188403 0.0268946 0.1)
(0.258566 0.0370565 0.1)
(0.347258 0.0500429 0.1)
(0.469596 0.0645669 0.1)
(0.630373 0.0766437 0.1)
(0.821991 0.0858129 0.1)
(1.02148 0.0885297 0.1)
(1.22282 0.0891392 0.1)
(1.42453 0.0892223 0.1)
(1.6264 0.0891413 0.1)
(1.82807 0.0891593 0.1)
(2.02993 0.0891516 0.1)
(2.23176 0.089156 0.1)
(2.43363 0.0890554 0.1)
(2.63556 0.0888978 0.1)
(2.83708 0.0888678 0.1)
(3.0386 0.088581 0.1)
(3.23886 0.08779 0.1)
(3.43894 0.0859085 0.1)
(3.64092 0.0876206 0.1)
(3.8321 0.0854862 0.1)
(3.90616 0.245419 0.1)
(3.91504 0.44994 0.1)
(3.91585 0.64778 0.1)
(3.91641 0.832759 0.1)
(3.75589 0.901566 0.1)
(3.54999 0.904674 0.1)
(3.35104 0.901581 0.1)
(3.15195 0.900709 0.1)
(2.9521 0.900662 0.1)
(2.75199 0.900671 0.1)
(2.55184 0.900771 0.1)
(2.35173 0.900863 0.1)
(2.1516 0.900983 0.1)
(1.95151 0.90097 0.1)
(1.75141 0.900988 0.1)
(1.55136 0.901003 0.1)
(1.35123 0.901059 0.1)
(1.15099 0.900913 0.1)
(0.950606 0.900535 0.1)
(0.750317 0.90072 0.1)
(0.550062 0.902583 0.1)
(0.349516 0.903873 0.1)
(0.149253 0.903961 0.1)
(-0.0493076 0.903854 0.1)
(-0.248577 0.904524 0.1)
(-0.447188 0.905944 0.1)
(-0.646722 0.903645 0.1)
(-0.834299 0.905902 0.1)
(-0.821165 0.685715 0.1)
(-0.133338 0.0382889 0.1)
(-0.624039 0.139502 0.1)
(-0.480581 0.102874 0.1)
(-0.817704 0.18865 0.1)
(-0.0918296 0.0302704 0.1)
(1.87847 0.178238 0.1)
(-0.369786 0.0809575 0.1)
(-0.549967 0.120927 0.1)
(-0.284851 0.0640417 0.1)
(-0.421653 0.0918758 0.1)
(-0.21585 0.05357 0.1)
(3.82795 0.40362 0.1)
(-0.15844 0.0427167 0.1)
(-0.111732 0.0340781 0.1)
(-0.324928 0.0725185 0.1)
(3.81623 0.804928 0.1)
(-0.186324 0.047874 0.1)
(-0.714438 0.162763 0.1)
(-0.0805803 0.0625097 0.1)
(3.80244 0.188269 0.1)
(0.176171 0.051127 0.1)
(0.238711 0.0696511 0.1)
(0.104394 0.0440562 0.1)
(0.149492 0.0485582 0.1)
(0.323784 0.0982615 0.1)
(0.205965 0.0577889 0.1)
(0.436408 0.125377 0.1)
(0.275362 0.0824649 0.1)
(0.588471 0.152009 0.1)
(0.376251 0.111609 0.1)
(0.774379 0.170536 0.1)
(0.504961 0.139472 0.1)
(0.972026 0.176857 0.1)
(0.679215 0.163333 0.1)
(1.17287 0.178348 0.1)
(0.872245 0.174756 0.1)
(1.37427 0.178586 0.1)
(1.07206 0.177933 0.1)
(1.57593 0.17843 0.1)
(1.27332 0.178609 0.1)
(1.77733 0.178415 0.1)
(1.47482 0.178656 0.1)
(1.6766 0.178443 0.1)
(2.18038 0.178489 0.1)
(2.38205 0.178361 0.1)
(2.58387 0.178022 0.1)
(2.78552 0.177842 0.1)
(2.98685 0.177565 0.1)
(3.18596 0.17667 0.1)
(3.38355 0.173165 0.1)
(3.58309 0.171434 0.1)
(3.8187 0.301951 0.1)
(-0.248234 0.0580361 0.1)
(3.30338 0.811891 0.1)
(3.83421 0.596703 0.1)
(3.8296 0.695361 0.1)
(3.59892 0.821664 0.1)
(3.10447 0.811223 0.1)
(-0.805863 0.802449 0.1)
(3.70213 0.819496 0.1)
(3.20408 0.811358 0.1)
(2.90451 0.811245 0.1)
(2.7042 0.811302 0.1)
(2.50403 0.811436 0.1)
(2.30358 0.81179 0.1)
(2.10358 0.811804 0.1)
(1.90326 0.811835 0.1)
(1.70301 0.81191 0.1)
(1.50289 0.811978 0.1)
(1.30271 0.811986 0.1)
(1.10218 0.81153 0.1)
(0.901126 0.810682 0.1)
(0.700247 0.811736 0.1)
(0.499424 0.816346 0.1)
(0.298612 0.818174 0.1)
(0.0981348 0.817595 0.1)
(-0.0977416 0.818224 0.1)
(-0.297166 0.819097 0.1)
(-0.493389 0.823025 0.1)
(-0.693867 0.813621 0.1)
(-0.85096 0.496042 0.1)
(2.07971 0.178483 0.1)
(-0.0644432 0.0747698 0.1)
(-0.0476102 0.0845428 0.1)
(-0.00983808 0.0962858 0.1)
(0.0105732 0.0961865 0.1)
(0.0298128 0.0917747 0.1)
(0.0468527 0.0834085 0.1)
(0.0623193 0.0726494 0.1)
(0.075129 0.059322 0.1)
(0.0859989 0.0435229 0.1)
(0.125187 0.0453811 0.1)
(3.40202 0.813641 0.1)
(-0.827433 0.305927 0.1)
(3.28523 0.17531 0.1)
(-0.0960627 0.04942 0.1)
(-0.834754 0.408748 0.1)
(2.88599 0.177836 0.1)
(3.68662 0.177234 0.1)
(3.83263 0.500981 0.1)
(1.97906 0.178373 0.1)
(2.28141 0.178383 0.1)
(2.48319 0.178092 0.1)
(2.685 0.177802 0.1)
(3.08673 0.177269 0.1)
(3.48253 0.170881 0.1)
(3.50029 0.817479 0.1)
(-0.832199 0.582672 0.1)
(3.00434 0.811318 0.1)
(2.80435 0.81126 0.1)
(2.60398 0.811404 0.1)
(2.40401 0.811497 0.1)
(2.20352 0.81188 0.1)
(2.00339 0.811835 0.1)
(1.80316 0.811837 0.1)
(1.60314 0.811822 0.1)
(1.40281 0.812037 0.1)
(1.20238 0.811943 0.1)
(1.00165 0.811255 0.1)
(0.800556 0.810682 0.1)
(0.600007 0.814164 0.1)
(0.398965 0.817588 0.1)
(0.198123 0.818338 0.1)
(0.0010175 0.816751 0.1)
(-0.197701 0.818744 0.1)
(-0.395698 0.820398 0.1)
(-0.592469 0.821963 0.1)
(-0.0288998 0.092011 0.1)
(3.23188 0.265315 0.1)
(0.146079 0.732929 0.1)
(3.13347 0.2665 0.1)
(2.63251 0.267235 0.1)
(-0.389549 0.132015 0.1)
(0.113853 0.067092 0.1)
(-0.74277 0.609839 0.1)
(1.32284 0.268436 0.1)
(1.12143 0.267928 0.1)
(-0.228847 0.0867306 0.1)
(3.72168 0.269947 0.1)
(0.162086 0.0777938 0.1)
(3.74755 0.459535 0.1)
(-0.142958 0.0624331 0.1)
(2.22906 0.268145 0.1)
(2.35658 0.722066 0.1)
(-0.264065 0.093183 0.1)
(0.537546 0.223653 0.1)
(0.0239574 0.110557 0.1)
(0.920486 0.265201 0.1)
(-0.44236 0.14853 0.1)
(0.0931508 0.0626893 0.1)
(0.460021 0.203134 0.1)
(1.82678 0.267844 0.1)
(1.52439 0.26822 0.1)
(1.72576 0.268059 0.1)
(2.43076 0.267748 0.1)
(2.3296 0.268122 0.1)
(2.53137 0.267571 0.1)
(2.93406 0.267093 0.1)
(1.42334 0.268515 0.1)
(3.45445 0.726157 0.1)
(-0.443531 0.736205 0.1)
(1.62482 0.268218 0.1)
(3.42643 0.258544 0.1)
(2.83337 0.26727 0.1)
(-0.727243 0.715821 0.1)
(3.3298 0.262874 0.1)
(-0.0219739 0.110339 0.1)
(-0.118904 0.0556336 0.1)
(2.85774 0.721407 0.1)
(3.05784 0.72141 0.1)
(2.02757 0.268184 0.1)
(-0.0829878 0.0832375 0.1)
(3.64386 0.74339 0.1)
(3.74093 0.732753 0.1)
(3.15764 0.721354 0.1)
(2.95756 0.721564 0.1)
(3.62133 0.25609 0.1)
(2.65739 0.721463 0.1)
(2.45705 0.721715 0.1)
(3.52256 0.253808 0.1)
(2.15603 0.722415 0.1)
(1.95571 0.72238 0.1)
(1.7554 0.722391 0.1)
(1.55541 0.722346 0.1)
(1.35469 0.722743 0.1)
(1.15425 0.722226 0.1)
(0.952625 0.721063 0.1)
(0.749913 0.720074 0.1)
(-0.633162 0.737201 0.1)
(0.44797 0.731262 0.1)
(0.246989 0.733225 0.1)
(3.0344 0.266837 0.1)
(-0.537295 0.743346 0.1)
(-0.146097 0.733574 0.1)
(-0.0459212 0.732624 0.1)
(-0.346255 0.733232 0.1)
(0.548841 0.728662 0.1)
(3.54957 0.734678 0.1)
(3.25728 0.721371 0.1)
(-0.0639319 0.0942022 0.1)
(-0.0439919 0.103834 0.1)
(2.8402e-05 0.113782 0.1)
(3.35643 0.722124 0.1)
(-0.739171 0.264864 0.1)
(0.820558 0.261485 0.1)
(0.136793 0.0731545 0.1)
(-0.246615 0.733438 0.1)
(0.0788054 0.079059 0.1)
(0.062787 0.0916749 0.1)
(2.12853 0.268148 0.1)
(1.02111 0.26703 0.1)
(1.22238 0.268278 0.1)
(-0.101237 0.07028 0.1)
(-0.747868 0.373841 0.1)
(-0.758206 0.493201 0.1)
(-0.57588 0.197929 0.1)
(-0.652086 0.23119 0.1)
(0.722668 0.254191 0.1)
(-0.301797 0.103449 0.1)
(-0.340881 0.116698 0.1)
(0.187616 0.078562 0.1)
(-0.506927 0.172191 0.1)
(-0.169413 0.0706475 0.1)
(0.0437222 0.102395 0.1)
(0.287157 0.139262 0.1)
(0.24461 0.116281 0.1)
(0.395066 0.181858 0.1)
(0.336528 0.161107 0.1)
(0.627415 0.241963 0.1)
(3.75118 0.550027 0.1)
(1.9272 0.267992 0.1)
(-0.198709 0.0791627 0.1)
(2.05606 0.722309 0.1)
(2.73304 0.26725 0.1)
(3.75401 0.638968 0.1)
(0.0483372 0.731612 0.1)
(2.75734 0.721534 0.1)
(2.55698 0.721684 0.1)
(2.25605 0.722415 0.1)
(1.85576 0.722234 0.1)
(1.65545 0.722308 0.1)
(1.45504 0.722585 0.1)
(1.25452 0.722636 0.1)
(1.05356 0.721769 0.1)
(0.851351 0.720111 0.1)
(0.649355 0.723505 0.1)
(0.347809 0.732095 0.1)
(3.73974 0.366049 0.1)
(0.596914 0.638494 0.1)
(1.50826 0.632446 0.1)
(3.01216 0.63114 0.1)
(2.87995 0.357297 0.1)
(1.67244 0.358484 0.1)
(0.764412 0.34798 0.1)
(3.27678 0.354653 0.1)
(1.47138 0.358801 0.1)
(2.37653 0.35831 0.1)
(1.37047 0.359069 0.1)
(2.61145 0.631114 0.1)
(0.213164 0.0968431 0.1)
(1.10667 0.631938 0.1)
(1.5719 0.358647 0.1)
(0.696558 0.627497 0.1)
(-0.400264 0.189456 0.1)
(0.242943 0.167626 0.1)
(0.0944753 0.651457 0.1)
(1.80894 0.632141 0.1)
(0.664056 0.336134 0.1)
(0.0040988 0.649304 0.1)
(0.566134 0.316847 0.1)
(1.87391 0.358297 0.1)
(0.120683 0.0954972 0.1)
(2.57837 0.357474 0.1)
(-0.240465 0.125416 0.1)
(0.0401376 0.123759 0.1)
(2.81199 0.631027 0.1)
(2.07466 0.358588 0.1)
(2.77978 0.357246 0.1)
(0.967435 0.356538 0.1)
(3.41372 0.63037 0.1)
(3.11239 0.630859 0.1)
(3.66541 0.513028 0.1)
(3.60124 0.658205 0.1)
(-0.0609574 0.115585 0.1)
(-0.194066 0.649732 0.1)
(1.97426 0.358457 0.1)
(2.41092 0.631567 0.1)
(2.91233 0.630963 0.1)
(3.17897 0.356382 0.1)
(0.0980897 0.0869154 0.1)
(1.16927 0.358676 0.1)
(3.65127 0.339606 0.1)
(2.71195 0.630918 0.1)
(0.800718 0.627973 0.1)
(2.00947 0.632174 0.1)
(-0.0136817 0.129642 0.1)
(1.90938 0.632028 0.1)
(2.20964 0.632362 0.1)
(1.60877 0.632085 0.1)
(1.3075 0.632736 0.1)
(1.20723 0.632466 0.1)
(0.0806343 0.100487 0.1)
(0.397048 0.644975 0.1)
(3.07976 0.357084 0.1)
(-0.0939431 0.648579 0.1)
(-0.398503 0.645391 0.1)
(0.495931 0.646441 0.1)
(3.51068 0.640262 0.1)
(-0.66188 0.542904 0.1)
(3.21228 0.630577 0.1)
(0.477574 0.290639 0.1)
(0.0613427 0.112675 0.1)
(2.27591 0.358575 0.1)
(2.10957 0.632273 0.1)
(0.0142965 0.133784 0.1)
(0.866193 0.353739 0.1)
(0.147191 0.105196 0.1)
(-0.295996 0.647701 0.1)
(-0.0827092 0.105147 0.1)
(2.67891 0.357391 0.1)
(1.06877 0.357941 0.1)
(1.27014 0.35893 0.1)
(2.17549 0.358573 0.1)
(3.31249 0.630032 0.1)
(-0.0380066 0.12458 0.1)
(0.193514 0.651032 0.1)
(0.903762 0.62968 0.1)
(0.205328 0.138233 0.1)
(-0.104463 0.0928061 0.1)
(-0.666241 0.438465 0.1)
(3.6817 0.673655 0.1)
(-0.587888 0.290713 0.1)
(-0.150503 0.0898835 0.1)
(-0.664053 0.331339 0.1)
(2.98048 0.357113 0.1)
(0.295726 0.647899 0.1)
(-0.459311 0.216911 0.1)
(1.77348 0.358195 0.1)
(3.46705 0.342293 0.1)
(-0.350466 0.169961 0.1)
(-0.520589 0.251935 0.1)
(2.47769 0.3578 0.1)
(0.405742 0.260526 0.1)
(3.37351 0.350688 0.1)
(2.51123 0.631258 0.1)
(0.289039 0.196677 0.1)
(-0.655365 0.642427 0.1)
(-0.124838 0.0789039 0.1)
(3.67045 0.59602 0.1)
(2.31023 0.632069 0.1)
(3.5581 0.332094 0.1)
(1.70888 0.632058 0.1)
(1.40802 0.632551 0.1)
(1.00564 0.630997 0.1)
(-0.494734 0.653498 0.1)
(-0.275435 0.130248 0.1)
(-0.208323 0.113779 0.1)
(3.66471 0.427277 0.1)
(2.42199 0.449108 0.1)
(2.72412 0.448128 0.1)
(0.958615 0.539352 0.1)
(2.36565 0.540918 0.1)
(1.05996 0.540584 0.1)
(-0.00506251 0.149748 0.1)
(1.71863 0.449359 0.1)
(2.3211 0.449683 0.1)
(0.17913 0.109225 0.1)
(-0.307662 0.149262 0.1)
(-0.0813157 0.12897 0.1)
(3.37058 0.536304 0.1)
(0.448332 0.556802 0.1)
(0.195635 0.182529 0.1)
(3.12414 0.44805 0.1)
(2.92499 0.448112 0.1)
(1.16077 0.541491 0.1)
(2.12015 0.449819 0.1)
(0.632052 0.527102 0.1)
(1.56272 0.541383 0.1)
(1.86377 0.541121 0.1)
(-0.353044 0.224825 0.1)
(1.36181 0.541806 0.1)
(3.58172 0.569373 0.1)
(0.101393 0.111236 0.1)
(0.342552 0.22812 0.1)
(0.160345 0.144895 0.1)
(2.86823 0.539699 0.1)
(2.01976 0.449612 0.1)
(-0.569973 0.587813 0.1)
(1.21568 0.450206 0.1)
(0.141322 0.576331 0.1)
(1.01399 0.44849 0.1)
(-0.239751 0.566336 0.1)
(-0.577721 0.672477 0.1)
(0.597372 0.414729 0.1)
(2.62346 0.448302 0.1)
(3.06809 0.539876 0.1)
(1.61793 0.449693 0.1)
(0.0473588 0.572428 0.1)
(0.0590792 0.135176 0.1)
(0.126326 0.125949 0.1)
(1.41675 0.450257 0.1)
(3.168 0.539487 0.1)
(3.32222 0.444951 0.1)
(3.22345 0.447155 0.1)
(2.52295 0.448513 0.1)
(0.494243 0.383555 0.1)
(1.96418 0.541084 0.1)
(2.66757 0.539686 0.1)
(0.748297 0.533179 0.1)
(1.26129 0.541811 0.1)
(0.240301 0.56957 0.1)
(1.46225 0.541649 0.1)
(0.0805273 0.123021 0.1)
(1.66325 0.541006 0.1)
(2.76789 0.539707 0.1)
(2.16448 0.541465 0.1)
(0.540452 0.568781 0.1)
(0.0374034 0.148218 0.1)
(2.82459 0.448159 0.1)
(1.51742 0.449989 0.1)
(-0.139373 0.567705 0.1)
(3.02474 0.44827 0.1)
(3.48168 0.531104 0.1)
(2.96828 0.539834 0.1)
(1.91942 0.449561 0.1)
(1.76354 0.540987 0.1)
(2.06433 0.541268 0.1)
(-0.178389 0.101915 0.1)
(-0.573257 0.491755 0.1)
(1.11503 0.449669 0.1)
(1.31622 0.45039 0.1)
(2.22055 0.449913 0.1)
(3.26807 0.538599 0.1)
(0.855283 0.536994 0.1)
(0.702086 0.434951 0.1)
(2.46644 0.540272 0.1)
(-0.0307179 0.150927 0.1)
(0.014708 0.161736 0.1)
(0.912092 0.446516 0.1)
(0.408522 0.347413 0.1)
(0.346388 0.557951 0.1)
(-0.305771 0.200953 0.1)
(-0.406926 0.251141 0.1)
(-0.129401 0.105217 0.1)
(-0.514564 0.342351 0.1)
(-0.58469 0.390754 0.1)
(0.235136 0.220843 0.1)
(-0.0419605 0.566871 0.1)
(2.26503 0.541311 0.1)
(1.81914 0.449405 0.1)
(-0.0563194 0.138607 0.1)
(3.41986 0.439499 0.1)
(3.59128 0.400254 0.1)
(3.57984 0.480185 0.1)
(3.51045 0.421963 0.1)
(-0.346383 0.560717 0.1)
(0.808215 0.442761 0.1)
(2.56702 0.539895 0.1)
(-0.2599 0.169852 0.1)
(-0.155083 0.120718 0.1)
(-0.105242 0.118852 0.1)
(-0.46563 0.549497 0.1)
(-0.216396 0.15396 0.1)
(-0.0114777 0.173258 0.1)
(0.1794 0.235278 0.1)
(-0.462213 0.293103 0.1)
(0.287576 0.479896 0.1)
(-0.492333 0.440295 0.1)
(0.281982 0.262357 0.1)
(0.341232 0.304409 0.1)
(-0.183549 0.137422 0.1)
(0.0947772 0.509694 0.1)
(-0.281866 0.485337 0.1)
(-0.0906337 0.493136 0.1)
(0.150467 0.193676 0.1)
(0.00470388 0.490671 0.1)
(-0.303655 0.258014 0.1)
(-0.0770819 0.154399 0.1)
(0.185911 0.500003 0.1)
(0.404751 0.455017 0.1)
(-0.183948 0.491999 0.1)
(0.0614228 0.161602 0.1)
(0.519759 0.480648 0.1)
(-0.054125 0.161823 0.1)
(-0.259486 0.229004 0.1)
(0.0380068 0.176009 0.1)
(-0.353263 0.283508 0.1)
(-0.388874 0.470014 0.1)
(-0.0399866 0.182129 0.1)
(0.217952 0.281014 0.1)
(0.101588 0.13838 0.1)
(-0.130158 0.136244 0.1)
(0.123266 0.160989 0.1)
(-0.103735 0.145515 0.1)
(-0.404118 0.310817 0.1)
(-0.424944 0.380004 0.1)
(-0.134885 0.422614 0.1)
(0.0783852 0.14533 0.1)
(-0.154925 0.156074 0.1)
(0.323657 0.389628 0.1)
(-0.218927 0.200732 0.1)
(0.130317 0.239596 0.1)
(-0.219596 0.417516 0.1)
(-0.315775 0.400715 0.1)
(-0.0713335 0.183325 0.1)
(-0.252835 0.285772 0.1)
(0.0101598 0.190607 0.1)
(0.0912412 0.167801 0.1)
(-0.213499 0.251377 0.1)
(0.0694653 0.194543 0.1)
(-0.054397 0.417918 0.1)
(-0.301338 0.32058 0.1)
(-0.0219587 0.206196 0.1)
(-0.125145 0.16833 0.1)
(0.263417 0.333107 0.1)
(0.0668371 0.44784 0.1)
(0.153114 0.286033 0.1)
(-0.178484 0.22051 0.1)
(-0.0963132 0.172531 0.1)
(0.218908 0.413113 0.1)
(-0.183059 0.177391 0.1)
(0.187107 0.338124 0.1)
(-0.0944227 0.354873 0.1)
(0.108007 0.197826 0.1)
(-0.358384 0.343194 0.1)
(-0.0589129 0.214557 0.1)
(0.0946367 0.284203 0.1)
(0.133759 0.445489 0.1)
(-0.170454 0.2635 0.1)
(0.0349479 0.206548 0.1)
(0.0881925 0.23261 0.1)
(-0.147167 0.194946 0.1)
(-0.196743 0.303513 0.1)
(0.0875629 0.391569 0.1)
(0.14985 0.384895 0.1)
(-0.132766 0.237895 0.1)
(-0.1026 0.205863 0.1)
(0.00433315 0.22556 0.1)
(0.11907 0.334606 0.1)
(0.0211917 0.403341 0.1)
(-0.240996 0.348404 0.1)
(-0.171528 0.358726 0.1)
(-0.0238847 0.34764 0.1)
(-0.0344978 0.248592 0.1)
(-0.127207 0.295019 0.1)
(-0.0868609 0.250554 0.1)
(-0.0687582 0.29787 0.1)
(0.0318813 0.236586 0.1)
(0.0533963 0.341108 0.1)
(0.0582672 0.224383 0.1)
(-0.0235555 0.292163 0.1)
)


// ************************************************************************* //
