/*--------------------------------*- C++ -*----------------------------------*\
  =========                 |
  \\      /  F ield         | OpenFOAM: The Open Source CFD Toolbox
   \\    /   O peration     | Website:  https://openfoam.org
    \\  /    A nd           | Version:  6
     \\/     M anipulation  |
\*---------------------------------------------------------------------------*/
FoamFile
{
    version     2.0;
    format      ascii;
    class       volScalarField;
    location    "0.0001";
    object      alphat;
}
// * * * * * * * * * * * * * * * * * * * * * * * * * * * * * * * * * * * * * //

dimensions      [1 -1 -1 0 0 0 0];

internalField   nonuniform List<scalar> 
3704
(
0.391426
0.391315
0.392849
0.392505
0.392561
0.392712
0.392583
0.392436
0.39244
0.392396
0.392413
0.392395
0.392322
0.392445
0.39259
0.391919
0.39267
0.392365
0.391807
0.391923
0.391471
0.391277
0.391228
0.391328
0.391409
0.391355
0.391808
0.39138
0.392416
0.392714
0.39264
0.392389
0.3925
0.392459
0.392422
0.391792
0.391607
0.391486
0.391413
0.391266
0.391211
0.391252
0.391283
0.391292
0.391287
0.391276
0.391263
0.391248
0.391229
0.392489
0.39143
0.391324
0.392143
0.392693
0.392727
0.39208
0.392708
0.392705
0.392683
0.392669
0.392698
0.392675
0.392682
0.392722
0.392626
0.391929
0.39261
0.391883
0.392117
0.392167
0.391531
0.39129
0.391232
0.391353
0.391452
0.39138
0.391424
0.391402
0.392641
0.392571
0.392647
0.392652
0.392671
0.392725
0.392708
0.392181
0.391825
0.391589
0.391476
0.391284
0.391214
0.39126
0.3913
0.391311
0.391304
0.391291
0.391274
0.391256
0.391233
0.392635
0.391437
0.391335
0.39161
0.392407
0.392329
0.391815
0.392397
0.392568
0.392564
0.392622
0.392617
0.392641
0.392625
0.392607
0.392378
0.392037
0.392235
0.391898
0.392214
0.392163
0.391561
0.391302
0.391237
0.39139
0.391511
0.391408
0.391329
0.391416
0.392238
0.392092
0.392207
0.392321
0.392511
0.392508
0.392611
0.392377
0.392003
0.391704
0.39156
0.391309
0.391219
0.391273
0.391324
0.39134
0.391331
0.391313
0.391291
0.391268
0.391238
0.392269
0.391444
0.391339
0.391393
0.39205
0.391939
0.39173
0.392092
0.39229
0.392347
0.392438
0.392388
0.392469
0.392429
0.392367
0.392187
0.392027
0.392009
0.39194
0.392077
0.391997
0.391547
0.391307
0.39124
0.39142
0.391556
0.391422
0.391301
0.391412
0.391787
0.391826
0.391911
0.391948
0.392224
0.392143
0.392369
0.392305
0.392026
0.391764
0.391618
0.391327
0.391223
0.391283
0.391346
0.391365
0.391354
0.391332
0.391306
0.391279
0.391243
0.391825
0.391449
0.391336
0.391316
0.391828
0.391737
0.39169
0.391913
0.392076
0.392177
0.392269
0.392196
0.392309
0.392262
0.392179
0.392061
0.391953
0.391899
0.391926
0.391919
0.391857
0.391517
0.391304
0.391241
0.391431
0.391568
0.391419
0.391289
0.391396
0.391541
0.391719
0.391786
0.391731
0.392007
0.391892
0.392175
0.392165
0.391964
0.391764
0.391633
0.391333
0.391224
0.391287
0.391354
0.391375
0.391363
0.39134
0.391311
0.391283
0.391245
0.391562
0.00108787
0.00408554
0.0007197
0.00205523
0.00344289
0.00920896
0.0130867
0.0195358
0.0211747
0.0398348
0.0404092
0.0475367
0.0571329
0.0676886
0.0627059
0.0286631
0.0189648
0.00153291
0.00438174
0.00455744
0.0206063
0.0351392
0.0556574
0.0936274
0.156154
0.167796
0.188087
0.238975
0.25864
0.265474
0.127965
0.024674
0.00326062
0.00845227
0.0309074
0.0377684
0.0721419
0.0874747
0.152673
0.235299
0.271764
0.285628
0.297155
0.280535
0.299233
0.236928
0.0321696
0.00974781
0.0339073
0.0502288
0.0555651
0.0975626
0.125801
0.193539
0.279446
0.336974
0.33606
0.308272
0.30774
0.301868
0.33499
0.0326883
0.0192252
0.0556351
0.0669268
0.0752337
0.119242
0.154718
0.210139
0.25981
0.308098
0.331805
0.322531
0.367917
0.37451
0.0578989
0.0653428
0.0620716
0.0566205
0.0457429
0.0327646
0.021053
0.0236
0.0128442
0.00935428
0.00307147
0.00267018
0.000406312
0.00134553
0.000456164
0.25197
0.255886
0.241432
0.234707
0.181351
0.127244
0.083754
0.0599925
0.0342968
0.02145
0.00446894
0.00514465
0.000861347
0.00367015
0.00589621
0.302471
0.2926
0.284872
0.298158
0.267333
0.222861
0.150075
0.0897031
0.0731445
0.0392862
0.031148
0.00999098
0.00160907
0.0086859
0.0235984
0.329975
0.308582
0.299983
0.317334
0.319029
0.265032
0.194941
0.127427
0.097244
0.0553252
0.0505559
0.0301141
0.00774105
0.0151258
0.0499332
0.403218
0.366201
0.356598
0.32011
0.305015
0.241345
0.203615
0.150322
0.118539
0.0754419
0.0633434
0.0467964
0.0201788
0.0233924
0.0424788
0.392472
0.392121
0.391249
0.391263
0.391277
0.391289
0.391295
0.391291
0.391262
0.39121
0.391262
0.391392
0.391418
0.391496
0.39156
0.391725
0.392847
0.391654
0.391333
0.391301
0.391796
0.39157
0.392072
0.392131
0.391885
0.391721
0.391893
0.392814
0.392604
0.392077
0.392468
0.39148
0.391511
0.392645
0.392457
0.391806
0.392633
0.392547
0.392391
0.392413
0.392253
0.391635
0.391609
0.392428
0.392065
0.392145
0.391764
0.391494
0.391311
0.391393
0.392634
0.391533
0.391256
0.391274
0.391292
0.391307
0.391314
0.39131
0.391275
0.391212
0.391273
0.391427
0.391471
0.391591
0.391707
0.391803
0.39223
0.391721
0.391351
0.391319
0.391601
0.391742
0.392372
0.392329
0.39227
0.39199
0.392079
0.392437
0.392699
0.392499
0.392581
0.391543
0.391619
0.392697
0.392694
0.39214
0.392591
0.392734
0.392665
0.392642
0.392219
0.391741
0.391709
0.392408
0.392503
0.392239
0.391992
0.391556
0.391321
0.391393
0.392335
0.391307
0.391269
0.391291
0.391315
0.391335
0.391345
0.391339
0.391294
0.391215
0.391288
0.391475
0.391535
0.391672
0.391828
0.391791
0.391717
0.39168
0.39137
0.391336
0.391641
0.391881
0.392249
0.392274
0.39241
0.392209
0.392081
0.391815
0.392243
0.392349
0.392148
0.391578
0.391713
0.392284
0.392522
0.392343
0.392356
0.392475
0.392631
0.392582
0.392219
0.391796
0.391712
0.392182
0.392529
0.392314
0.392109
0.391608
0.391334
0.391395
0.391931
0.391255
0.391279
0.391306
0.391334
0.391359
0.391371
0.391364
0.39131
0.391217
0.391299
0.391509
0.391572
0.391678
0.39184
0.391761
0.391556
0.391587
0.391377
0.391337
0.391626
0.39191
0.391988
0.392116
0.392326
0.392258
0.391997
0.391528
0.391864
0.391998
0.391743
0.39156
0.391765
0.391948
0.392206
0.392323
0.392225
0.392202
0.392457
0.392395
0.392154
0.391759
0.391622
0.391921
0.392342
0.392256
0.392052
0.391616
0.391339
0.391397
0.391671
0.391247
0.391283
0.391312
0.391342
0.391369
0.391381
0.391374
0.391316
0.391217
0.391302
0.391516
0.391575
0.39164
0.391792
0.391733
0.39151
0.391512
0.391371
0.391329
0.391582
0.391871
0.391812
0.39198
0.392202
0.392208
0.39192
0.391439
0.391686
0.391767
0.391544
0.391524
0.391769
0.39178
0.391976
0.39222
0.39214
0.392035
0.392291
0.392225
0.392047
0.391695
0.391537
0.391771
0.39217
0.39215
0.39195
0.391595
0.391337
0.391401
0.391546
0.39159
0.391576
0.391586
0.391574
0.391544
0.391228
0.391201
0.391201
0.391201
0.391203
0.391204
0.391203
0.391201
0.391201
0.391201
0.391197
0.391199
0.391198
0.391197
0.391201
0.391199
0.391199
0.391202
0.3912
0.391197
0.391197
0.391199
0.391199
0.391198
0.391197
0.391196
0.391196
0.391196
0.391196
0.391196
0.391196
0.391196
0.391196
0.391196
0.391196
0.391196
0.391196
0.391196
0.391196
0.391196
0.391196
0.391196
0.391196
0.391196
0.391196
0.391196
0.391196
0.391196
0.391196
0.390981
0.362695
0.145777
0.153552
0.230726
0.0727236
0.391196
0.0349858
0.0683493
0.0946916
0.121644
0.163534
0.207672
0.22724
0.267492
0.268218
0.236555
0.152158
0.175722
0.242281
0.309779
0.391278
0.391196
0.391196
0.391196
0.391196
0.391196
0.391196
0.391227
0.3913
0.391196
0.391196
0.213332
0.391352
0.391569
0.391347
0.391582
0.391352
0.391357
0.391583
0.391589
0.391198
0.391201
0.391201
0.391202
0.391203
0.391204
0.391202
0.391201
0.3912
0.391198
0.391196
0.3912
0.391196
0.391197
0.391201
0.391201
0.391203
0.3912
0.3912
0.391196
0.391198
0.391199
0.391198
0.391197
0.391197
0.391196
0.391196
0.391196
0.391197
0.391196
0.391196
0.391196
0.252001
0.391196
0.391196
0.391196
0.391196
0.391196
0.391196
0.391196
0.391196
0.391196
0.391196
0.391196
0.391196
0.391196
0.391196
0.391196
0.391196
0.391196
0.391196
0.391187
0.387918
0.263621
0.136743
0.109336
0.0313659
0.0348338
0.0646552
0.121965
0.152948
0.180563
0.221736
0.231144
0.271414
0.181504
0.128406
0.287615
0.392576
0.3912
0.391196
0.391196
0.391196
0.391196
0.391196
0.391196
0.391196
0.391198
0.391301
0.391352
0.391357
0.391354
0.391197
0.391197
0.391197
0.391197
0.391198
0.391197
0.391197
0.391197
0.391197
0.391196
0.391197
0.391196
0.391196
0.391197
0.391196
0.391196
0.391197
0.391197
0.391196
0.391196
0.391197
0.391197
0.391196
0.391196
0.391196
0.391196
0.391196
0.391196
0.391196
0.391196
0.391196
0.391196
0.391196
0.391196
0.391196
0.391196
0.391196
0.391196
0.391196
0.391196
0.391196
0.391196
0.391196
0.391194
0.390348
0.330783
0.126407
0.391196
0.390953
0.391213
0.391196
0.391196
0.391196
0.391196
0.391196
0.391196
0.391198
0.391197
0.391197
0.391197
0.391197
0.391196
0.391196
0.391197
0.391196
0.391196
0.391197
0.391197
0.391198
0.391197
0.391197
0.391196
0.391197
0.391197
0.391197
0.391196
0.391196
0.391196
0.391196
0.391196
0.391196
0.391196
0.391196
0.391196
0.391196
0.391196
0.391196
0.391196
0.391196
0.391196
0.391196
0.391196
0.391151
0.381247
0.154635
0.117719
0.391196
0.391197
0.391204
0.391196
0.391196
0.391196
0.391196
0.391204
0.391196
0.391196
0.391197
0.391448
0.391196
0.391245
0.391243
0.391295
0.391251
0.391196
0.391196
0.391196
0.391196
0.391196
0.391196
0.391196
0.391196
0.391196
0.391196
0.391196
0.391196
0.391196
0.391196
0.391196
0.391196
0.391196
0.391196
0.391196
0.391196
0.391196
0.391196
0.391196
0.391196
0.391196
0.391196
0.391196
0.391196
0.391196
0.391196
0.391196
0.391196
0.391196
0.391196
0.391196
0.391196
0.391196
0.391196
0.391196
0.391196
0.391196
0.352446
0.391203
0.391196
0.391196
0.391196
0.391196
0.391196
0.391196
0.391196
0.391196
0.391196
0.391196
0.391196
0.391196
0.391196
0.391196
0.391196
0.391196
0.391196
0.391196
0.391196
0.391159
0.382412
0.33626
0.148439
0.0472049
0.391196
0.391196
0.0873507
0.0495182
0.391585
0.0622133
0.0735549
0.0732892
0.391196
0.391212
0.391196
0.391196
0.391196
0.391418
0.39126
0.391196
0.391196
0.391196
0.391196
0.391196
0.391197
0.391196
0.391196
0.391196
0.391196
0.391196
0.391196
0.391196
0.391196
0.391299
0.110764
0.127515
0.134339
0.231701
0.244761
0.234548
0.291497
0.326118
0.374752
0.394326
0.391196
0.391196
0.391248
0.391213
0.39121
0.391196
0.391196
0.391223
0.391196
0.391196
0.0592835
0.0919307
0.0609952
0.391224
0.391196
0.391196
0.391251
0.391213
0.392205
0.391196
0.391196
0.391196
0.391196
0.391196
0.391196
0.391196
0.391196
0.391202
0.391196
0.391196
0.391196
0.391196
0.391196
0.391196
0.391196
0.391196
0.391196
0.391196
0.391196
0.391196
0.391196
0.391196
0.391196
0.391196
0.391196
0.391196
0.391196
0.119048
0.391196
0.391196
0.391196
0.391196
0.391196
0.391196
0.391196
0.391196
0.391196
0.391197
0.391196
0.391196
0.391196
0.391196
0.391196
0.391196
0.391196
0.391196
0.391196
0.391196
0.391196
0.391196
0.391196
0.391196
0.391196
0.391196
0.391196
0.391196
0.391195
0.390475
0.370053
0.158188
0.391196
0.391196
0.100349
0.391243
0.391197
0.3912
0.391196
0.391196
0.391248
0.391211
0.391212
0.391196
0.391196
0.391196
0.391196
0.39121
0.391196
0.124976
0.111862
0.222877
0.279814
0.246693
0.324585
0.282142
0.391196
0.388804
0.39119
0.391196
0.391196
0.290173
0.391196
0.391196
0.28289
0.391043
0.391196
0.391196
0.391196
0.391196
0.391196
0.391196
0.391196
0.391196
0.391196
0.391196
0.391196
0.391196
0.391196
0.391196
0.391196
0.391196
0.391196
0.391196
0.391196
0.391196
0.391196
0.391196
0.391196
0.391196
0.391196
0.391196
0.391196
0.391196
0.391196
0.391196
0.391196
0.391196
0.391196
0.391196
0.391196
0.391196
0.391196
0.391196
0.391196
0.391196
0.391196
0.391196
0.391196
0.391196
0.391196
0.391196
0.391196
0.154674
0.391196
0.391196
0.391196
0.391196
0.391196
0.391196
0.391196
0.391199
0.391196
0.391196
0.391196
0.391196
0.391196
0.391196
0.391196
0.391196
0.391196
0.391196
0.391196
0.391196
0.391196
0.391196
0.391196
0.391196
0.391196
0.0830575
0.391196
0.391196
0.391196
0.391196
0.391196
0.391196
0.391196
0.391196
0.391196
0.391196
0.395069
0.391196
0.390038
0.391196
0.391196
0.0890011
0.391196
0.391196
0.391196
0.391196
0.391196
0.391196
0.391196
0.391196
0.391196
0.391196
0.391196
0.391196
0.391196
0.391196
0.391196
0.391196
0.391196
0.391196
0.391196
0.391196
0.391196
0.391196
0.391196
0.391196
0.391196
0.391196
0.391196
0.391196
0.391196
0.391196
0.391196
0.391196
0.391196
0.391196
0.391196
0.391196
0.17267
0.391196
0.391196
0.391196
0.391196
0.391196
0.391196
0.391194
0.391196
0.391196
0.391196
0.391196
0.391196
0.391196
0.107896
0.391196
0.391196
0.391196
0.3912
0.391196
0.39125
0.391196
0.104122
0.391196
0.391196
0.391196
0.391196
0.391196
0.391196
0.391196
0.391196
0.391196
0.391196
0.391196
0.39206
0.394283
0.391393
0.391196
0.32649
0.102549
0.396527
0.391196
0.391196
0.391196
0.391196
0.391196
0.391196
0.391196
0.391196
0.391196
0.391196
0.391196
0.394054
0.392887
0.401843
0.398941
0.391196
0.391196
0.391196
0.391196
0.391196
0.391196
0.391196
0.391138
0.391187
0.390975
0.391196
0.391196
0.295965
0.211819
0.3912
0.396666
0.391196
0.391196
0.3912
0.395615
0.391196
0.391196
0.3912
0.391197
0.391197
0.391196
0.391196
0.391196
0.391196
0.391196
0.391196
0.391196
0.391196
0.391196
0.391197
0.391196
0.0967692
0.391196
0.391196
0.391196
0.391196
0.391196
0.391196
0.391196
0.391196
0.391196
0.391196
0.391196
0.391196
0.391196
0.391196
0.391196
0.391196
0.391196
0.391196
0.391196
0.391196
0.391196
0.391196
0.391196
0.391196
0.391196
0.391196
0.391196
0.183057
0.391196
0.391196
0.391196
0.391196
0.391196
0.377156
0.391196
0.391196
0.357276
0.084737
0.0826879
0.391196
0.391196
0.391196
0.092225
0.103733
0.0989685
0.115529
0.391199
0.391209
0.34966
0.391196
0.39805
0.395345
0.394037
0.391196
0.391196
0.391196
0.391196
0.391196
0.391196
0.391196
0.391196
0.391196
0.391196
0.387826
0.391196
0.391196
0.391196
0.391196
0.391196
0.391196
0.391196
0.391196
0.391196
0.391196
0.393012
0.391196
0.391196
0.391196
0.391196
0.391196
0.391196
0.391196
0.391196
0.391197
0.391196
0.391196
0.391196
0.391196
0.391196
0.391196
0.391196
0.391196
0.391196
0.391196
0.391196
0.391196
0.391196
0.391197
0.391196
0.391196
0.391196
0.391196
0.391196
0.391196
0.391196
0.391196
0.391196
0.391196
0.38934
0.391196
0.391196
0.391196
0.391196
0.391196
0.391196
0.391196
0.391196
0.391196
0.391196
0.391196
0.391196
0.391196
0.391196
0.391196
0.391196
0.391196
0.130394
0.391196
0.391196
0.391196
0.391196
0.391196
0.391196
0.391196
0.391196
0.391196
0.391196
0.391196
0.250824
0.391196
0.391196
0.391196
0.391196
0.391196
0.391196
0.391196
0.391196
0.391196
0.391196
0.391196
0.391196
0.391196
0.391196
0.391196
0.158412
0.391196
0.391196
0.391196
0.391196
0.3912
0.391197
0.391197
0.391196
0.391196
0.391196
0.391196
0.391196
0.391196
0.391196
0.391196
0.391196
0.391196
0.391196
0.395773
0.391196
0.391196
0.391196
0.391196
0.391196
0.391196
0.391196
0.391196
0.391196
0.391196
0.258173
0.391196
0.391196
0.391196
0.391196
0.391208
0.391199
0.391196
0.391196
0.391196
0.391196
0.391196
0.391196
0.335667
0.391196
0.391196
0.391196
0.391196
0.38522
0.391196
0.391196
0.391196
0.391196
0.391196
0.391196
0.391194
0.391196
0.391196
0.392549
0.391196
0.391196
0.391196
0.391196
0.391196
0.391196
0.391196
0.391196
0.391196
0.273884
0.391196
0.391196
0.212384
0.391196
0.391196
0.391243
0.391196
0.391196
0.391196
0.391196
0.392493
0.179331
0.176565
0.391196
0.391196
0.391196
0.391196
0.391196
0.391196
0.391196
0.39195
0.392365
0.391196
0.394901
0.39383
0.391196
0.391196
0.391196
0.391196
0.391196
0.391196
0.131357
0.391196
0.391196
0.391196
0.391196
0.391196
0.391196
0.391196
0.391196
0.391196
0.391196
0.391196
0.391196
0.391196
0.391196
0.391196
0.391196
0.391196
0.39569
0.391196
0.391196
0.391196
0.391196
0.391196
0.395447
0.391116
0.391186
0.390914
0.391196
0.391196
0.391196
0.391196
0.391196
0.391196
0.391196
0.391196
0.391196
0.391822
0.391196
0.391196
0.391196
0.391196
0.391196
0.391196
0.391196
0.391196
0.391196
0.391196
0.391196
0.391196
0.391196
0.391196
0.391196
0.39314
0.391347
0.391233
0.391196
0.391196
0.391196
0.391196
0.391196
0.391196
0.391196
0.391196
0.385321
0.391196
0.391196
0.391196
0.296869
0.391196
0.391196
0.391196
0.391196
0.391196
0.391196
0.391196
0.391409
0.391196
0.391196
0.391196
0.391196
0.311398
0.391196
0.391196
0.391196
0.391196
0.391196
0.391196
0.391196
0.391196
0.391196
0.391196
0.391196
0.391196
0.391196
0.391196
0.391196
0.166152
0.26029
0.132022
0.391196
0.391196
0.391196
0.391196
0.391196
0.391196
0.391196
0.391196
0.391196
0.391196
0.351612
0.391393
0.391285
0.391196
0.391435
0.391196
0.391196
0.391196
0.391196
0.39335
0.391196
0.391196
0.391196
0.391196
0.391196
0.391196
0.391196
0.391196
0.391196
0.391196
0.391196
0.391196
0.391196
0.391196
0.391196
0.391196
0.391196
0.391196
0.391196
0.391196
0.391196
0.391196
0.391196
0.391196
0.391196
0.391196
0.391196
0.391196
0.391196
0.391196
0.391196
0.391196
0.391196
0.391196
0.391196
0.391196
0.391196
0.391519
0.391196
0.391196
0.391196
0.391196
0.391196
0.391196
0.391196
0.391196
0.391196
0.391196
0.391196
0.391196
0.391196
0.391196
0.391196
0.391196
0.391196
0.391196
0.391196
0.391534
0.391196
0.391196
0.391196
0.391196
0.391196
0.391196
0.391196
0.391196
0.39131
0.391196
0.391196
0.391205
0.391198
0.391196
0.391196
0.391196
0.391196
0.365701
0.391196
0.391196
0.391196
0.391196
0.391196
0.391196
0.391196
0.391196
0.391196
0.391196
0.391196
0.391196
0.391196
0.391196
0.390564
0.391196
0.391196
0.391196
0.391379
0.39164
0.391196
0.391196
0.391196
0.391196
0.395998
0.393086
0.391353
0.391196
0.391196
0.391196
0.391192
0.391196
0.161582
0.391196
0.391196
0.391196
0.391196
0.391196
0.391196
0.391196
0.391196
0.391196
0.226112
0.391196
0.391025
0.391196
0.391196
0.391196
0.391196
0.391196
0.391196
0.391196
0.391196
0.391196
0.391196
0.372955
0.357666
0.391196
0.391196
0.391196
0.391196
0.391196
0.391196
0.391196
0.391196
0.391196
0.391224
0.391196
0.391196
0.391196
0.391196
0.391196
0.391196
0.391196
0.391196
0.391196
0.391196
0.391196
0.391196
0.391965
0.391196
0.391196
0.391196
0.391215
0.391203
0.391196
0.391196
0.391196
0.391196
0.391196
0.391196
0.391196
0.391196
0.391196
0.391196
0.391196
0.391196
0.391057
0.391196
0.391196
0.391196
0.391196
0.391196
0.391196
0.391196
0.391196
0.391196
0.391196
0.391196
0.391196
0.391196
0.391196
0.391221
0.391207
0.391196
0.391196
0.391196
0.391196
0.391196
0.391196
0.39159
0.391196
0.391196
0.391196
0.391196
0.391196
0.391196
0.391196
0.391196
0.390727
0.391517
0.391196
0.391196
0.391196
0.391196
0.391196
0.391196
0.391196
0.391196
0.391196
0.391196
0.391244
0.391227
0.391196
0.391196
0.391196
0.391196
0.391196
0.391196
0.391196
0.391196
0.391196
0.391196
0.39118
0.385452
0.391196
0.391196
0.391196
0.391196
0.391196
0.391196
0.391196
0.391196
0.391206
0.391205
0.391196
0.391258
0.391196
0.391196
0.391196
0.391196
0.391196
0.391196
0.391196
0.391196
0.391196
0.391196
0.391196
0.391196
0.391196
0.391209
0.391196
0.391196
0.391196
0.391196
0.391196
0.391196
0.391196
0.391196
0.39104
0.391551
0.391196
0.391196
0.391196
0.391213
0.391196
0.391196
0.391196
0.39119
0.391166
0.391196
0.391197
0.391196
0.391196
0.391196
0.391196
0.391196
0.391196
0.391196
0.391198
0.391548
0.391196
0.391198
0.391197
0.391197
0.39192
0.391204
0.391196
0.391196
0.391244
0.391203
0.391255
0.391198
0.391196
0.391196
0.391212
0.391207
0.391196
0.391196
0.391196
0.391196
0.391196
0.391196
0.391196
0.391196
0.391196
0.391196
0.391196
0.391196
0.391197
0.391197
0.391196
0.391197
0.391197
0.391196
0.391196
0.391196
0.391196
0.391196
0.391196
0.391196
0.391196
0.391196
0.391196
0.391196
0.391196
0.391196
0.391198
0.391196
0.391196
0.391196
0.391196
0.391196
0.391196
0.391196
0.391196
0.391196
0.391196
0.391196
0.391196
0.391196
0.391196
0.391196
0.391196
0.391196
0.391197
0.391196
0.391196
0.391196
0.391196
0.391196
0.391196
0.391196
0.391196
0.391196
0.391196
0.391196
0.391196
0.391196
0.391196
0.391196
0.391196
0.391196
0.391196
0.391196
0.391196
0.391196
0.391196
0.391196
0.391196
0.391196
0.391196
0.391196
0.391196
0.391196
0.391196
0.391196
0.391196
0.391196
0.391196
0.391196
0.391196
0.391196
0.391196
0.391196
0.391196
0.391196
0.391196
0.391196
0.391196
0.391196
0.391196
0.391196
0.391196
0.391196
0.391196
0.391196
0.391196
0.391196
0.391196
0.391196
0.391196
0.391196
0.391196
0.391539
0.391571
0.391575
0.391603
0.391571
0.391546
0.391227
0.391196
0.391196
0.391196
0.391196
0.391196
0.391196
0.391289
0.262131
0.282885
0.27394
0.302698
0.207073
0.265391
0.258603
0.211615
0.190956
0.143062
0.115749
0.0879072
0.0566805
0.0369498
0.0340793
0.0747
0.0416251
0.054519
0.137587
0.303976
0.36902
0.391189
0.391196
0.391196
0.391196
0.391196
0.391196
0.391196
0.391196
0.391196
0.391196
0.391196
0.391196
0.391196
0.391196
0.391196
0.391196
0.391196
0.391196
0.391196
0.391196
0.391196
0.391196
0.391196
0.391196
0.391197
0.391197
0.391198
0.391199
0.391199
0.391196
0.391199
0.391198
0.391201
0.391198
0.391197
0.3912
0.3912
0.391204
0.391198
0.391199
0.391198
0.3912
0.391204
0.391203
0.391202
0.3912
0.3912
0.391203
0.3912
0.391332
0.391301
0.190134
0.391196
0.391196
0.39134
0.391559
0.391342
0.3916
0.391583
0.391365
0.391351
0.391591
0.391204
0.391198
0.247457
0.391196
0.391196
0.391196
0.391196
0.391196
0.391196
0.391201
0.392487
0.391196
0.494745
0.451933
0.156191
0.273942
0.222366
0.205779
0.167303
0.136936
0.112762
0.0800866
0.0603823
0.0288318
0.0763589
0.212244
0.329388
0.390942
0.391196
0.391196
0.391196
0.391196
0.391196
0.391196
0.391196
0.391196
0.391196
0.391196
0.391196
0.391196
0.391196
0.391196
0.391196
0.391196
0.391196
0.391196
0.391196
0.391196
0.391196
0.391196
0.391196
0.39136
0.391196
0.391196
0.391197
0.391197
0.391199
0.391199
0.391198
0.391197
0.3912
0.391199
0.391198
0.391197
0.391198
0.391199
0.391202
0.391202
0.391199
0.391198
0.391201
0.3912
0.391204
0.391203
0.391201
0.391198
0.391203
0.391201
0.391212
0.396388
0.391196
0.391353
0.391196
0.391196
0.391196
0.391196
0.391196
0.391197
0.391479
0.129997
0.14881
0.389175
0.391195
0.391196
0.391196
0.391196
0.391196
0.391196
0.391196
0.391196
0.391196
0.391196
0.391196
0.391196
0.391196
0.391196
0.391196
0.391196
0.391196
0.391196
0.391196
0.391196
0.391196
0.391197
0.391197
0.391196
0.391196
0.391197
0.391196
0.391196
0.391196
0.391196
0.391196
0.391197
0.391197
0.391197
0.391196
0.391197
0.391197
0.391198
0.391197
0.391197
0.391196
0.391197
0.391197
0.3912
0.391196
0.391196
0.391196
0.391196
0.391196
0.391196
0.391196
0.391196
0.391196
0.391196
0.391196
0.391196
0.391196
0.391197
0.391196
0.391197
0.391196
0.391196
0.391196
0.391197
0.391197
0.391196
0.391196
0.391196
0.391197
0.391197
0.391197
0.391197
0.391197
0.391197
0.391197
0.391197
0.391373
0.391218
0.391196
0.391196
0.391196
0.391196
0.391196
0.391196
0.391196
0.391196
0.391196
0.391196
0.391196
0.391196
0.391156
0.345657
0.265676
0.0893067
0.322188
0.391196
0.391197
0.391197
0.391243
0.391217
0.391196
0.391196
0.391203
0.331375
0.391196
0.391196
0.391196
0.391196
0.391196
0.391196
0.391196
0.391196
0.391196
0.391196
0.391197
0.391203
0.355328
0.391536
0.391196
0.391196
0.391196
0.0370561
0.391196
0.391196
0.391196
0.391196
0.391196
0.391198
0.391196
0.333309
0.391196
0.282326
0.390819
0.0964014
0.248148
0.27458
0.391196
0.38142
0.357505
0.389756
0.391196
0.391182
0.391131
0.391194
0.391196
0.391196
0.391196
0.391196
0.391196
0.391196
0.391196
0.391196
0.391196
0.391196
0.391196
0.391196
0.391196
0.391196
0.391196
0.391196
0.391196
0.391196
0.391196
0.391196
0.391196
0.391196
0.391196
0.391196
0.391196
0.391196
0.391196
0.391196
0.391196
0.391196
0.391196
0.391196
0.391196
0.391196
0.391196
0.391196
0.391196
0.391196
0.391196
0.391196
0.391196
0.391196
0.391196
0.391196
0.391196
0.391196
0.391196
0.391196
0.391237
0.391208
0.391196
0.391196
0.391196
0.391196
0.391196
0.391196
0.391196
0.391196
0.391196
0.391196
0.391196
0.391196
0.391196
0.391196
0.391196
0.391196
0.391196
0.391196
0.391196
0.391196
0.391196
0.391196
0.391196
0.391264
0.391196
0.391196
0.391247
0.392576
0.391299
0.341107
0.268053
0.230782
0.140558
0.130244
0.106023
0.0787174
0.0646223
0.0447495
0.0622369
0.0524435
0.161942
0.205517
0.391196
0.391196
0.391224
0.391196
0.391209
0.391196
0.391247
0.391196
0.391196
0.403309
0.406686
0.391253
0.391217
0.391213
0.142595
0.391196
0.391196
0.391196
0.391196
0.391196
0.391196
0.393325
0.391196
0.391196
0.391199
0.391196
0.391196
0.391196
0.391311
0.38176
0.391196
0.391196
0.391196
0.0768356
0.391196
0.391196
0.391196
0.391196
0.391196
0.391196
0.391196
0.391196
0.391196
0.391196
0.391196
0.391196
0.391196
0.391196
0.391251
0.391196
0.391211
0.391196
0.391196
0.391196
0.391196
0.391196
0.391196
0.391196
0.391196
0.391196
0.391196
0.391196
0.391196
0.391196
0.391196
0.391196
0.391196
0.391196
0.391196
0.391196
0.391196
0.391216
0.391196
0.135305
0.219931
0.27571
0.255472
0.332631
0.391243
0.39121
0.279231
0.123458
0.086921
0.0785201
0.391196
0.391196
0.391196
0.391196
0.391196
0.391196
0.391196
0.391196
0.391196
0.391196
0.391196
0.391196
0.391196
0.391196
0.391196
0.391196
0.391196
0.391196
0.391196
0.391196
0.391196
0.391196
0.391196
0.391196
0.391196
0.391196
0.391196
0.391196
0.391196
0.391196
0.391196
0.391196
0.391196
0.391196
0.391196
0.391196
0.391196
0.391196
0.391196
0.391196
0.391196
0.391196
0.391196
0.391196
0.391196
0.391196
0.391196
0.391196
0.391196
0.391196
0.391196
0.391196
0.391196
0.391196
0.391196
0.391196
0.391196
0.191635
0.3912
0.391196
0.391196
0.391196
0.391196
0.391196
0.337407
0.391196
0.391203
0.391196
0.391196
0.391196
0.391196
0.106425
0.391196
0.391196
0.391196
0.09546
0.0924395
0.135228
0.391196
0.391196
0.391196
0.391196
0.391196
0.391196
0.391196
0.391196
0.391196
0.391196
0.391196
0.391196
0.391196
0.391196
0.391196
0.391196
0.391196
0.391196
0.391196
0.391196
0.391199
0.391196
0.391197
0.391196
0.391196
0.394493
0.388903
0.39134
0.39122
0.391756
0.391196
0.391196
0.391196
0.398723
0.391196
0.391196
0.391196
0.391196
0.391196
0.391196
0.391196
0.391196
0.391196
0.391196
0.391196
0.391196
0.391196
0.391196
0.391196
0.391196
0.391196
0.391196
0.391196
0.391196
0.391196
0.391196
0.391196
0.391196
0.391196
0.391196
0.391196
0.391196
0.391196
0.391196
0.391196
0.391196
0.391196
0.391196
0.391196
0.391196
0.391196
0.391196
0.391196
0.391196
0.391196
0.391196
0.391196
0.391196
0.391196
0.395947
0.39559
0.397721
0.333738
0.391196
0.391196
0.391199
0.391197
0.391196
0.391196
0.228148
0.284712
0.391196
0.391196
0.0758809
0.081794
0.391196
0.391196
0.391196
0.391196
0.391196
0.391196
0.391196
0.394075
0.391598
0.393711
0.3912
0.391197
0.391201
0.391197
0.391196
0.0946492
0.395734
0.391196
0.391196
0.391196
0.391196
0.391196
0.391196
0.391196
0.391196
0.391196
0.391196
0.391196
0.391196
0.391196
0.391196
0.377343
0.385061
0.391196
0.391196
0.391196
0.391196
0.391196
0.391196
0.391197
0.391196
0.11094
0.109703
0.391196
0.391196
0.39118
0.391194
0.391196
0.391196
0.391196
0.391196
0.391196
0.35032
0.391196
0.22706
0.391196
0.391196
0.391196
0.391201
0.391197
0.391196
0.391196
0.391196
0.391196
0.391196
0.391196
0.391196
0.391196
0.391196
0.398257
0.391196
0.391196
0.391196
0.391196
0.391196
0.391196
0.391196
0.391196
0.391196
0.391196
0.391196
0.391196
0.391196
0.391196
0.391196
0.391196
0.391196
0.391196
0.391196
0.391196
0.391196
0.391196
0.391196
0.0772456
0.391196
0.391196
0.391196
0.391196
0.391196
0.391196
0.39661
0.0946761
0.391196
0.391196
0.391196
0.391196
0.391196
0.391196
0.391196
0.391196
0.391196
0.391196
0.391196
0.391196
0.391196
0.391196
0.391196
0.391196
0.391196
0.391196
0.391196
0.391196
0.391196
0.391196
0.391196
0.391196
0.391196
0.391196
0.391196
0.391196
0.391196
0.391196
0.391196
0.391196
0.391196
0.391196
0.390781
0.391196
0.391196
0.391196
0.391196
0.391196
0.391196
0.391195
0.391196
0.391196
0.391132
0.391196
0.391196
0.391196
0.391196
0.391196
0.276979
0.391196
0.391196
0.128433
0.391196
0.391196
0.391196
0.391196
0.391196
0.391196
0.391196
0.391196
0.391196
0.391196
0.392886
0.391196
0.391196
0.391196
0.391196
0.391196
0.391196
0.391196
0.391196
0.123018
0.153795
0.391196
0.391196
0.391196
0.391196
0.391196
0.391196
0.391196
0.391196
0.396121
0.391196
0.391196
0.391196
0.391196
0.391196
0.391196
0.391196
0.391196
0.107678
0.391196
0.391196
0.391196
0.391196
0.391196
0.391196
0.391196
0.391196
0.391196
0.391196
0.391196
0.391196
0.391196
0.391196
0.107366
0.391196
0.391196
0.391196
0.391196
0.399708
0.391196
0.391196
0.391196
0.35442
0.391196
0.391196
0.392222
0.391196
0.391196
0.391196
0.391196
0.391196
0.391196
0.391196
0.391196
0.391196
0.391196
0.394083
0.392425
0.393514
0.391196
0.391196
0.391196
0.391196
0.38995
0.391168
0.391633
0.391539
0.391196
0.391196
0.391196
0.391196
0.334782
0.391196
0.391197
0.395911
0.391196
0.391196
0.391196
0.391196
0.139933
0.391196
0.130547
0.391196
0.391196
0.391193
0.391196
0.391196
0.391196
0.391196
0.391196
0.391196
0.391196
0.391196
0.391196
0.391196
0.391196
0.391196
0.391196
0.391196
0.391196
0.391196
0.391196
0.391196
0.391196
0.391196
0.391196
0.391196
0.391196
0.391196
0.243395
0.391196
0.391196
0.394171
0.391196
0.391196
0.391196
0.391196
0.391196
0.391196
0.391196
0.391196
0.391217
0.391203
0.391327
0.391196
0.391196
0.391196
0.391196
0.391904
0.391196
0.391196
0.391196
0.391196
0.391196
0.391196
0.391196
0.391196
0.391196
0.391196
0.391196
0.391196
0.391196
0.391196
0.391196
0.391196
0.391196
0.391196
0.391196
0.391196
0.391196
0.391196
0.391196
0.391196
0.166461
0.391196
0.391196
0.391196
0.391196
0.391196
0.391196
0.391196
0.391196
0.391196
0.391196
0.391196
0.391196
0.391196
0.391196
0.391196
0.391196
0.391196
0.391196
0.391196
0.391196
0.391196
0.391196
0.391838
0.391196
0.391196
0.391196
0.390332
0.388114
0.391084
0.391196
0.391196
0.391196
0.391357
0.391196
0.391196
0.391194
0.391196
0.391196
0.391196
0.391196
0.391196
0.391196
0.391196
0.391196
0.391196
0.391196
0.391196
0.294165
0.391196
0.391196
0.383453
0.390999
0.228143
0.390396
0.391196
0.391196
0.391196
0.391196
0.391196
0.391196
0.391196
0.391196
0.391196
0.391196
0.391196
0.391196
0.391196
0.391196
0.391196
0.391196
0.283943
0.380025
0.367847
0.389955
0.391196
0.391196
0.391196
0.391196
0.391196
0.391196
0.391196
0.391196
0.391196
0.391196
0.391196
0.391196
0.391196
0.391196
0.391196
0.391196
0.391196
0.391196
0.391196
0.391196
0.391196
0.225476
0.368227
0.286551
0.391196
0.391196
0.391196
0.391196
0.391196
0.391196
0.391196
0.391196
0.395897
0.398066
0.391196
0.391196
0.391196
0.391196
0.391196
0.391196
0.391196
0.391196
0.391196
0.391196
0.391196
0.391196
0.391196
0.391196
0.391196
0.391196
0.391196
0.391196
0.391196
0.391196
0.391196
0.391196
0.391196
0.391196
0.391196
0.391196
0.391196
0.391196
0.391196
0.391196
0.391196
0.391196
0.391196
0.391196
0.391196
0.391196
0.391196
0.391196
0.391556
0.391196
0.391627
0.391955
0.391196
0.391196
0.391196
0.391196
0.391196
0.391196
0.391196
0.391196
0.391196
0.391196
0.391196
0.391186
0.391196
0.391196
0.391196
0.391196
0.391196
0.391196
0.391196
0.391196
0.391196
0.391196
0.391203
0.391196
0.391196
0.391196
0.391196
0.391196
0.391333
0.391196
0.391196
0.391196
0.391196
0.391196
0.391196
0.391196
0.391196
0.391196
0.391196
0.391196
0.391196
0.391196
0.391196
0.391311
0.391196
0.391196
0.391196
0.391196
0.391196
0.391196
0.391196
0.391196
0.391196
0.391196
0.391196
0.391196
0.391196
0.391196
0.391196
0.391196
0.391196
0.391196
0.391196
0.391196
0.391443
0.391196
0.391196
0.391197
0.391196
0.391196
0.391631
0.391196
0.391271
0.391256
0.391196
0.391196
0.391196
0.391196
0.391196
0.391196
0.391196
0.391196
0.391196
0.391196
0.391243
0.391196
0.391196
0.391196
0.391196
0.391196
0.391196
0.391196
0.391196
0.391196
0.391196
0.391219
0.391196
0.391355
0.391196
0.391196
0.391196
0.391196
0.391196
0.391196
0.391196
0.391196
0.391196
0.391196
0.391196
0.391196
0.391196
0.391196
0.391196
0.391196
0.391196
0.391196
0.391196
0.391196
0.391219
0.391196
0.391196
0.391196
0.391196
0.391196
0.391196
0.391196
0.391196
0.391196
0.391196
0.391196
0.391196
0.391196
0.391196
0.391196
0.391196
0.391196
0.391196
0.391196
0.39122
0.391196
0.391196
0.391196
0.391196
0.391196
0.391196
0.391196
0.391196
0.391196
0.391196
0.391196
0.391196
0.391196
0.391196
0.391196
0.391196
0.391196
0.391196
0.391196
0.391196
0.391196
0.391196
0.391196
0.392104
0.391196
0.391196
0.391196
0.391196
0.391196
0.391196
0.391196
0.391196
0.391196
0.391196
0.391196
0.391217
0.391196
0.391223
0.391196
0.391196
0.391196
0.391196
0.391196
0.391196
0.391302
0.391333
0.391196
0.391196
0.391196
0.391196
0.391196
0.391196
0.391196
0.391196
0.391196
0.391213
0.391196
0.391204
0.391205
0.391196
0.391196
0.391196
0.383389
0.3912
0.391949
0.391393
0.391512
0.39126
0.391196
0.366095
0.391197
0.391208
0.3912
0.391205
0.391196
0.391196
0.391196
0.391196
0.391196
0.391196
0.395351
0.390441
0.391196
0.391196
0.391196
0.391196
0.391196
0.391196
0.391196
0.391196
0.391196
0.391196
0.391196
0.391196
0.391196
0.391196
0.391199
0.392364
0.391196
0.391207
0.391302
0.391196
0.391471
0.391196
0.391213
0.391217
0.391196
0.391196
0.391196
0.391196
0.391196
0.391506
0.39121
0.391196
0.391196
0.391196
0.391197
0.391197
0.391196
0.391196
0.391198
0.391196
0.391196
0.391196
0.391196
0.391196
0.391197
0.391196
0.391198
0.391196
0.391197
0.391196
0.391196
0.391196
0.391196
0.391196
0.391196
0.391196
0.391196
0.391196
0.391196
0.391218
0.391212
0.391196
0.391196
0.391196
0.391204
0.391196
0.391196
0.391196
0.391196
0.391196
0.391196
0.391196
0.391196
0.391197
0.391196
0.391196
0.391196
0.391196
0.391196
0.391196
0.391196
0.391196
0.391196
0.391196
0.391196
0.391196
0.391196
0.391196
0.391196
0.391196
0.391196
0.391196
0.391196
0.391196
0.391196
0.391198
0.391196
0.391196
0.391196
0.391196
0.391196
0.391196
0.391196
0.391196
0.391196
0.391196
0.391196
0.391196
0.391196
0.391196
0.391196
0.391196
0.391196
0.391196
0.391196
0.391196
0.391196
0.391196
0.391196
0.391196
0.391196
0.391196
0.391196
0.391196
0.391196
0.391196
0.391196
0.391196
0.391196
0.391196
0.391196
0.391196
0.391196
0.391196
0.391196
0.391196
0.391196
0.391196
0.391196
0.391196
0.391196
0.391196
0.391196
0.391196
0.391196
0.391196
0.391196
0.391196
0.391196
0.391196
0.391196
0.391196
0.391196
0.391196
0.391196
0.391196
)
;

boundaryField
{
    bullet
    {
        type            compressible::alphatWallFunction;
        Prt             0.85;
        value           nonuniform List<scalar> 
30
(
0.00618935
0.00689983
0.00659561
0.00593241
0.00490616
0.00364534
0.00243313
0.00268556
0.00153563
0.0011447
0.000411666
0.000361514
5.4095e-05
0.000174031
6.28865e-05
0.000156155
0.000528493
0.000101933
0.000283189
0.000457806
0.0011291
0.00155904
0.00224155
0.00239949
0.00440044
0.00444026
0.00511061
0.00602333
0.00704936
0.00660235
)
;
    }
    topWall
    {
        type            calculated;
        value           nonuniform List<scalar> 
50
(
0.391393
0.391311
0.391494
0.391764
0.392145
0.392065
0.392015
0.391609
0.391635
0.392253
0.392015
0.392015
0.392015
0.392015
0.391806
0.392015
0.392015
0.391511
0.39148
0.392015
0.392077
0.392015
0.392015
0.391893
0.391721
0.391885
0.392131
0.392072
0.39157
0.392015
0.391301
0.391333
0.391654
0.392015
0.391725
0.39156
0.391496
0.391418
0.391392
0.391262
0.39121
0.391262
0.391291
0.391295
0.391289
0.391277
0.391263
0.391249
0.392015
0.392014
)
;
    }
    bottomWall
    {
        type            calculated;
        value           nonuniform List<scalar> 
50
(
0.391355
0.392015
0.39138
0.392416
0.392015
0.392015
0.392389
0.392015
0.392015
0.392015
0.391792
0.391607
0.391486
0.391413
0.391266
0.391211
0.391252
0.391283
0.391292
0.391287
0.391276
0.391263
0.391248
0.391229
0.392015
0.391426
0.391315
0.392015
0.392015
0.392015
0.392015
0.392015
0.392015
0.392015
0.392015
0.392015
0.392015
0.392322
0.392015
0.392015
0.391919
0.392015
0.392015
0.391807
0.391923
0.391471
0.391277
0.391228
0.391328
0.391409
)
;
    }
    inlet
    {
        type            calculated;
        value           uniform 0.392015;
    }
    outlet
    {
        type            calculated;
        value           nonuniform List<scalar> 
30
(
0.391196
0.391196
0.391196
0.391196
0.391196
0.391196
0.391196
0.391196
0.391196
0.391197
0.39249
0.392636
0.39227
0.391826
0.391563
0.392473
0.392635
0.392336
0.391932
0.391671
0.391197
0.391196
0.391196
0.391196
0.391196
0.391196
0.391196
0.391196
0.391196
0.391196
)
;
    }
    defaultFaces
    {
        type            empty;
    }
}


// ************************************************************************* //
