/*--------------------------------*- C++ -*----------------------------------*\
  =========                 |
  \\      /  F ield         | OpenFOAM: The Open Source CFD Toolbox
   \\    /   O peration     | Website:  https://openfoam.org
    \\  /    A nd           | Version:  6
     \\/     M anipulation  |
\*---------------------------------------------------------------------------*/
FoamFile
{
    version     2.0;
    format      ascii;
    class       volScalarField;
    location    "0.0001";
    object      epsilon;
}
// * * * * * * * * * * * * * * * * * * * * * * * * * * * * * * * * * * * * * //

dimensions      [0 2 -3 0 0 0 0];

internalField   nonuniform List<scalar> 
3704
(
256484
253899
259181
262334
262151
258835
262112
262757
262786
262966
262900
263003
262547
262806
262105
257304
261602
258195
257940
257563
254323
253265
253033
253609
254060
253636
254541
253664
261421
261357
261794
260940
262349
262597
262868
259143
256779
255104
254401
253359
252998
253164
253382
253463
253433
253358
253264
253171
253056
262026
256473
253857
254619
257662
257243
255221
257461
258359
258494
258818
258660
258906
258739
258508
257646
255958
256936
255692
256559
256188
254035
253214
253022
253545
253931
253537
253355
253522
256888
256462
256927
257094
258035
257989
258599
257558
255994
254764
254210
253305
252988
253142
253344
253420
253395
253327
253240
253154
253046
257138
256454
253792
253485
255176
254846
254216
255138
255712
255925
256191
256037
256309
256176
255926
255436
254891
254937
254762
255039
254816
253678
253143
253004
253441
253729
253388
253134
253340
254455
254555
254805
254803
255546
255329
255992
255759
254947
254267
253916
253221
252973
253105
253281
253351
253332
253275
253201
253126
253030
254604
256438
253729
253188
254032
253864
253767
254056
254306
254519
254690
254599
254822
254738
254535
254302
254090
254049
254103
254028
253967
253403
253079
252987
253336
253532
253252
253045
253189
253467
253826
253952
253767
254248
254026
254584
254499
254107
253821
253636
253140
252958
253068
253216
253279
253267
253221
253159
253096
253014
253517
256435
253684
253102
253591
253515
253550
253611
253701
253883
253998
253960
254132
254079
253918
253781
253668
253662
253731
253558
253580
253255
253041
252975
253263
253402
253168
253003
253103
253148
253540
253619
253378
253701
253513
253965
253883
253658
253557
253458
253087
252948
253042
253170
253227
253218
253180
253128
253074
253001
253149
4.46368e+08
2.69988e+08
3.95242e+07
3.98859e+07
5.13069e+07
8.1463e+07
1.01069e+08
1.3127e+08
1.58946e+08
2.05431e+08
2.06861e+08
2.2885e+08
2.61448e+08
3.09073e+08
3.4587e+08
6.49647e+07
1.45554e+08
4.77982e+07
6.18669e+07
5.48333e+07
7.54732e+07
7.859e+07
8.83449e+07
1.00427e+08
1.26746e+08
1.3579e+08
1.56954e+08
1.70623e+08
1.74168e+08
2.22446e+08
7.12579e+07
1.70333e+08
1.01267e+08
7.63645e+07
4.73292e+07
6.62655e+07
7.0904e+07
7.85911e+07
9.21204e+07
1.16018e+08
1.28854e+08
1.42274e+08
1.38888e+08
1.25547e+08
1.93316e+08
8.21113e+07
1.62894e+08
8.17332e+07
3.85341e+07
4.82317e+07
5.66919e+07
6.59596e+07
7.48419e+07
8.86941e+07
1.08645e+08
1.21129e+08
1.25553e+08
1.04107e+08
8.06593e+07
1.46109e+08
9.57348e+07
1.38338e+08
3.61473e+07
4.5873e+07
4.47153e+07
5.19564e+07
6.11362e+07
6.82861e+07
7.63025e+07
7.96494e+07
7.7339e+07
7.51893e+07
6.69211e+07
6.22201e+07
8.60167e+07
3.29533e+08
2.84349e+08
2.86255e+08
2.73301e+08
2.17454e+08
1.81311e+08
1.57046e+08
1.41973e+08
1.06645e+08
8.4135e+07
5.51718e+07
4.53576e+07
3.53973e+07
1.05749e+08
6.93638e+08
2.10826e+08
1.73793e+08
1.62742e+08
1.62527e+08
1.38999e+08
1.23031e+08
9.77414e+07
9.4145e+07
8.1039e+07
7.60884e+07
6.31823e+07
5.95451e+07
4.17834e+07
7.51643e+07
8.02268e+07
1.76984e+08
1.32458e+08
1.26521e+08
1.36112e+08
1.27954e+08
1.16302e+08
9.05534e+07
8.10433e+07
7.32562e+07
6.71878e+07
4.8154e+07
6.9144e+07
8.42742e+07
9.09222e+07
7.08463e+07
1.28853e+08
9.08149e+07
8.51405e+07
1.11277e+08
1.18669e+08
1.05403e+08
8.72621e+07
7.63794e+07
6.76204e+07
5.70884e+07
5.02933e+07
3.94933e+07
5.45418e+07
1.01608e+08
8.41818e+07
8.52877e+07
7.37377e+07
5.71402e+07
6.08122e+07
7.11483e+07
7.0408e+07
7.22479e+07
6.74299e+07
6.18213e+07
5.18806e+07
4.50698e+07
3.84986e+07
2.65542e+07
1.07038e+08
9.11039e+07
262207
255439
253172
253266
253366
253450
253485
253453
253269
252973
253221
253884
254220
254914
255801
255724
259744
255032
253470
253407
255409
256220
258805
258889
259491
257940
257366
260548
261886
259701
260523
254438
255340
261832
262464
258749
261917
262396
262996
262807
259340
255330
255110
259553
260737
259167
257043
254570
253910
256365
257448
253416
253155
253242
253334
253411
253441
253409
253238
252966
253187
253770
254040
254535
255227
254952
255022
254384
253389
253322
254397
255545
256639
256836
257721
256940
256105
255390
256896
257013
256397
254131
254869
257003
258063
257379
257596
257847
258887
258660
256887
254822
254515
256432
258142
257160
256094
254299
253867
256364
254869
253079
253127
253202
253281
253346
253369
253337
253188
252956
253134
253594
253770
254006
254460
254255
253773
253754
253268
253205
253882
254672
254839
255160
255846
255648
254906
253765
254611
254875
254286
253731
254325
254797
255482
255785
255583
255466
256267
256081
255292
254174
253865
254698
255882
255568
254944
253922
253799
256364
253678
253019
253097
253160
253226
253278
253294
253263
253137
252946
253081
253423
253520
253563
253836
253792
253385
253354
253158
253105
253482
253967
253859
254146
254578
254622
254133
253311
253721
253797
253462
253417
253879
253875
254162
254621
254536
254309
254760
254607
254257
253676
253431
253852
254533
254480
254105
253602
253730
256365
253241
253002
253074
253129
253184
253228
253239
253210
253101
252940
253047
253311
253367
253320
253499
253548
253230
253168
253091
253048
253268
253582
253446
253672
253957
254065
253751
253176
253410
253384
253196
253249
253618
253523
253618
254025
254029
253814
254060
253929
253739
253414
253229
253508
253915
253929
253681
253417
253678
256374
258717
259358
259199
259344
259168
258663
253401
252916
252915
252914
252916
252917
252916
252915
252915
252915
252913
252914
252913
252913
252915
252914
252914
252915
252915
252913
252913
252914
252914
252913
252913
252912
252912
252912
252912
252912
252912
252912
252912
252912
252912
252912
252912
252912
252912
252912
252912
252912
252912
252912
252912
252912
252912
252912
252912
253030
269931
498671
3.15017e+07
9.26242e+07
4.48333e+07
252912
1.47268e+07
2.15565e+07
2.62868e+07
3.00191e+07
3.50252e+07
3.90204e+07
4.21824e+07
4.53051e+07
5.24988e+07
4.60647e+07
4.5494e+07
3.04096e+07
6.66531e+07
411452
252955
252912
252912
252912
252912
252912
252913
253413
254631
252912
252912
6.02124e+06
255393
259094
255327
259290
255412
255476
259306
259354
252935
252915
252915
252915
252916
252916
252915
252915
252914
252914
252913
252915
252913
252913
252915
252915
252916
252914
252914
252912
252914
252914
252914
252913
252913
252912
252912
252912
252913
252912
252912
252912
2.43302e+06
252912
252912
252912
252912
252912
252912
252912
252912
252912
252912
252912
252912
252912
252912
252912
252912
252912
252912
252917
254727
319363
5.51512e+06
2.325e+07
1.18372e+07
6.36325e+07
1.49492e+07
2.6144e+07
2.99641e+07
3.40819e+07
3.92428e+07
3.9324e+07
4.43293e+07
3.97646e+07
2.5666e+07
1.07884e+07
253524
252915
252912
252912
252912
252912
252912
252912
252912
252937
254646
255405
255483
255425
252913
252913
252913
252913
252913
252913
252913
252913
252913
252912
252913
252912
252912
252913
252912
252913
252913
252913
252912
252912
252913
252913
252913
252912
252912
252912
252912
252912
252912
252912
252912
252912
252912
252912
252912
252912
252912
252912
252912
252912
252912
252912
252912
252913
253377
293242
1.55433e+06
252912
257353
252927
252912
252912
252912
252912
252912
252917
252913
252913
252913
252913
252913
252912
252912
252913
252912
252912
252913
252913
252913
252913
252913
252912
252913
252913
252913
252912
252912
252912
252912
252912
252912
252912
252912
252912
252912
252912
252912
252912
252912
252912
252912
252912
252937
258606
300472
9.52762e+06
252916
252913
253022
252912
252912
252912
252912
253030
252912
252912
252913
253201
252912
253683
253647
254522
253777
252912
252912
252912
252912
252912
252912
252912
252912
252912
252912
252912
252912
252912
252912
252912
252912
252912
252912
252912
252912
252912
252912
252912
252912
252912
252912
252912
252912
252912
252912
252912
252912
252912
252912
252912
252912
252912
252912
252912
252912
252912
329019
253013
252912
252912
252912
252912
252912
252912
252912
252912
252912
252912
252912
252912
252912
252912
252912
252912
252912
252912
252912
252932
257431
281163
1.79798e+06
5.39278e+07
252915
252913
1.18485e+07
6.63339e+06
256797
6.62914e+06
5.30978e+06
7.55822e+06
252912
252926
252912
252912
252912
253149
252948
252912
252912
252912
252912
252912
252913
252912
252916
252912
252912
252912
252912
252912
252913
254581
1.48426e+07
1.66943e+07
1.60643e+07
3.66728e+06
5.13054e+06
6.34391e+06
1.12812e+06
603437
341724
278787
252912
252912
253731
253150
253120
252912
252912
253330
252912
252912
9.3865e+06
6.75142e+06
6.16146e+06
253351
252912
252912
253762
253156
253406
252912
252912
252912
252912
252912
252912
252912
252912
253008
252912
252912
252912
252912
252912
252912
252912
252912
252912
252912
252912
252912
252912
252912
252912
252912
252912
252912
252912
2.61478e+06
252912
252912
252912
252912
252912
252912
252912
252912
252912
252934
252912
252912
252912
252912
252912
252912
252912
252912
252912
252912
252912
252912
252912
252912
252912
252912
252912
252912
252913
253288
264172
278578
252912
252912
1.15964e+07
253638
252931
252915
252912
252912
253729
253131
253146
252912
252912
252912
252912
253111
252912
1.28228e+07
1.32573e+07
3.03916e+06
3.10842e+06
2.2577e+06
458863
3.02961e+06
252912
254176
252915
252912
252912
1.0648e+06
252912
252912
287206
252994
252912
252912
252912
252912
252912
252912
252912
252912
252912
252912
252912
252912
252912
252912
252912
252912
252912
252912
252912
252912
252912
252912
252912
252912
252912
252912
252912
252912
252912
252912
252912
252912
252912
252912
252912
252912
252912
252912
252912
252912
252912
252912
252912
252912
252912
252912
252912
603628
252912
252912
252912
252912
252912
252912
252920
252959
252912
252912
252912
252912
252912
252912
252912
252912
252912
252912
252912
252912
252912
252912
252912
252912
252912
4.56403e+06
252912
252912
252912
252912
252912
252912
252912
252912
252912
252912
274201
252912
253279
252912
252912
2.68856e+06
252912
252912
252912
252912
252912
252912
252912
252912
252912
252912
252912
252912
252912
252912
252912
252912
252912
252912
252912
252912
252912
252912
252912
252912
252912
252912
252912
252912
252912
252912
252912
252912
252912
252912
252912
252912
434714
252912
252912
252912
252912
252912
252912
252913
252912
252912
252912
252912
252912
252912
2.17588e+06
252912
252912
252920
252962
252914
252954
252912
4.70937e+06
252912
252912
252912
252912
252912
252912
252912
252912
252912
252912
252914
253572
255634
253049
252912
657231
6.10528e+06
263721
252912
252912
252912
252912
252912
252912
252912
252912
252912
252912
252912
299436
341881
309535
276083
252912
252912
252912
252912
252912
252912
252912
252932
252915
252988
252912
252912
256824
237526
252972
263636
252912
252912
252965
257382
252912
252912
252973
252926
252925
252912
252912
252912
252912
252912
252912
252912
252912
252912
252913
252912
4.08648e+06
252912
252912
252912
252912
252912
252912
252912
252912
252912
252912
252912
252912
252912
252912
252912
252912
252912
252912
252912
252912
252912
252912
252912
252912
252912
252912
252912
896124
252912
252912
252912
252912
252912
256698
252912
252912
258032
3.64312e+06
3.02266e+06
252912
252912
252912
2.52069e+06
1.70687e+06
2.57109e+06
3.31156e+06
252915
252921
516440
252912
261403
256007
255019
252912
252912
252912
252912
252912
252912
252912
252912
252912
252912
253976
252912
252912
252912
252912
252912
252912
252912
252912
252912
252912
254165
252912
252912
252912
252912
252912
252912
252912
252912
252923
252912
252912
252912
252912
252912
252912
252912
252912
252912
252912
252912
252912
252912
252913
252912
252912
252912
252912
252912
252912
252912
252912
252912
252912
252846
252912
252912
252912
252912
252912
252912
252912
252912
252912
252912
252912
252912
252912
252912
252912
252912
252912
1.31182e+06
252912
252912
252912
252912
252912
252912
252912
252912
252912
252912
252912
549425
252912
252912
252912
252912
252912
252912
252912
252912
252912
252912
252912
252912
252912
252912
252912
1.12653e+06
252912
252912
252912
252912
252969
252924
252925
252912
252912
252912
252912
252912
252912
252912
252912
252912
252912
252912
279441
252912
252912
252912
252912
252912
252912
252912
252912
252912
252912
219445
252912
252912
252912
252912
252922
252914
252912
252912
252912
252912
252912
252912
238555
252912
252912
252912
252912
252304
252912
252912
252912
252912
252912
252912
252912
252912
252912
253903
252912
252912
252912
252912
252912
252912
252912
252912
252915
265713
252912
252912
632897
252912
252912
252942
252912
252912
252912
252912
253764
800770
679753
252912
252912
252912
252912
252912
252912
252912
253403
253722
252912
279800
254709
252912
252912
252912
252912
252912
252912
1.22494e+06
252912
252912
252915
252913
252912
252912
252912
252912
252912
252912
252913
252912
252914
252912
252912
252912
252912
256289
252912
252912
252912
252912
252912
255688
252912
252913
252912
252912
252912
252912
252912
252912
252912
252912
252912
252912
253243
252912
252912
252912
252912
252914
252913
252913
252912
252912
252912
252912
252912
252912
252912
252912
254220
253024
252940
252912
252912
252912
252912
252912
252912
252912
252912
251851
252912
252912
252912
264940
252912
252912
252912
252912
252912
252912
252912
253092
252912
252912
252912
252912
367410
252912
252912
252912
252912
252912
252912
252912
252912
252912
252912
252912
252912
252912
252912
252912
622234
332418
1.09383e+06
252912
252912
252912
252912
252912
252912
252912
252912
252912
252912
345587
253043
252970
252912
253058
252912
252912
252912
252912
257324
252912
252912
252912
252912
252912
252912
252912
252912
252912
252912
252912
252912
252912
252912
252912
252912
252912
252912
252912
252913
252912
252912
252912
252912
252912
252912
252912
252912
252912
252912
252912
252912
252912
252912
252912
252912
252912
253112
252912
252912
252912
252912
252912
252912
252912
252912
252912
252912
252912
252912
252912
252912
252912
252912
252912
252912
252912
253092
252912
252912
252912
252912
252915
252912
252912
252912
252983
252912
252912
252918
252914
252912
252912
252912
252912
248414
252912
252913
252912
252912
252912
252912
252912
252912
252912
252912
252912
252912
252912
252912
252790
252912
252912
252912
253012
253202
252912
252912
252912
252912
258530
292286
253008
252912
252912
252912
252911
252912
799065
252912
252912
252912
252912
252912
252912
252912
252912
252912
410876
252912
252876
252912
252912
252912
252912
252912
252912
252912
252912
252912
252912
268171
284554
252912
252912
252912
252912
252912
252912
252912
252912
252912
252927
252912
252912
252912
252912
252912
252913
252912
252912
252912
252912
252912
252912
253394
252912
252912
252912
252925
252917
252912
252912
252912
252912
252912
252912
252912
252912
252912
252912
252912
252912
252947
252912
252912
252912
252912
252912
252912
252912
252912
252912
252912
252912
252912
252912
252912
252928
252919
252912
252912
252912
252912
252912
252912
253530
252912
252912
252912
252912
252912
252912
252912
252912
256562
253235
252912
252912
252912
252912
252912
252912
252912
252912
252912
252912
252950
252929
252912
252912
252912
252912
252912
252912
252912
252912
252912
252912
252909
256634
252912
252912
252912
252912
252912
252912
252913
252912
252918
252917
252912
252952
252912
252912
252912
252912
252912
252912
252912
252912
252912
252912
252912
252912
252912
252920
252912
252912
252912
252912
252912
252912
252912
252912
254336
253965
252912
252912
252912
252922
252912
252912
252912
252909
252902
252912
252913
252912
252912
252912
252912
252912
252912
252912
252914
253476
252912
252914
252913
252913
253600
252919
252912
252912
252956
252917
252952
252913
252912
252912
252921
252919
252912
252912
252912
252912
252912
252912
252912
252912
252912
252912
252912
252912
252913
252913
252912
252913
252913
252912
252912
252912
252912
252912
252912
252912
252912
252912
252912
252912
252913
252913
252913
252912
252912
252912
252912
252912
252912
252912
252912
252912
252912
252912
252912
252912
252912
252912
252912
252913
252913
252912
252912
252912
252912
252912
252912
252912
252912
252912
252912
252912
252912
252912
252912
252913
252912
252912
252912
252912
252912
252912
252912
252912
252912
252912
252912
252912
252912
252912
252912
252912
252912
252912
252912
252912
252912
252912
252912
252912
252912
252912
252912
252912
252912
252912
252912
252912
252912
252912
252912
252912
252912
252912
252912
252912
252912
252912
252912
258655
259108
259189
259601
259133
258717
253413
252913
252912
252912
252912
252912
252912
252964
492952
8.93683e+07
6.83281e+07
2.89356e+07
2.38888e+07
4.00995e+07
3.92027e+07
3.87433e+07
3.67622e+07
3.38013e+07
2.94477e+07
2.59468e+07
2.06584e+07
1.68249e+07
6.10361e+07
9.30053e+07
4.92446e+07
4.63865e+07
4.00659e+06
292872
243764
252915
252912
252912
252912
252912
252912
252912
252912
252912
252912
252912
252912
252912
252912
252912
252912
252912
252912
252912
252912
252912
252912
252912
252912
252913
252913
252914
252914
252914
252912
252914
252913
252915
252913
252913
252914
252914
252916
252913
252914
252913
252915
252916
252916
252915
252914
252915
252916
252922
255103
254646
1.18023e+07
252912
252912
255221
258937
255255
259555
259300
255597
255388
259376
253032
252938
8.6664e+06
252917
252912
252912
252912
252912
252912
252916
253700
252912
1.10527e+07
1.28241e+07
2.2578e+07
3.40857e+07
3.52691e+07
3.65252e+07
3.20537e+07
2.88621e+07
2.57176e+07
2.09027e+07
1.61933e+07
1.07907e+07
1.52896e+07
498210
237573
252896
252912
252912
252912
252912
252912
252912
252912
252912
252912
252912
252912
252912
252912
252912
252912
252912
252912
252912
252912
252912
252912
252912
252912
255524
252912
252913
252913
252913
252914
252914
252913
252913
252914
252914
252913
252913
252913
252914
252915
252916
252914
252913
252915
252914
252917
252916
252915
252913
252916
252915
253110
252721
252912
255418
252912
252912
252912
252912
252912
252913
253215
3.60961e+07
1.04904e+06
252173
252913
252912
252912
252912
252912
252912
252912
252912
252912
252912
252912
252912
252912
252912
252912
252912
252912
252912
252912
252912
252912
252913
252913
252913
252912
252913
252913
252912
252912
252912
252912
252913
252913
252913
252912
252913
252913
252913
252913
252913
252913
252913
252913
252957
252912
252912
252912
252912
252912
252912
252912
252912
252912
252912
252912
252912
252912
252913
252912
252913
252912
252912
252913
252913
252913
252912
252913
252912
252913
252913
252913
252913
252913
252913
252913
252914
255716
252929
252912
252912
252912
252912
252912
252912
252912
252912
252912
252912
252912
252912
252921
236569
350886
6.60095e+06
251777
252912
252913
252913
253647
252934
252912
252912
253015
436563
252912
252912
252912
252912
252912
252912
252912
252912
252912
252912
252913
252916
657003
253309
252912
252912
252912
1.94123e+07
252912
252912
252912
252912
252916
252935
252913
609970
252912
223099
253006
3.97875e+06
291217
239621
252912
251444
244826
253106
252912
252918
252938
252913
252912
252912
252912
252912
252912
252912
252912
252912
252912
252912
252912
252912
252912
252912
252912
252912
252912
252912
252912
252912
252912
252912
252912
252912
252912
252912
252912
252912
252912
252912
252912
252912
252912
252912
252912
252912
252912
252912
252912
252912
252912
252912
252912
252912
252912
252912
252912
252912
253562
253090
252912
252912
252912
252912
252912
252912
252912
252912
252912
252912
252912
252912
252912
252912
252912
252912
252912
252912
252912
252912
252912
252912
252914
253969
252912
252912
253706
258741
254583
1.71058e+06
4.8951e+06
3.79178e+06
1.88741e+07
1.72508e+07
1.49606e+07
1.1493e+07
8.45169e+06
6.06908e+06
6.30954e+06
6.39905e+06
1.27524e+06
387466
252912
252912
253355
252912
253103
252912
253713
252912
252912
267198
273070
253800
253203
253150
2.42962e+06
252912
252912
252912
252912
252912
252912
253688
252912
252912
252957
252912
252912
252912
252970
372032
252912
252912
252912
4.34942e+06
252912
252920
252912
252912
252912
252912
252912
252912
252912
252912
252912
252912
252912
252912
253764
252912
253132
252912
252912
252912
252912
252912
252912
252912
252912
252912
252912
252912
252912
252912
252912
252912
252912
252912
252912
252912
252912
253197
252912
1.59489e+07
3.2841e+06
2.00316e+06
5.28389e+06
823435
253652
253119
3.12298e+06
1.44244e+07
1.08039e+07
8.7243e+06
252912
252912
252912
252912
252912
252912
252912
252912
252912
252912
252912
252912
252912
252912
252912
252912
252912
252912
252912
252912
252912
252912
252912
252912
252912
252912
252912
252912
252912
252912
252912
252912
252912
252912
252912
252912
252912
252912
252912
252912
252912
252912
252912
252912
252912
252912
252912
252912
252912
252912
252912
252912
252912
252912
252912
252912
252912
983799
252964
252912
252912
252912
252912
252912
244053
252912
252917
252912
252912
252912
252912
6.61881e+06
252912
252912
252912
2.64957e+06
3.73084e+06
1.28221e+06
252912
252912
252912
252912
252912
252912
252912
252912
252912
252912
252912
252912
252912
252912
252912
252912
252912
252912
252912
252912
252953
252919
252922
252912
252912
255329
353721
253006
252932
253348
252912
252912
252912
260452
252912
252912
252912
252912
252912
252912
252912
252912
252912
252912
252912
252912
252912
252912
252912
252912
252912
252912
252912
252912
252912
252912
252912
252912
252912
252913
252912
252912
252912
252912
252912
252912
252912
252912
252912
252912
252912
252912
252912
252912
252912
252912
252912
252912
252912
270051
304436
280688
673889
252912
252912
252962
252920
252912
252912
280709
233795
252912
252912
4.32773e+06
5.25693e+06
252912
252912
252912
252912
252912
252912
252912
254885
253365
254788
252970
252924
252978
252926
252912
3.30842e+06
257019
252912
252912
252914
252912
252912
252912
252912
252912
252912
252912
252912
252912
252912
252912
253565
253024
252912
252912
252912
252912
252912
252913
252913
252912
4.67629e+06
7.61589e+06
252912
252912
252914
252913
252912
252912
252912
252912
252912
547055
252912
470328
252912
252912
252912
252976
252925
252912
252912
252912
252912
252912
252912
252912
252912
252912
314068
252912
252912
252912
252912
252912
252912
252912
252912
252912
252912
252912
252912
252912
252912
252912
252912
252912
252912
252912
252912
252912
252912
252912
3.68564e+06
252912
252912
252912
252912
252912
252912
263627
5.01197e+06
252912
252912
252912
252912
252912
252912
252912
252912
252912
252912
252912
252912
252912
252912
252912
252912
252912
252912
252912
252912
252912
252912
252912
252912
252912
252912
252912
252912
252912
252912
252912
252912
252912
252912
252932
252912
252912
252912
252912
252912
252912
252912
252912
252912
252919
252912
252912
252912
252912
252912
298065
252912
252912
1.61475e+06
252912
252912
252912
252912
252912
252912
252912
252912
252912
252912
254061
252912
252912
252912
252912
252912
252912
252912
252912
1.37353e+06
777746
252912
252912
252912
252912
252912
252912
252912
252912
256707
252912
252912
252912
252912
252912
252912
252912
252912
1.70329e+06
252912
252912
252912
252912
252912
252912
252912
252912
252912
252912
252915
252912
252912
252912
1.94153e+06
252912
252912
252912
252912
281888
252912
252912
252912
245133
252912
252912
253583
252912
252912
252912
252912
252912
252912
252912
252912
252912
252912
255015
253780
254524
252912
252912
252912
252912
253012
252904
253210
253166
252915
252912
252912
252912
251660
252912
252913
257079
252913
252915
252912
252912
1.11972e+06
252912
1.30913e+06
252912
252912
252911
252912
252912
252912
252912
252912
252912
252912
252912
252912
252912
252912
252912
252912
252912
252912
252912
252912
252912
252912
252912
252912
252912
252912
252912
364779
252912
252912
286314
252912
252912
252912
252912
252912
252912
252914
252912
252935
252916
252978
252912
252912
252912
252912
253410
252913
252912
252912
252912
252912
252912
252912
252912
252912
252912
252912
252912
252912
252912
252912
252912
252912
252912
252912
252912
252912
252912
252912
252912
951018
252912
252912
252912
252912
252912
252913
252912
252912
252912
252912
252912
252913
252912
252912
252912
252913
252912
252912
252912
252912
252912
252912
253275
252912
252912
252912
252749
252364
252885
252912
252912
252912
253007
252912
252912
252912
252912
252912
252912
252912
252912
252912
252912
252912
252912
252912
252912
337040
252912
252912
251700
252867
486520
252881
252912
252912
252912
252912
252912
252912
252912
252912
252912
252912
252912
252912
252912
252912
252912
252912
474411
256340
269344
253621
252912
252912
252912
252912
252912
252912
252912
252912
252912
252912
252912
252912
252912
252912
252912
252912
252912
252912
252912
252912
252912
626804
365213
416455
252912
252912
252912
252912
252912
252912
252912
252912
260849
262708
252912
252912
252912
252912
252912
252912
252912
252912
252912
252912
252912
252912
252912
252912
252912
252912
252912
252912
252912
252912
252912
252912
252912
252912
252912
252912
252912
252912
252912
252912
252912
252912
252912
252912
252912
252912
252912
252912
253107
252912
253135
253422
252912
252912
252912
252912
252912
252912
252912
252912
252912
252912
252912
252910
252912
252912
252912
252912
252912
252912
252912
252912
252912
252912
252917
252912
252912
252912
252912
252912
253003
252912
252912
252912
252912
252912
252912
252912
252912
252912
252912
252912
252912
252912
252912
252985
252912
252912
252912
252912
252912
252912
252912
252912
252912
252912
252912
252912
252912
252912
252912
252912
252912
252912
252912
252912
253060
252912
252912
252913
252912
252912
253138
252912
252956
252953
252912
252912
252912
252912
252912
252912
252912
252912
252912
252912
252935
252912
252912
252912
252912
252912
252912
252912
252912
252912
252912
252928
252912
253020
252912
252912
252912
252912
252912
252912
252912
252912
252912
252912
252912
252912
252912
252912
252912
252912
252912
252912
252912
252912
252930
252912
252912
252912
252912
252912
252912
252912
252912
252912
252912
252912
252912
252912
252912
252912
252912
252912
252912
252912
252926
252912
252912
252912
252912
252912
252912
252912
252912
252912
252912
252912
252912
252912
252912
252912
252912
252912
252912
252912
252912
252912
252912
252912
254523
252912
252912
252912
252912
252912
252912
252912
252912
252912
252912
252912
252928
252912
252930
252912
252912
252912
252912
252913
252912
252998
253003
252912
252912
252912
252912
252912
252912
252912
252912
252912
252922
252912
252918
252919
252912
252912
252912
260232
252915
253452
254061
253071
252952
252912
279555
252913
252919
252915
252918
252912
252912
252912
252912
252912
252912
282613
260152
252912
252912
252912
252912
252912
252912
252912
252912
252912
252912
252912
252912
252912
252912
252914
254191
252912
252920
253509
252912
253165
252912
252925
252925
252912
252912
252912
252912
252912
253241
252920
252912
252912
252912
252913
252913
252912
252912
252914
252912
252912
252912
252912
252912
252913
252912
252913
252913
252913
252912
252912
252912
252912
252912
252912
252912
252912
252912
252912
252929
252931
252912
252912
252912
252917
252912
252912
252912
252912
252912
252912
252912
252912
252913
252912
252912
252912
252912
252912
252912
252912
252912
252912
252912
252912
252912
252912
252912
252912
252912
252912
252912
252912
252912
252912
252913
252912
252912
252912
252912
252912
252912
252912
252912
252912
252912
252912
252912
252912
252912
252912
252912
252912
252912
252912
252912
252912
252912
252912
252912
252912
252912
252912
252912
252912
252912
252912
252912
252912
252912
252912
252912
252912
252912
252912
252912
252912
252912
252912
252912
252912
252912
252912
252912
252912
252912
252912
252912
252912
252912
252912
252912
252912
252912
252912
252912
)
;

boundaryField
{
    bullet
    {
        Cmu             0.09;
        kappa           0.41;
        E               9.8;
        type            epsilonWallFunction;
        value           nonuniform List<scalar> 
30
(
3.29533e+08
2.84349e+08
2.86255e+08
2.73301e+08
2.17454e+08
1.81311e+08
1.57046e+08
1.41973e+08
1.06645e+08
8.4135e+07
5.51718e+07
4.53576e+07
3.53973e+07
1.05749e+08
6.93638e+08
4.46368e+08
2.69988e+08
3.95242e+07
3.98859e+07
5.13069e+07
8.1463e+07
1.01069e+08
1.3127e+08
1.58946e+08
2.05431e+08
2.06861e+08
2.2885e+08
2.61448e+08
3.09073e+08
3.4587e+08
)
;
    }
    topWall
    {
        type            inletOutlet;
        inletValue      uniform 266000;
        value           nonuniform List<scalar> 
50
(
256365
253910
254570
257043
259167
260737
266000
255110
255330
259340
266000
266000
266000
266000
258749
266000
266000
255340
254438
266000
259701
266000
266000
257366
257940
259491
258889
258805
256220
266000
253407
253470
255032
266000
255724
255801
254914
254220
253884
253221
252973
253269
253453
253485
253450
253366
253266
253172
266000
266000
)
;
    }
    bottomWall
    {
        type            inletOutlet;
        inletValue      uniform 266000;
        value           nonuniform List<scalar> 
50
(
253636
266000
253664
261421
266000
266000
260940
266000
266000
266000
259143
256779
255104
254401
253359
252998
253164
253382
253463
253433
253358
253264
253171
253056
266000
256484
253899
266000
266000
266000
266000
266000
266000
266000
266000
266000
266000
262547
266000
266000
257304
266000
266000
257940
257563
254323
253265
253033
253609
254060
)
;
    }
    inlet
    {
        type            fixedValue;
        value           uniform 266000;
    }
    outlet
    {
        type            inletOutlet;
        inletValue      uniform 266000;
        value           nonuniform List<scalar> 
30
(
252912
252912
252912
252912
252912
252912
252912
252912
252912
252913
262026
257138
254604
253517
253149
262207
257448
254869
253678
253241
252913
252912
252912
252912
252912
252912
252912
252912
252912
252912
)
;
    }
    defaultFaces
    {
        type            empty;
    }
}


// ************************************************************************* //
