/*--------------------------------*- C++ -*----------------------------------*\
  =========                 |
  \\      /  F ield         | OpenFOAM: The Open Source CFD Toolbox
   \\    /   O peration     | Website:  https://openfoam.org
    \\  /    A nd           | Version:  6
     \\/     M anipulation  |
\*---------------------------------------------------------------------------*/
FoamFile
{
    version     2.0;
    format      ascii;
    class       volScalarField;
    location    "0.0001";
    object      k;
}
// * * * * * * * * * * * * * * * * * * * * * * * * * * * * * * * * * * * * * //

dimensions      [0 2 -2 0 0 0 0];

internalField   nonuniform List<scalar> 
3704
(
981.212
976.117
988.147
993.705
993.428
987.317
993.383
994.42
994.479
994.764
994.659
994.832
993.877
994.523
993.378
983.399
992.526
985.66
984.473
983.899
977.124
974.85
974.342
975.575
976.542
975.66
977.964
975.746
991.863
992.118
992.853
990.916
993.727
994.144
994.612
986.746
982.003
978.643
977.203
975.016
974.253
974.624
975.083
975.249
975.184
975.028
974.83
974.633
974.387
993.104
981.195
976.047
978.533
985.053
984.295
979.61
984.688
986.399
986.629
987.23
986.965
987.406
987.095
986.705
984.938
980.834
983.56
980.268
982.22
981.573
976.646
974.768
974.325
975.482
976.349
975.5
975.205
975.499
983.508
982.604
983.588
983.915
985.737
985.718
986.861
984.21
980.772
978.12
976.915
974.935
974.238
974.591
975.029
975.191
975.133
974.985
974.798
974.61
974.372
983.979
981.168
975.936
975.688
979.933
979.202
977.35
979.847
981.163
981.566
982.149
981.848
982.398
982.123
981.622
980.395
978.923
979.258
978.502
979.428
978.937
975.998
974.645
974.297
975.328
976.035
975.25
974.661
975.168
978.336
978.347
978.97
979.11
980.774
980.353
981.752
981.013
978.988
977.309
976.454
974.805
974.215
974.537
974.939
975.093
975.046
974.914
974.743
974.571
974.349
978.663
981.146
975.819
974.846
977.287
976.827
976.379
977.386
978.114
978.595
979.038
978.801
979.331
979.118
978.65
977.978
977.371
977.269
977.288
977.313
977.097
975.451
974.529
974.268
975.163
975.71
975.004
974.456
974.87
975.874
976.613
976.96
976.652
977.92
977.392
978.749
978.505
977.402
976.526
975.987
974.671
974.19
974.478
974.841
974.986
974.949
974.833
974.682
974.527
974.323
976.02
981.146
975.728
974.585
976.163
975.904
975.912
976.306
976.683
977.16
977.496
977.332
977.803
977.644
977.228
976.819
976.466
976.388
976.554
976.214
976.179
975.129
974.452
974.246
975.037
975.475
974.839
974.36
974.686
974.952
975.93
976.165
975.634
976.598
976.091
977.316
977.145
976.461
976.017
975.665
974.576
974.173
974.432
974.762
974.898
974.867
974.764
974.628
974.488
974.301
974.984
10681.6
7783.1
2138.02
2154.52
2546.94
3459.52
3985.11
4749.6
5413.35
6285.83
6332.77
6812.67
7458.67
8332.24
8078.77
10972.8
11720.9
3210.71
3903.79
3713.82
4894.71
5799.68
7143.85
8635.87
10074.8
10305.7
10896.2
11733.9
11688.8
13272.2
13076.1
13148.3
6547.04
5570.54
4889.48
5881.54
6913.99
8392.2
10016.1
11569.1
12100.6
12313.4
11692.4
10305.8
13468.1
14539.9
12581.7
6867.43
5044.37
5800.53
6405.77
7598.23
9183.8
10496.1
11770.1
12256.5
11886.7
10001.8
8217.38
11641.8
16077.4
11239
5111.4
6681.75
6118.47
6865.56
7967.29
9189.25
9820.64
9762.74
9236.26
8887.27
8137.81
7679.94
9613.02
7772.76
7821.16
7842.91
7728.12
6611.58
5824.95
5295.79
4972.79
4124.93
3535.03
2675.46
2346.77
1999.19
4373.32
14374.5
12877.2
11651.2
11509.6
11751.1
10466.9
9497.49
8225.18
7177.54
5920.82
4998.4
4177.47
3760.44
2854.69
6170.78
11757.4
12964.9
10790.4
10993.3
12122.2
11892
11475.3
9806.33
8411.57
7116.39
5976.48
5012.9
5228.7
5709.61
8917.71
12907.5
11255.1
8892.69
8935.23
10935.7
11917.8
11476.4
10327.9
9216.16
7789.49
6476.81
6046.97
4670.59
5627.79
9927.91
14615.3
10098.4
8728.05
7838.45
7936.2
8737.28
8911.72
9389.53
9031.87
8060.53
6900.29
6202.01
5551.06
4663.9
10300.8
15041.6
993.424
980.08
974.634
974.834
975.043
975.221
975.294
975.229
974.838
974.203
974.747
976.182
976.862
978.292
980.072
980.131
989.218
978.714
975.313
975.151
979.615
980.887
986.453
986.69
987.525
984.362
983.483
990.707
992.982
988.167
990.222
977.358
979.128
992.931
993.892
986.014
993.077
993.875
994.814
994.485
987.702
979.264
978.809
988.327
990.121
987.235
982.705
977.63
976.133
980.942
984.572
975.459
974.611
974.802
975
975.167
975.234
975.168
974.795
974.193
974.695
976.009
976.583
977.684
979.157
978.747
979.416
977.554
975.18
975.011
977.43
979.809
982.694
983.017
984.635
982.789
981.304
980.38
983.594
983.569
982.491
976.846
978.359
983.798
985.82
983.818
984.799
985.458
987.357
986.895
982.976
978.422
977.793
982.343
985.732
983.522
981.174
977.185
976.062
980.941
979.254
974.528
974.572
974.746
974.927
975.077
975.133
975.065
974.722
974.177
974.611
975.729
976.143
976.768
977.833
977.394
976.375
976.292
974.972
974.807
976.49
978.308
979.086
979.736
981.221
980.59
979.007
976.481
978.643
979.281
977.899
976.121
977.431
979.05
980.663
981.021
980.649
980.573
982.306
981.886
979.92
977.245
976.546
978.734
981.439
980.568
979.115
976.526
975.946
980.942
976.461
974.349
974.528
974.684
974.845
974.977
975.021
974.954
974.644
974.161
974.523
975.441
975.708
975.923
976.65
976.468
975.428
975.407
974.767
974.617
975.702
976.989
976.877
977.591
978.683
978.682
977.416
975.25
976.458
976.771
975.81
975.494
976.639
976.86
977.734
978.76
978.475
978.01
979.195
978.825
977.85
976.24
975.599
976.782
978.616
978.406
977.431
975.92
975.822
980.948
975.296
974.305
974.489
974.63
974.775
974.892
974.929
974.863
974.582
974.149
974.46
975.236
975.415
975.408
975.94
975.962
975.072
974.955
974.631
974.497
975.236
976.199
975.865
976.508
977.333
977.548
976.586
974.879
975.637
975.688
975.048
975.126
976.141
975.972
976.4
977.486
977.394
976.849
977.643
977.307
976.722
975.657
975.104
975.933
977.214
977.215
976.489
975.538
975.717
980.969
985.625
986.901
986.581
986.868
986.518
985.519
975.051
974.083
974.082
974.079
974.084
974.088
974.084
974.081
974.081
974.08
974.072
974.077
974.073
974.072
974.081
974.075
974.077
974.082
974.079
974.072
974.072
974.077
974.076
974.073
974.071
974.069
974.069
974.069
974.069
974.069
974.069
974.069
974.069
974.069
974.069
974.069
974.069
974.069
974.069
974.069
974.069
974.069
974.069
974.069
974.069
974.069
974.069
974.069
974.069
974.044
975.758
1082.7
7412.52
15219.6
6206.94
974.069
3619.21
4955.42
5437.95
6087.78
6714.27
7189.05
7359.11
7535.62
7877.48
7513.92
7767.83
6155.23
9247.82
1095.19
974.188
974.07
974.069
974.069
974.069
974.069
974.071
975.072
977.504
974.069
974.069
3619.05
979.03
986.372
978.897
986.761
979.067
979.195
986.793
986.892
974.117
974.081
974.08
974.082
974.086
974.087
974.082
974.082
974.077
974.075
974.071
974.079
974.071
974.072
974.081
974.081
974.086
974.079
974.078
974.07
974.075
974.077
974.075
974.071
974.072
974.069
974.069
974.069
974.072
974.069
974.069
974.069
2422.33
974.069
974.069
974.069
974.069
974.069
974.069
974.069
974.069
974.069
974.069
974.069
974.069
974.069
974.069
974.069
974.069
974.069
974.069
974.068
973.858
970.362
3062.33
5104.28
2721.52
6288.08
3938.49
5664.89
6194.99
6695.22
7158.01
7029.27
7481.62
6936.27
5234.55
4319.28
975.475
974.078
974.069
974.069
974.069
974.069
974.069
974.069
974.069
974.12
977.533
979.053
979.21
979.093
974.073
974.072
974.071
974.072
974.073
974.072
974.072
974.071
974.071
974.07
974.071
974.07
974.07
974.072
974.07
974.07
974.071
974.071
974.07
974.07
974.072
974.071
974.071
974.069
974.069
974.069
974.069
974.069
974.069
974.069
974.069
974.069
974.069
974.069
974.069
974.069
974.069
974.069
974.069
974.069
974.069
974.069
974.069
974.069
973.99
984.254
1654.17
974.069
983.685
974.109
974.069
974.069
974.069
974.069
974.069
974.08
974.073
974.073
974.071
974.072
974.071
974.07
974.07
974.071
974.069
974.07
974.071
974.072
974.073
974.071
974.071
974.069
974.071
974.072
974.071
974.069
974.069
974.069
974.069
974.069
974.069
974.069
974.069
974.069
974.069
974.069
974.069
974.069
974.069
974.069
974.069
974.069
974.063
974.106
869.428
3791.94
974.078
974.071
974.29
974.069
974.069
974.069
974.069
974.307
974.07
974.069
974.071
974.845
974.069
975.615
975.543
977.288
975.802
974.069
974.07
974.07
974.069
974.069
974.069
974.069
974.069
974.069
974.069
974.069
974.069
974.069
974.069
974.069
974.069
974.069
974.069
974.069
974.069
974.069
974.069
974.069
974.069
974.069
974.069
974.069
974.069
974.069
974.069
974.069
974.069
974.069
974.069
974.069
974.07
974.069
974.069
974.069
974.069
974.069
1046.84
974.272
974.069
974.069
974.069
974.069
974.069
974.069
974.069
974.069
974.069
974.069
974.069
974.069
974.069
974.069
974.069
974.069
974.069
974.069
974.069
974.063
973.193
970.759
1753.86
5800.74
974.076
974.07
3357.4
2226.65
982.496
2386.22
2192.78
2542.25
974.069
974.106
974.069
974.069
974.069
974.711
974.169
974.069
974.069
974.069
974.069
974.069
974.071
974.07
974.077
974.069
974.069
974.069
974.069
974.069
974.071
977.406
3965.07
4301.36
4304.19
2918.08
3602.87
4020.95
1700
1324.13
1084.94
1020.19
974.069
974.069
975.71
974.548
974.487
974.069
974.069
974.908
974.069
974.069
2799.62
2868.14
2236.31
974.948
974.069
974.069
975.772
974.559
975.359
974.069
974.069
974.069
974.069
974.069
974.069
974.069
974.069
974.262
974.069
974.069
974.069
974.069
974.069
974.069
974.069
974.069
974.069
974.069
974.069
974.069
974.069
974.069
974.069
974.069
974.069
974.069
974.069
1976.39
974.069
974.069
974.069
974.069
974.069
974.069
974.069
974.069
974.069
974.113
974.069
974.069
974.069
974.069
974.069
974.069
974.069
974.069
974.069
974.069
974.069
974.069
974.069
974.069
974.069
974.069
974.069
974.069
974.069
973.965
972.867
836.67
974.069
974.069
3401.26
975.525
974.107
974.076
974.069
974.069
975.707
974.509
974.54
974.069
974.069
974.069
974.069
974.468
974.069
3750.61
3738.08
2623.46
2772.55
2233.09
1168.4
2800.68
974.069
973.787
974.068
974.069
974.069
1627.8
974.069
974.069
942.794
974.045
974.069
974.069
974.069
974.069
974.069
974.069
974.069
974.069
974.069
974.069
974.069
974.069
974.069
974.069
974.069
974.069
974.069
974.069
974.069
974.069
974.069
974.069
974.069
974.069
974.069
974.069
974.069
974.069
974.069
974.069
974.069
974.069
974.069
974.069
974.069
974.069
974.069
974.069
974.069
974.069
974.069
974.069
974.069
974.069
974.069
974.069
974.069
1136.32
974.069
974.069
974.069
974.069
974.069
974.069
974.084
974.163
974.069
974.069
974.069
974.069
974.069
974.069
974.069
974.069
974.069
974.069
974.069
974.069
974.069
974.069
974.069
974.069
974.069
1962.78
974.069
974.069
974.069
974.069
974.069
974.069
974.069
974.069
974.069
974.069
1010.75
974.069
973.574
974.069
974.069
1700.04
974.069
974.069
974.069
974.069
974.069
974.069
974.069
974.069
974.069
974.069
974.069
974.069
974.069
974.069
974.069
974.069
974.069
974.069
974.069
974.069
974.069
974.069
974.069
974.069
974.069
974.069
974.069
974.069
974.069
974.069
974.069
974.069
974.069
974.069
974.069
974.069
1023.28
974.069
974.069
974.069
974.069
974.069
974.069
974.068
974.069
974.069
974.07
974.069
974.069
974.069
1682.45
974.069
974.069
974.085
974.17
974.072
974.183
974.069
2080.12
974.069
974.069
974.069
974.069
974.069
974.069
974.069
974.069
974.07
974.069
974.072
975.869
980.955
974.446
974.069
1374.78
2336.62
996.203
974.069
974.069
974.069
974.069
974.069
974.069
974.069
974.069
974.069
974.069
974.069
1046.7
1111.87
1072.24
1016.68
974.069
974.069
974.069
974.07
974.069
974.069
974.069
974.043
974.065
973.972
974.069
974.069
914.359
838.854
974.19
995.618
974.069
974.069
974.175
984.783
974.069
974.069
974.193
974.096
974.094
974.069
974.069
974.069
974.069
974.069
974.069
974.069
974.069
974.069
974.071
974.069
1905.08
974.069
974.069
974.069
974.069
974.069
974.069
974.069
974.069
974.069
974.069
974.069
974.069
974.069
974.069
974.069
974.069
974.069
974.069
974.069
974.069
974.069
974.069
974.069
974.069
974.069
974.069
974.069
1325.93
974.069
974.069
974.069
974.069
974.069
968.319
974.069
974.069
956.058
1762.98
1613.87
974.069
974.069
974.069
1603.74
1454.53
1564.52
1784.53
974.076
974.092
1255.8
974.069
993.906
982.081
979.721
974.069
974.069
974.069
974.069
974.069
974.069
974.069
974.069
974.069
974.069
972.703
974.069
974.069
974.069
974.069
974.069
974.069
974.069
974.069
974.069
974.069
977.419
974.069
974.069
974.069
974.069
974.069
974.069
974.069
974.069
974.09
974.069
974.069
974.069
974.069
974.069
974.069
974.069
974.069
974.069
974.069
974.069
974.069
974.069
974.071
974.069
974.069
974.069
974.069
974.069
974.069
974.069
974.069
974.069
974.069
972.371
974.069
974.069
974.069
974.069
974.069
974.069
974.069
974.069
974.069
974.069
974.069
974.069
974.069
974.069
974.069
974.069
974.069
1260.35
974.069
974.069
974.069
974.069
974.069
974.069
974.069
974.069
974.069
974.069
974.069
1181
974.069
974.069
974.069
974.069
974.069
974.069
974.069
974.069
974.069
974.069
974.069
974.069
974.069
974.069
974.069
1248.53
974.069
974.069
974.069
974.069
974.183
974.093
974.095
974.069
974.069
974.069
974.069
974.069
974.069
974.069
974.069
974.069
974.069
974.069
1015.48
974.069
974.069
974.069
974.069
974.069
974.069
974.069
974.069
974.069
974.069
847.069
974.069
974.069
974.069
974.069
974.094
974.074
974.069
974.069
974.069
974.069
974.069
974.069
916.475
974.069
974.069
974.069
974.069
968.552
974.069
974.069
974.069
974.069
974.069
974.069
974.067
974.069
974.069
976.745
974.069
974.069
974.069
974.069
974.069
974.069
974.069
974.069
974.074
922.337
974.069
974.069
1103.93
974.069
974.069
974.152
974.069
974.069
974.069
974.069
976.382
1144.22
1145.67
974.069
974.069
974.069
974.069
974.069
974.069
974.069
975.405
976.254
974.069
1016.31
978.808
974.069
974.069
974.069
974.069
974.069
974.069
1227.1
974.069
974.069
974.074
974.07
974.069
974.069
974.069
974.069
974.069
974.069
974.07
974.069
974.073
974.069
974.069
974.069
974.069
982.73
974.069
974.069
974.069
974.069
974.069
981.32
973.994
974.059
973.808
974.069
974.069
974.069
974.069
974.069
974.069
974.069
974.069
974.069
974.979
974.069
974.069
974.069
974.069
974.074
974.07
974.07
974.069
974.069
974.069
974.069
974.069
974.069
974.069
974.069
977.572
974.372
974.145
974.069
974.069
974.069
974.069
974.069
974.069
974.069
974.069
967.736
974.069
974.069
974.069
927.189
974.069
974.069
974.069
974.069
974.069
974.069
974.069
974.558
974.069
974.069
974.069
974.069
1028.23
974.069
974.069
974.069
974.069
974.069
974.069
974.069
974.069
974.069
974.069
974.069
974.069
974.069
974.069
974.069
1063.35
958.097
1206.76
974.069
974.069
974.069
974.069
974.069
974.069
974.069
974.069
974.069
974.069
1040.37
974.425
974.225
974.069
974.469
974.069
974.069
974.069
974.069
982.726
974.069
974.069
974.069
974.069
974.069
974.069
974.069
974.069
974.069
974.069
974.069
974.069
974.069
974.069
974.069
974.069
974.069
974.069
974.069
974.07
974.069
974.069
974.069
974.069
974.069
974.069
974.069
974.069
974.069
974.069
974.069
974.069
974.069
974.069
974.069
974.069
974.069
974.617
974.069
974.069
974.069
974.069
974.069
974.069
974.069
974.069
974.069
974.069
974.069
974.069
974.069
974.069
974.069
974.069
974.069
974.069
974.069
974.562
974.069
974.069
974.069
974.069
974.075
974.069
974.069
974.069
974.262
974.069
974.069
974.084
974.074
974.069
974.069
974.069
974.069
951.773
974.069
974.07
974.069
974.069
974.069
974.069
974.069
974.069
974.069
974.069
974.069
974.069
974.069
974.069
973.353
974.069
974.069
974.069
974.34
974.843
974.069
974.069
974.069
974.069
986.688
1021.9
974.331
974.069
974.069
974.069
974.064
974.069
1117.59
974.069
974.069
974.069
974.069
974.069
974.069
974.069
974.069
974.069
976.774
974.069
973.862
974.069
974.069
974.069
974.069
974.069
974.069
974.069
974.069
974.069
974.069
978.647
986.193
974.069
974.069
974.069
974.069
974.069
974.069
974.069
974.069
974.069
974.109
974.069
974.069
974.069
974.069
974.069
974.07
974.069
974.069
974.069
974.069
974.069
974.069
975.391
974.069
974.069
974.069
974.104
974.081
974.069
974.069
974.069
974.069
974.069
974.069
974.069
974.069
974.069
974.069
974.069
974.069
974.03
974.069
974.069
974.069
974.069
974.069
974.069
974.069
974.069
974.069
974.069
974.069
974.069
974.069
974.069
974.113
974.088
974.069
974.069
974.069
974.069
974.069
974.069
975.475
974.069
974.069
974.069
974.069
974.069
974.069
974.069
974.069
978.929
974.836
974.069
974.069
974.069
974.069
974.069
974.069
974.069
974.069
974.069
974.069
974.173
974.116
974.069
974.069
974.069
974.069
974.069
974.069
974.069
974.069
974.069
974.069
974.049
973.623
974.069
974.069
974.069
974.069
974.069
974.069
974.07
974.069
974.084
974.083
974.069
974.176
974.069
974.069
974.069
974.069
974.069
974.069
974.069
974.069
974.069
974.069
974.069
974.069
974.069
974.091
974.069
974.069
974.069
974.069
974.069
974.069
974.069
974.069
975.606
975.885
974.069
974.069
974.069
974.095
974.069
974.069
974.069
974.061
974.036
974.069
974.072
974.069
974.069
974.069
974.069
974.069
974.069
974.069
974.073
974.974
974.069
974.073
974.071
974.071
975.415
974.088
974.069
974.069
974.178
974.083
974.172
974.072
974.069
974.069
974.093
974.088
974.069
974.069
974.069
974.069
974.069
974.069
974.069
974.069
974.069
974.069
974.069
974.069
974.071
974.072
974.069
974.071
974.07
974.069
974.069
974.07
974.069
974.069
974.069
974.069
974.069
974.069
974.069
974.069
974.07
974.07
974.071
974.069
974.069
974.069
974.069
974.069
974.069
974.069
974.069
974.069
974.069
974.069
974.07
974.069
974.069
974.069
974.069
974.071
974.071
974.069
974.069
974.069
974.069
974.069
974.069
974.069
974.07
974.069
974.069
974.069
974.069
974.069
974.069
974.07
974.069
974.069
974.069
974.069
974.069
974.069
974.069
974.069
974.069
974.069
974.069
974.069
974.069
974.069
974.069
974.069
974.069
974.069
974.069
974.069
974.069
974.069
974.069
974.069
974.069
974.069
974.069
974.069
974.069
974.069
974.069
974.069
974.069
974.069
974.069
974.069
974.069
974.069
974.069
974.069
974.069
974.069
974.069
985.497
986.402
986.561
987.38
986.448
985.625
975.072
974.071
974.069
974.069
974.069
974.069
974.07
974.212
1101.23
11529.7
9992.08
7737.94
6388.86
7035.09
6936.85
6924.4
6845.24
6451.22
5947.53
5308.21
4575.79
4181.38
6489.48
14814.9
5619.51
6210.45
2474.74
980.348
946.629
974.066
974.069
974.069
974.069
974.069
974.069
974.069
974.069
974.069
974.069
974.069
974.069
974.069
974.069
974.069
974.069
974.069
974.069
974.069
974.069
974.069
974.069
974.07
974.069
974.072
974.071
974.075
974.077
974.076
974.07
974.077
974.074
974.08
974.073
974.071
974.078
974.079
974.087
974.074
974.076
974.074
974.08
974.087
974.085
974.083
974.078
974.079
974.086
974.093
978.449
977.533
5089.79
974.069
974.07
978.686
986.06
978.753
987.288
986.782
979.436
979.018
986.935
974.309
974.12
4813.33
974.08
974.069
974.069
974.069
974.069
974.069
974.079
975.758
974.069
6039.16
5545.89
5600.01
6693.85
6599.13
6784.77
6373.19
5983.19
5546.75
4659
4027.09
2828.31
3735.37
1190.15
914.584
973.782
974.069
974.069
974.069
974.069
974.069
974.069
974.069
974.069
974.069
974.069
974.069
974.069
974.069
974.069
974.069
974.069
974.069
974.069
974.069
974.069
974.069
974.07
974.07
979.291
974.069
974.07
974.073
974.071
974.076
974.077
974.074
974.071
974.078
974.077
974.074
974.072
974.074
974.076
974.083
974.084
974.077
974.073
974.081
974.079
974.089
974.086
974.081
974.074
974.084
974.082
974.469
981.062
974.069
979.08
974.07
974.069
974.069
974.069
974.069
974.072
974.879
7271.44
1454.53
971.208
974.069
974.069
974.069
974.069
974.069
974.069
974.069
974.069
974.069
974.069
974.069
974.069
974.069
974.069
974.069
974.069
974.069
974.069
974.069
974.069
974.069
974.072
974.072
974.071
974.07
974.071
974.07
974.07
974.07
974.07
974.07
974.071
974.072
974.071
974.07
974.071
974.071
974.074
974.073
974.071
974.07
974.072
974.072
974.16
974.069
974.069
974.069
974.069
974.069
974.069
974.069
974.069
974.069
974.069
974.069
974.069
974.069
974.071
974.07
974.072
974.07
974.07
974.07
974.071
974.072
974.07
974.07
974.07
974.071
974.073
974.073
974.071
974.071
974.072
974.073
974.073
979.676
974.116
974.069
974.069
974.069
974.069
974.069
974.069
974.069
974.069
974.069
974.069
974.069
974.069
974.042
923.069
1038.14
2635.42
929.986
974.069
974.071
974.072
975.541
974.128
974.069
974.069
974.276
1160.29
974.069
974.069
974.069
974.069
974.069
974.069
974.069
974.069
974.069
974.07
974.072
974.079
1445.73
975.144
974.069
974.069
974.069
3519.36
974.069
974.069
974.069
974.07
974.078
974.116
974.071
1348.48
974.069
861.744
973.856
2186.77
934.98
881.887
974.069
964.219
938.587
972.997
974.069
974.065
974.044
974.069
974.069
974.069
974.069
974.069
974.069
974.069
974.069
974.069
974.069
974.069
974.069
974.069
974.069
974.069
974.069
974.069
974.069
974.069
974.069
974.069
974.069
974.069
974.069
974.069
974.069
974.069
974.069
974.069
974.069
974.069
974.069
974.069
974.069
974.069
974.069
974.069
974.069
974.069
974.069
974.07
974.069
974.069
974.07
974.07
974.069
974.069
974.069
974.069
975.372
974.427
974.069
974.069
974.069
974.069
974.069
974.069
974.069
974.069
974.069
974.069
974.069
974.069
974.069
974.069
974.069
974.069
974.069
974.069
974.069
974.069
974.069
974.069
974.072
976.187
974.069
974.069
975.66
988.769
977.41
2273.7
3688.65
2971.57
4697.82
4404.91
3987.36
3281.74
2738.8
2224.03
2346.82
2367.02
1521.36
1003.6
974.069
974.069
974.956
974.069
974.452
974.069
975.674
974.069
974.069
1007.84
1023.44
975.849
974.654
974.548
1896.81
974.069
974.069
974.069
974.069
974.069
974.069
976.287
974.069
974.069
974.159
974.069
974.069
974.07
974.231
1141.11
974.069
974.069
974.069
2142.87
974.069
974.085
974.069
974.069
974.069
974.069
974.069
974.069
974.069
974.069
974.069
974.069
974.069
974.069
975.776
974.069
974.512
974.069
974.069
974.069
974.069
974.069
974.069
974.069
974.069
974.069
974.069
974.069
974.069
974.069
974.069
974.069
974.069
974.069
974.069
974.069
974.069
974.643
974.069
4255.83
2714.9
2206.02
3712.45
1552.95
975.552
974.485
2763.94
3964.46
3241.62
2784.6
974.069
974.069
974.069
974.069
974.069
974.069
974.069
974.069
974.069
974.069
974.069
974.069
974.069
974.069
974.069
974.069
974.069
974.069
974.069
974.069
974.069
974.069
974.069
974.069
974.069
974.07
974.069
974.069
974.069
974.069
974.069
974.069
974.069
974.069
974.069
974.069
974.069
974.069
974.069
974.069
974.069
974.069
974.069
974.069
974.069
974.069
974.069
974.069
974.069
974.069
974.069
974.069
974.069
974.069
974.069
974.069
974.069
1407.03
974.174
974.069
974.069
974.069
974.069
974.069
925.893
974.069
974.082
974.069
974.069
974.069
974.069
2453.22
974.069
974.069
974.069
1738.75
1916.78
1399.54
974.069
974.069
974.069
974.069
974.069
974.069
974.069
974.069
974.069
974.069
974.069
974.069
974.069
974.069
974.069
974.069
974.069
974.069
974.069
974.069
974.151
974.082
974.089
974.069
974.069
980.597
1125.03
974.326
974.124
975.269
974.069
974.069
974.069
992.8
974.069
974.069
974.069
974.069
974.069
974.069
974.069
974.069
974.069
974.069
974.069
974.069
974.069
974.069
974.069
974.069
974.069
974.069
974.069
974.069
974.069
974.069
974.069
974.069
974.07
974.072
974.069
974.069
974.069
974.069
974.069
974.069
974.069
974.069
974.069
974.069
974.069
974.069
974.069
974.069
974.069
974.069
974.069
974.069
974.069
1006.24
1057.47
1023.43
1403.31
974.069
974.069
974.169
974.086
974.069
974.069
913.967
881.753
974.069
974.069
1895.14
2120.39
974.069
974.069
974.069
974.069
974.069
974.069
974.069
979.628
975.311
979.202
974.185
974.093
974.203
974.097
974.069
1739.47
984.475
974.069
974.07
974.072
974.069
974.069
974.069
974.069
974.069
974.069
974.069
974.069
974.069
974.069
974.069
964.026
969.377
974.069
974.069
974.069
974.069
974.069
974.07
974.072
974.069
2067.27
2660.8
974.069
974.069
974.056
974.068
974.069
974.069
974.069
974.069
974.069
1284.42
974.069
1101.57
974.069
974.069
974.069
974.199
974.096
974.069
974.069
974.069
974.069
974.069
974.069
974.069
974.069
974.069
1076.35
974.069
974.069
974.069
974.069
974.069
974.069
974.069
974.069
974.069
974.069
974.069
974.069
974.069
974.069
974.069
974.069
974.069
974.069
974.069
974.069
974.069
974.069
974.069
1763.59
974.069
974.069
974.069
974.069
974.069
974.069
996.417
2114.1
974.069
974.069
974.069
974.069
974.069
974.069
974.069
974.069
974.069
974.069
974.069
974.069
974.069
974.069
974.069
974.069
974.069
974.069
974.069
974.069
974.069
974.069
974.069
974.069
974.069
974.069
974.069
974.069
974.069
974.069
974.069
974.069
974.069
974.069
973.735
974.069
974.069
974.069
974.069
974.069
974.069
974.068
974.069
974.069
974.016
974.069
974.069
974.069
974.069
974.069
961.463
974.069
974.069
1350.05
974.069
974.069
974.069
974.069
974.069
974.069
974.069
974.069
974.069
974.069
977.163
974.069
974.069
974.069
974.069
974.069
974.069
974.069
974.069
1298.02
1144.35
974.069
974.069
974.069
974.069
974.069
974.069
974.069
974.069
983.658
974.069
974.069
974.069
974.069
974.069
974.069
974.069
974.069
1335.34
974.069
974.069
974.069
974.069
974.069
974.069
974.069
974.069
974.069
974.069
974.074
974.069
974.069
974.069
1407.11
974.069
974.069
974.069
974.069
1021.68
974.069
974.069
974.069
939.481
974.069
974.069
975.914
974.069
974.069
974.069
974.069
974.069
974.069
974.069
974.069
974.069
974.069
979.546
976.416
978.348
974.069
974.069
974.069
974.069
973.114
974.03
974.891
974.763
974.074
974.069
974.069
974.069
938.626
974.069
974.072
984.608
974.07
974.074
974.069
974.069
1214.13
974.069
1262.88
974.069
974.069
974.065
974.069
974.069
974.069
974.069
974.069
974.069
974.069
974.069
974.069
974.069
974.069
974.069
974.069
974.069
974.069
974.069
974.069
974.069
974.069
974.069
974.069
974.069
974.069
974.069
981.626
974.069
974.069
1024.45
974.069
974.069
974.069
974.069
974.069
974.069
974.073
974.069
974.132
974.079
974.251
974.069
974.069
974.069
974.069
975.432
974.07
974.069
974.069
974.069
974.069
974.069
974.069
974.069
974.069
974.069
974.069
974.069
974.069
974.069
974.069
974.069
974.069
974.069
974.069
974.069
974.069
974.069
974.069
974.069
1188.14
974.069
974.069
974.069
974.069
974.069
974.07
974.069
974.069
974.069
974.069
974.069
974.07
974.069
974.069
974.069
974.07
974.069
974.069
974.069
974.069
974.069
974.069
975.08
974.069
974.069
974.069
973.049
970.789
973.922
974.069
974.069
974.069
974.331
974.069
974.069
974.066
974.069
974.069
974.069
974.069
974.069
974.069
974.069
974.069
974.069
974.069
974.069
986.404
974.069
974.069
966.394
973.832
1038.16
973.407
974.069
974.069
974.069
974.069
974.069
974.069
974.069
974.069
974.069
974.069
974.069
974.069
974.069
974.069
974.069
974.069
1084.47
969.391
976.197
973.829
974.069
974.069
974.069
974.069
974.069
974.069
974.069
974.069
974.069
974.069
974.069
974.069
974.069
974.069
974.069
974.069
974.069
974.069
974.069
974.069
974.069
1116.82
1073.15
1046.26
974.069
974.069
974.069
974.069
974.069
974.069
974.069
974.069
989.622
994.216
974.069
974.069
974.069
974.069
974.069
974.069
974.069
974.069
974.069
974.069
974.069
974.069
974.069
974.069
974.069
974.069
974.069
974.069
974.069
974.069
974.07
974.069
974.069
974.069
974.069
974.069
974.069
974.069
974.069
974.069
974.069
974.069
974.069
974.069
974.069
974.069
974.069
974.069
974.598
974.069
974.678
975.419
974.069
974.069
974.069
974.069
974.069
974.069
974.069
974.069
974.069
974.069
974.069
974.058
974.069
974.069
974.069
974.069
974.069
974.069
974.069
974.069
974.069
974.069
974.082
974.069
974.069
974.069
974.069
974.069
974.316
974.069
974.069
974.069
974.069
974.069
974.069
974.069
974.069
974.069
974.069
974.069
974.069
974.069
974.069
974.267
974.069
974.069
974.069
974.069
974.069
974.069
974.069
974.069
974.069
974.069
974.069
974.069
974.069
974.069
974.069
974.069
974.069
974.069
974.069
974.069
974.477
974.069
974.07
974.071
974.069
974.069
974.688
974.069
974.19
974.18
974.069
974.069
974.069
974.069
974.069
974.069
974.069
974.069
974.069
974.069
974.133
974.069
974.069
974.069
974.069
974.069
974.069
974.069
974.069
974.069
974.069
974.112
974.069
974.363
974.069
974.069
974.069
974.069
974.069
974.069
974.069
974.069
974.069
974.069
974.069
974.069
974.069
974.069
974.069
974.069
974.069
974.069
974.069
974.069
974.113
974.069
974.069
974.069
974.069
974.069
974.069
974.069
974.069
974.069
974.069
974.069
974.069
974.069
974.069
974.069
974.069
974.069
974.069
974.069
974.106
974.069
974.069
974.069
974.069
974.069
974.069
974.069
974.069
974.069
974.069
974.069
974.069
974.069
974.069
974.069
974.069
974.069
974.069
974.069
974.069
974.069
974.069
974.069
977.551
974.069
974.069
974.069
974.069
974.069
974.069
974.069
974.069
974.069
974.069
974.069
974.112
974.069
974.118
974.069
974.069
974.069
974.069
974.07
974.069
974.3
974.314
974.069
974.069
974.069
974.069
974.069
974.069
974.069
974.069
974.069
974.095
974.069
974.084
974.087
974.069
974.069
974.069
977.05
974.076
975.16
975.395
974.471
974.177
974.069
986.905
974.071
974.087
974.076
974.085
974.069
974.069
974.069
974.069
974.069
974.069
1013.82
983.866
974.069
974.07
974.069
974.069
974.069
974.069
974.069
974.069
974.069
974.069
974.069
974.069
974.069
974.069
974.074
977.061
974.069
974.09
975.074
974.069
974.678
974.069
974.103
974.104
974.069
974.069
974.069
974.069
974.069
974.833
974.092
974.069
974.069
974.069
974.071
974.072
974.07
974.069
974.073
974.069
974.069
974.069
974.069
974.069
974.07
974.069
974.072
974.07
974.071
974.069
974.069
974.069
974.069
974.069
974.069
974.069
974.069
974.069
974.069
974.114
974.117
974.069
974.07
974.069
974.082
974.069
974.069
974.069
974.069
974.069
974.069
974.069
974.069
974.073
974.069
974.07
974.069
974.069
974.069
974.069
974.069
974.069
974.069
974.069
974.069
974.069
974.069
974.069
974.069
974.069
974.069
974.069
974.069
974.07
974.069
974.072
974.069
974.069
974.069
974.069
974.069
974.069
974.07
974.069
974.069
974.069
974.069
974.069
974.069
974.069
974.069
974.069
974.069
974.069
974.069
974.069
974.069
974.069
974.069
974.069
974.069
974.069
974.069
974.069
974.069
974.07
974.069
974.069
974.069
974.069
974.069
974.069
974.069
974.069
974.069
974.069
974.069
974.069
974.069
974.069
974.069
974.069
974.069
974.069
974.069
974.069
974.069
974.069
974.069
974.069
974.069
974.069
974.069
974.069
974.069
974.069
)
;

boundaryField
{
    bullet
    {
        type            kqRWallFunction;
        value           nonuniform List<scalar> 
30
(
7772.76
7821.16
7842.91
7728.12
6611.58
5824.95
5295.79
4972.79
4124.93
3535.03
2675.46
2346.77
1999.19
4373.32
14374.5
10681.6
7783.1
2138.02
2154.52
2546.94
3459.52
3985.11
4749.6
5413.35
6285.83
6332.77
6812.67
7458.67
8332.24
8078.77
)
;
    }
    topWall
    {
        type            inletOutlet;
        inletValue      uniform 1000;
        value           nonuniform List<scalar> 
50
(
980.942
976.133
977.63
982.705
987.235
990.121
1000
978.809
979.264
987.702
1000
1000
1000
1000
986.014
1000
1000
979.128
977.358
1000
988.167
1000
1000
983.483
984.362
987.525
986.69
986.453
980.887
1000
975.151
975.313
978.714
1000
980.131
980.072
978.292
976.862
976.182
974.747
974.203
974.838
975.229
975.294
975.221
975.043
974.834
974.634
1000
1000
)
;
    }
    bottomWall
    {
        type            inletOutlet;
        inletValue      uniform 1000;
        value           nonuniform List<scalar> 
50
(
975.66
1000
975.746
991.863
1000
1000
990.916
1000
1000
1000
986.746
982.003
978.643
977.203
975.016
974.253
974.624
975.083
975.249
975.184
975.028
974.83
974.633
974.387
1000
981.212
976.117
1000
1000
1000
1000
1000
1000
1000
1000
1000
1000
993.877
1000
1000
983.399
1000
1000
984.473
983.899
977.124
974.85
974.342
975.575
976.542
)
;
    }
    inlet
    {
        type            fixedValue;
        value           uniform 1000;
    }
    outlet
    {
        type            inletOutlet;
        inletValue      uniform 1000;
        value           nonuniform List<scalar> 
30
(
974.069
974.069
974.069
974.069
974.07
974.07
974.07
974.069
974.069
974.072
993.104
983.979
978.663
976.02
974.984
993.424
984.572
979.254
976.461
975.296
974.071
974.069
974.069
974.069
974.069
974.069
974.069
974.069
974.069
974.069
)
;
    }
    defaultFaces
    {
        type            empty;
    }
}


// ************************************************************************* //
