/*--------------------------------*- C++ -*----------------------------------*\
  =========                 |
  \\      /  F ield         | OpenFOAM: The Open Source CFD Toolbox
   \\    /   O peration     | Website:  https://openfoam.org
    \\  /    A nd           | Version:  6
     \\/     M anipulation  |
\*---------------------------------------------------------------------------*/
FoamFile
{
    version     2.0;
    format      ascii;
    class       volScalarField;
    location    "0.0001";
    object      nut;
}
// * * * * * * * * * * * * * * * * * * * * * * * * * * * * * * * * * * * * * //

dimensions      [0 2 -1 0 0 0 0];

internalField   nonuniform List<scalar> 
3704
(
0.337837
0.337742
0.339065
0.338768
0.338817
0.338947
0.338836
0.338709
0.338713
0.338675
0.338689
0.338674
0.33861
0.338717
0.338842
0.338263
0.338911
0.338648
0.338166
0.338266
0.337876
0.337709
0.337667
0.337753
0.337823
0.337776
0.338167
0.337798
0.338692
0.338949
0.338885
0.338669
0.338764
0.338729
0.338697
0.338153
0.337994
0.337889
0.337826
0.337699
0.337652
0.337687
0.337714
0.337722
0.337717
0.337708
0.337696
0.337684
0.337667
0.338756
0.337841
0.33775
0.338456
0.338931
0.338961
0.338402
0.338944
0.338941
0.338923
0.33891
0.338935
0.338916
0.338922
0.338956
0.338873
0.338271
0.338859
0.338232
0.338434
0.338477
0.337928
0.33772
0.33767
0.337774
0.33786
0.337798
0.337836
0.337816
0.338886
0.338826
0.338891
0.338895
0.338912
0.338959
0.338944
0.338489
0.338181
0.337978
0.337881
0.337715
0.337655
0.337694
0.337728
0.337738
0.337732
0.337721
0.337706
0.337691
0.33767
0.338882
0.337847
0.337759
0.337996
0.338684
0.338617
0.338173
0.338675
0.338823
0.33882
0.33887
0.338866
0.338886
0.338872
0.338856
0.338659
0.338364
0.338536
0.338245
0.338518
0.338473
0.337954
0.337731
0.337674
0.337806
0.337911
0.337822
0.337754
0.337829
0.338538
0.338412
0.338512
0.33861
0.338774
0.338771
0.33886
0.338658
0.338336
0.338077
0.337953
0.337736
0.337659
0.337705
0.33775
0.337763
0.337755
0.33774
0.337721
0.337701
0.337675
0.338567
0.337853
0.337762
0.337808
0.338376
0.33828
0.3381
0.338412
0.338583
0.338633
0.338711
0.338668
0.338738
0.338703
0.338649
0.338494
0.338356
0.338341
0.338281
0.338399
0.338331
0.337942
0.337734
0.337677
0.337832
0.337949
0.337834
0.33773
0.337825
0.338149
0.338182
0.338256
0.338288
0.338526
0.338457
0.338651
0.338596
0.338355
0.338129
0.338003
0.337752
0.337662
0.337714
0.337768
0.337785
0.337776
0.337757
0.337733
0.33771
0.337679
0.338184
0.337857
0.337759
0.337743
0.338185
0.338106
0.338065
0.338257
0.338398
0.338486
0.338565
0.338502
0.338599
0.338559
0.338487
0.338385
0.338292
0.338245
0.338269
0.338263
0.338209
0.337916
0.337732
0.337678
0.337841
0.33796
0.337832
0.337719
0.337812
0.337936
0.33809
0.338148
0.338101
0.338338
0.338239
0.338484
0.338476
0.338301
0.338129
0.338016
0.337757
0.337663
0.337717
0.337775
0.337793
0.337783
0.337763
0.337738
0.337714
0.337681
0.337957
0.0230051
0.0201931
0.0104088
0.0104742
0.011379
0.0132225
0.0141417
0.0154665
0.016593
0.0173102
0.0174482
0.0182526
0.0191505
0.0202164
0.0169833
0.166803
0.0849454
0.0194103
0.0221696
0.0226381
0.0285696
0.0385197
0.0519907
0.0668353
0.072075
0.0703927
0.0680799
0.0726252
0.0706017
0.0712691
0.215956
0.0913441
0.0380945
0.0365718
0.0454609
0.0469825
0.0606778
0.080653
0.0980123
0.103828
0.102273
0.0959111
0.0885898
0.0761372
0.084447
0.231719
0.0874613
0.0519317
0.0594306
0.0627835
0.0651425
0.0787752
0.101424
0.11179
0.11476
0.111617
0.101283
0.0864804
0.075345
0.0834845
0.243
0.0821782
0.0650501
0.0875923
0.0753482
0.0816499
0.0934468
0.111293
0.113758
0.107697
0.0992742
0.0945417
0.0890625
0.0853153
0.0966896
0.0165004
0.0193613
0.0193394
0.0196675
0.018092
0.0168423
0.0160723
0.0156761
0.0143594
0.0133676
0.0116768
0.0109278
0.0101621
0.0162775
0.02681
0.0707884
0.0702997
0.0732592
0.0764668
0.0709365
0.0659853
0.0622953
0.0492488
0.0389325
0.029552
0.0248584
0.0213734
0.0175532
0.0455944
0.155075
0.0854762
0.0791117
0.0859674
0.0971648
0.0994714
0.101901
0.0955764
0.0785741
0.0622182
0.0478456
0.0469666
0.0355857
0.0348146
0.078719
0.211645
0.0884806
0.0783704
0.0843952
0.0967241
0.107721
0.11246
0.110012
0.100084
0.0807576
0.0661328
0.0654347
0.0497121
0.0522624
0.0873031
0.22837
0.107613
0.0929794
0.0967744
0.0932131
0.0965674
0.101518
0.109826
0.108879
0.0945872
0.0825986
0.0768108
0.072036
0.0737238
0.089217
0.223509
0.338741
0.338437
0.337684
0.337697
0.337709
0.337719
0.337724
0.337721
0.337696
0.337651
0.337696
0.337808
0.33783
0.337898
0.337953
0.338095
0.339064
0.338034
0.337757
0.337729
0.338157
0.337962
0.338395
0.338446
0.338233
0.338092
0.338241
0.339035
0.338854
0.338399
0.338736
0.337884
0.337911
0.338889
0.338727
0.338166
0.338879
0.338805
0.33867
0.33869
0.338551
0.338018
0.337995
0.338702
0.338389
0.338458
0.338129
0.337896
0.337738
0.337808
0.338881
0.337929
0.337691
0.337706
0.337722
0.337735
0.337741
0.337738
0.337707
0.337653
0.337706
0.337838
0.337877
0.33798
0.33808
0.338162
0.338531
0.338092
0.337773
0.337745
0.337988
0.33811
0.338654
0.338617
0.338566
0.338324
0.338401
0.33871
0.338936
0.338764
0.338834
0.337938
0.338004
0.338935
0.338932
0.338454
0.338843
0.338966
0.338907
0.338887
0.338522
0.33811
0.338082
0.338685
0.338767
0.338539
0.338326
0.33795
0.337747
0.337809
0.338623
0.337734
0.337701
0.337721
0.337741
0.337759
0.337767
0.337762
0.337724
0.337655
0.337719
0.33788
0.337932
0.33805
0.338184
0.338152
0.338089
0.338056
0.337789
0.337759
0.338023
0.33823
0.338547
0.338569
0.338687
0.338513
0.338403
0.338173
0.338543
0.338634
0.338461
0.337969
0.338085
0.338578
0.338783
0.338628
0.33864
0.338743
0.338878
0.338835
0.338521
0.338157
0.338084
0.33849
0.33879
0.338604
0.338426
0.337994
0.337758
0.33781
0.338275
0.33769
0.337711
0.337734
0.337758
0.33778
0.33779
0.337784
0.337738
0.337657
0.337728
0.337909
0.337964
0.338055
0.338194
0.338127
0.33795
0.337976
0.337795
0.337761
0.33801
0.338255
0.338322
0.338433
0.338614
0.338555
0.33833
0.337925
0.338215
0.338331
0.338111
0.337953
0.33813
0.338288
0.338511
0.338611
0.338527
0.338507
0.338727
0.338674
0.338465
0.338125
0.338007
0.338265
0.338628
0.338553
0.338378
0.338001
0.337763
0.337812
0.338051
0.337682
0.337714
0.337739
0.337765
0.337788
0.337799
0.337792
0.337743
0.337657
0.33773
0.337915
0.337966
0.338022
0.338153
0.338102
0.33791
0.337912
0.33779
0.337754
0.337972
0.338221
0.33817
0.338315
0.338507
0.338512
0.338263
0.337848
0.338062
0.338131
0.337939
0.337922
0.338134
0.338143
0.338312
0.338522
0.338453
0.338363
0.338584
0.338527
0.338373
0.33807
0.337933
0.338135
0.33848
0.338462
0.33829
0.337983
0.33776
0.337815
0.337941
0.337979
0.337967
0.337975
0.337965
0.337939
0.337667
0.337643
0.337643
0.337643
0.337645
0.337646
0.337645
0.337643
0.337643
0.337643
0.33764
0.337642
0.33764
0.33764
0.337643
0.337641
0.337642
0.337644
0.337643
0.33764
0.33764
0.337641
0.337641
0.33764
0.33764
0.337639
0.337639
0.337639
0.337639
0.337639
0.337639
0.337639
0.337639
0.337639
0.337639
0.337639
0.337639
0.337639
0.337639
0.337639
0.337639
0.337639
0.337639
0.337639
0.337639
0.337639
0.337639
0.337639
0.337639
0.337464
0.317449
0.211567
0.156978
0.225074
0.0773386
0.337639
0.08005
0.102524
0.101245
0.111112
0.11584
0.119205
0.115548
0.112806
0.106382
0.110308
0.119368
0.11213
0.115478
0.262363
0.337664
0.337639
0.337639
0.337639
0.337639
0.337639
0.337639
0.337666
0.337728
0.337639
0.337639
0.195769
0.337773
0.337961
0.337769
0.337972
0.337774
0.337777
0.337973
0.337978
0.337641
0.337643
0.337643
0.337644
0.337645
0.337645
0.337644
0.337643
0.337642
0.337641
0.337639
0.337642
0.337639
0.33764
0.337643
0.337643
0.337645
0.337642
0.337642
0.337639
0.337641
0.337641
0.337641
0.33764
0.33764
0.337639
0.337639
0.337639
0.33764
0.337639
0.337639
0.337639
0.217052
0.337639
0.337639
0.337639
0.337639
0.337639
0.337639
0.337639
0.337639
0.337639
0.337639
0.337639
0.337639
0.337639
0.337639
0.337639
0.337639
0.337639
0.337639
0.337631
0.335088
0.265354
0.153036
0.100853
0.0563136
0.0559242
0.0933865
0.110472
0.115272
0.118372
0.117508
0.113085
0.113643
0.108892
0.096082
0.155635
0.337798
0.33764
0.337639
0.337639
0.337639
0.337639
0.337639
0.337639
0.337639
0.33764
0.337729
0.337773
0.337778
0.337775
0.33764
0.33764
0.337639
0.33764
0.33764
0.33764
0.33764
0.33764
0.33764
0.337639
0.33764
0.337639
0.337639
0.33764
0.337639
0.337639
0.33764
0.337639
0.337639
0.337639
0.33764
0.33764
0.337639
0.337639
0.337639
0.337639
0.337639
0.337639
0.337639
0.337639
0.337639
0.337639
0.337639
0.337639
0.337639
0.337639
0.337639
0.337639
0.337639
0.337639
0.337639
0.337639
0.337639
0.337637
0.336965
0.297325
0.158438
0.337639
0.338396
0.337647
0.337639
0.337639
0.337639
0.337639
0.337639
0.337639
0.33764
0.33764
0.33764
0.33764
0.337639
0.337639
0.337639
0.33764
0.337639
0.337639
0.33764
0.33764
0.33764
0.337639
0.337639
0.337639
0.337639
0.33764
0.337639
0.337639
0.337639
0.337639
0.337639
0.337639
0.337639
0.337639
0.337639
0.337639
0.337639
0.337639
0.337639
0.337639
0.337639
0.337639
0.337639
0.337639
0.337602
0.33023
0.226415
0.135826
0.337639
0.33764
0.337645
0.337639
0.337639
0.337639
0.337639
0.337645
0.337639
0.337639
0.337639
0.337791
0.337639
0.337681
0.33768
0.337724
0.337687
0.337639
0.337639
0.337639
0.337639
0.337639
0.337639
0.337639
0.337639
0.337639
0.337639
0.337639
0.337639
0.337639
0.337639
0.337639
0.337639
0.337639
0.337639
0.337639
0.337639
0.337639
0.337639
0.337639
0.337639
0.337639
0.337639
0.337639
0.337639
0.337639
0.337639
0.337639
0.337639
0.337639
0.337639
0.337639
0.337639
0.337639
0.337639
0.337639
0.337639
0.337639
0.299768
0.337645
0.337639
0.337639
0.337639
0.337639
0.337639
0.337639
0.337639
0.337639
0.337639
0.337639
0.337639
0.337639
0.337639
0.337639
0.337639
0.337639
0.337639
0.337639
0.337639
0.337609
0.331116
0.301652
0.153974
0.0561561
0.337639
0.337639
0.0856216
0.0672684
0.33831
0.0773046
0.0814995
0.0769588
0.337639
0.337646
0.337639
0.337639
0.337639
0.337768
0.33766
0.337639
0.337639
0.337639
0.337639
0.337639
0.337639
0.337639
0.337639
0.337639
0.337639
0.337639
0.337639
0.337639
0.337639
0.337728
0.0953312
0.0997435
0.103792
0.208975
0.227706
0.229374
0.230561
0.2615
0.310012
0.335994
0.337639
0.337639
0.337684
0.337653
0.337651
0.337639
0.337639
0.337662
0.337639
0.337639
0.0751514
0.10966
0.0730505
0.337663
0.337639
0.337639
0.337686
0.337654
0.337874
0.337639
0.337639
0.337639
0.337639
0.337639
0.337639
0.337639
0.337639
0.337644
0.337639
0.337639
0.337639
0.337639
0.337639
0.337639
0.337639
0.337639
0.337639
0.337639
0.337639
0.337639
0.337639
0.337639
0.337639
0.337639
0.337639
0.337639
0.337639
0.134447
0.337639
0.337639
0.337639
0.337639
0.337639
0.337639
0.337639
0.337639
0.337639
0.33764
0.337639
0.337639
0.337639
0.337639
0.337639
0.337639
0.337639
0.337639
0.337639
0.337639
0.337639
0.337639
0.337639
0.337639
0.337639
0.337639
0.337639
0.337639
0.337638
0.337065
0.322451
0.226153
0.337639
0.337639
0.089784
0.337679
0.33764
0.33764
0.337639
0.337639
0.337684
0.337652
0.337653
0.337639
0.337639
0.337639
0.337639
0.337651
0.337639
0.0987329
0.0948607
0.203816
0.222567
0.198787
0.267758
0.233014
0.337639
0.335766
0.337634
0.337639
0.337639
0.223962
0.337639
0.337639
0.278537
0.337513
0.337639
0.337639
0.337639
0.337639
0.337639
0.337639
0.337639
0.337639
0.337639
0.337639
0.337639
0.337639
0.337639
0.337639
0.337639
0.337639
0.337639
0.337639
0.337639
0.337639
0.337639
0.337639
0.337639
0.337639
0.337639
0.337639
0.337639
0.337639
0.337639
0.337639
0.337639
0.337639
0.337639
0.337639
0.337639
0.337639
0.337639
0.337639
0.337639
0.337639
0.337639
0.337639
0.337639
0.337639
0.337639
0.337639
0.337639
0.192521
0.337639
0.337639
0.337639
0.337639
0.337639
0.337639
0.337639
0.337642
0.337639
0.337639
0.337639
0.337639
0.337639
0.337639
0.337639
0.337639
0.337639
0.337639
0.337639
0.337639
0.337639
0.337639
0.337639
0.337639
0.337639
0.0759695
0.337639
0.337639
0.337639
0.337639
0.337639
0.337639
0.337639
0.337639
0.337639
0.337639
0.335325
0.337639
0.336807
0.337639
0.337639
0.0967484
0.337639
0.337639
0.337639
0.337639
0.337639
0.337639
0.337639
0.337639
0.337639
0.337639
0.337639
0.337639
0.337639
0.337639
0.337639
0.337639
0.337639
0.337639
0.337639
0.337639
0.337639
0.337639
0.337639
0.337639
0.337639
0.337639
0.337639
0.337639
0.337639
0.337639
0.337639
0.337639
0.337639
0.337639
0.337639
0.337639
0.216784
0.337639
0.337639
0.337639
0.337639
0.337639
0.337639
0.337637
0.337639
0.337639
0.337639
0.337639
0.337639
0.337639
0.117082
0.337639
0.337639
0.337639
0.337642
0.337639
0.337662
0.337639
0.0826908
0.337639
0.337639
0.337639
0.337639
0.337639
0.337639
0.337639
0.337639
0.337639
0.337639
0.337639
0.338006
0.338784
0.337718
0.337639
0.258815
0.0804848
0.338684
0.337639
0.337639
0.337639
0.337639
0.337639
0.337639
0.337639
0.337639
0.337639
0.337639
0.337639
0.329295
0.325443
0.334283
0.336953
0.337639
0.337639
0.337639
0.337639
0.337639
0.337639
0.337639
0.337594
0.337632
0.33747
0.337639
0.337639
0.292982
0.266627
0.337643
0.338394
0.337639
0.337639
0.337642
0.339113
0.337639
0.337639
0.337643
0.33764
0.33764
0.337639
0.337639
0.337639
0.337639
0.337639
0.337639
0.337639
0.337639
0.337639
0.337639
0.337639
0.0799321
0.337639
0.337639
0.337639
0.337639
0.337639
0.337639
0.337639
0.337639
0.337639
0.337639
0.337639
0.337639
0.337639
0.337639
0.337639
0.337639
0.337639
0.337639
0.337639
0.337639
0.337639
0.337639
0.337639
0.337639
0.337639
0.337639
0.337639
0.17657
0.337639
0.337639
0.337639
0.337639
0.337639
0.328744
0.337639
0.337639
0.318814
0.0767824
0.0775519
0.337639
0.337639
0.337639
0.0918311
0.111555
0.0856822
0.0865477
0.33764
0.337644
0.274829
0.337639
0.340113
0.339067
0.338746
0.337639
0.337639
0.337639
0.337639
0.337639
0.337639
0.337639
0.337639
0.337639
0.337639
0.335283
0.337639
0.337639
0.337639
0.337639
0.337639
0.337639
0.337639
0.337639
0.337639
0.337639
0.338289
0.337639
0.337639
0.337639
0.337639
0.337639
0.337639
0.337639
0.337639
0.337639
0.337639
0.337639
0.337639
0.337639
0.337639
0.337639
0.337639
0.337639
0.337639
0.337639
0.337639
0.337639
0.337639
0.337639
0.337639
0.337639
0.337639
0.337639
0.337639
0.337639
0.337639
0.337639
0.337639
0.337639
0.33655
0.337639
0.337639
0.337639
0.337639
0.337639
0.337639
0.337639
0.337639
0.337639
0.337639
0.337639
0.337639
0.337639
0.337639
0.337639
0.337639
0.337639
0.108981
0.337639
0.337639
0.337639
0.337639
0.337639
0.337639
0.337639
0.337639
0.337639
0.337639
0.337639
0.228473
0.337639
0.337639
0.337639
0.337639
0.337639
0.337639
0.337639
0.337639
0.337639
0.337639
0.337639
0.337639
0.337639
0.337639
0.337639
0.124536
0.337639
0.337639
0.337639
0.337639
0.337642
0.33764
0.33764
0.337639
0.337639
0.337639
0.337639
0.337639
0.337639
0.337639
0.337639
0.337639
0.337639
0.337639
0.332121
0.337639
0.337639
0.337639
0.337639
0.337639
0.337639
0.337639
0.337639
0.337639
0.337639
0.294276
0.337639
0.337639
0.337639
0.337639
0.337644
0.33764
0.337639
0.337639
0.337639
0.337639
0.337639
0.337639
0.31688
0.337639
0.337639
0.337639
0.337639
0.33463
0.337639
0.337639
0.337639
0.337639
0.337639
0.337639
0.337637
0.337639
0.337639
0.338172
0.337639
0.337639
0.337639
0.337639
0.337639
0.337639
0.337639
0.337639
0.337639
0.288144
0.337639
0.337639
0.173296
0.337639
0.337639
0.337656
0.337639
0.337639
0.337639
0.337639
0.338106
0.147148
0.173783
0.337639
0.337639
0.337639
0.337639
0.337639
0.337639
0.337639
0.337911
0.338073
0.337639
0.332236
0.338527
0.337639
0.337639
0.337639
0.337639
0.337639
0.337639
0.110634
0.337639
0.337639
0.337639
0.337639
0.337639
0.337639
0.337639
0.337639
0.337639
0.337639
0.337639
0.337639
0.337639
0.337639
0.337639
0.337639
0.337639
0.339141
0.337639
0.337639
0.337639
0.337639
0.337639
0.338964
0.337586
0.337631
0.337458
0.337639
0.337639
0.337639
0.337639
0.337639
0.337639
0.337639
0.337639
0.337639
0.337828
0.337639
0.337639
0.337639
0.337639
0.337639
0.337639
0.337639
0.337639
0.337639
0.337639
0.337639
0.337639
0.337639
0.337639
0.337639
0.338322
0.337699
0.337654
0.337639
0.337639
0.337639
0.337639
0.337639
0.337639
0.337639
0.337639
0.334666
0.337639
0.337639
0.337639
0.292032
0.337639
0.337639
0.337639
0.337639
0.337639
0.337639
0.337639
0.337738
0.337639
0.337639
0.337639
0.337639
0.258986
0.337639
0.337639
0.337639
0.337639
0.337639
0.337639
0.337639
0.337639
0.337639
0.337639
0.337639
0.337639
0.337639
0.337639
0.337639
0.163548
0.248529
0.119821
0.337639
0.337639
0.337639
0.337639
0.337639
0.337639
0.337639
0.337639
0.337639
0.337639
0.281877
0.337711
0.33767
0.337639
0.337721
0.337639
0.337639
0.337639
0.337639
0.337774
0.337639
0.337639
0.337639
0.337639
0.337639
0.337639
0.337639
0.337639
0.337639
0.337639
0.337639
0.337639
0.337639
0.337639
0.337639
0.337639
0.337639
0.337639
0.337639
0.337639
0.337639
0.337639
0.337639
0.337639
0.337639
0.337639
0.337639
0.337639
0.337639
0.337639
0.337639
0.337639
0.337639
0.337639
0.337639
0.337639
0.337639
0.337752
0.337639
0.337639
0.337639
0.337639
0.337639
0.337639
0.337639
0.337639
0.337639
0.337639
0.337639
0.337639
0.337639
0.337639
0.337639
0.337639
0.337639
0.337639
0.337639
0.337741
0.337639
0.337639
0.337639
0.337639
0.337639
0.337639
0.337639
0.337639
0.337678
0.337639
0.337639
0.337642
0.33764
0.337639
0.337639
0.337639
0.337639
0.328195
0.337639
0.337639
0.337639
0.337639
0.337639
0.337639
0.337639
0.337639
0.337639
0.337639
0.337639
0.337639
0.337639
0.337639
0.337305
0.337639
0.337639
0.337639
0.337694
0.337788
0.337639
0.337639
0.337639
0.337639
0.338915
0.321552
0.337692
0.337639
0.337639
0.337639
0.337636
0.337639
0.140678
0.337639
0.337639
0.337639
0.337639
0.337639
0.337639
0.337639
0.337639
0.337639
0.208987
0.337639
0.337543
0.337639
0.337639
0.337639
0.337639
0.337639
0.337639
0.337639
0.337639
0.337639
0.337639
0.321427
0.307611
0.337639
0.337639
0.337639
0.337639
0.337639
0.337639
0.337639
0.337639
0.337639
0.337647
0.337639
0.337639
0.337639
0.337639
0.337639
0.337639
0.337639
0.337639
0.337639
0.337639
0.337639
0.337639
0.337913
0.337639
0.337639
0.337639
0.337646
0.337641
0.337639
0.337639
0.337639
0.337639
0.337639
0.337639
0.337639
0.337639
0.337639
0.337639
0.337639
0.337639
0.337565
0.337639
0.337639
0.337639
0.337639
0.337639
0.337639
0.337639
0.337639
0.337639
0.337639
0.337639
0.337639
0.337639
0.337639
0.337648
0.337642
0.337639
0.337639
0.337639
0.337639
0.337639
0.337639
0.337789
0.337639
0.337639
0.337639
0.337639
0.337639
0.337639
0.337639
0.337639
0.336166
0.33774
0.337639
0.337639
0.337639
0.337639
0.337639
0.337639
0.337639
0.337639
0.337639
0.337639
0.33766
0.337648
0.337639
0.337639
0.337639
0.337639
0.337639
0.337639
0.337639
0.337639
0.337639
0.337639
0.337629
0.332437
0.337639
0.337639
0.337639
0.337639
0.337639
0.337639
0.337639
0.337639
0.337642
0.337642
0.337639
0.33766
0.337639
0.337639
0.337639
0.337639
0.337639
0.337639
0.337639
0.337639
0.337639
0.337639
0.337639
0.337639
0.337639
0.337643
0.337639
0.337639
0.337639
0.337639
0.337639
0.337639
0.337639
0.337639
0.336809
0.337494
0.337639
0.337639
0.337639
0.337644
0.337639
0.337639
0.337639
0.337636
0.337629
0.337639
0.337639
0.337639
0.337639
0.337639
0.337639
0.337639
0.337639
0.337639
0.33764
0.337514
0.337639
0.33764
0.337639
0.337639
0.337654
0.337643
0.337639
0.337639
0.337656
0.337642
0.337657
0.337639
0.337639
0.337639
0.337643
0.337642
0.337639
0.337639
0.337639
0.337639
0.337639
0.337639
0.337639
0.337639
0.337639
0.337639
0.337639
0.337639
0.337639
0.337639
0.337639
0.337639
0.337639
0.337639
0.337639
0.337639
0.337639
0.337639
0.337639
0.337639
0.337639
0.337639
0.337639
0.337639
0.337639
0.337639
0.337639
0.337639
0.337639
0.337639
0.337639
0.337639
0.337639
0.337639
0.337639
0.337639
0.337639
0.337639
0.337639
0.337639
0.337639
0.337639
0.337639
0.337639
0.337639
0.337639
0.337639
0.337639
0.337639
0.337639
0.337639
0.337639
0.337639
0.337639
0.337639
0.337639
0.337639
0.337639
0.337639
0.337639
0.337639
0.337639
0.337639
0.337639
0.337639
0.337639
0.337639
0.337639
0.337639
0.337639
0.337639
0.337639
0.337639
0.337639
0.337639
0.337639
0.337639
0.337639
0.337639
0.337639
0.337639
0.337639
0.337639
0.337639
0.337639
0.337639
0.337639
0.337639
0.337639
0.337639
0.337639
0.337639
0.337639
0.337639
0.337639
0.337639
0.337639
0.337639
0.337639
0.337639
0.337639
0.337639
0.337639
0.337935
0.337962
0.337966
0.33799
0.337963
0.337941
0.337666
0.337639
0.337639
0.337639
0.337639
0.337639
0.337639
0.337669
0.221408
0.133874
0.131509
0.186235
0.153778
0.111082
0.110472
0.111381
0.114715
0.110813
0.108109
0.0977361
0.0912171
0.0935256
0.0620977
0.21239
0.057714
0.0748337
0.137572
0.295342
0.330851
0.337633
0.337639
0.337639
0.337639
0.337639
0.337639
0.337639
0.337639
0.337639
0.337639
0.337639
0.337639
0.337639
0.337639
0.337639
0.337639
0.337639
0.337639
0.337639
0.337639
0.337639
0.337639
0.337639
0.337639
0.33764
0.33764
0.337641
0.337641
0.337641
0.337639
0.337642
0.337641
0.337643
0.33764
0.33764
0.337642
0.337643
0.337645
0.33764
0.337641
0.337641
0.337643
0.337645
0.337645
0.337644
0.337642
0.337643
0.337645
0.337642
0.337756
0.337729
0.19755
0.337639
0.337639
0.337763
0.337952
0.337765
0.337988
0.337973
0.337784
0.337772
0.33798
0.337646
0.33764
0.2406
0.337639
0.337639
0.337639
0.337639
0.337639
0.337639
0.337641
0.337759
0.337639
0.296981
0.215853
0.125007
0.11831
0.111128
0.113428
0.114045
0.11163
0.107669
0.0934599
0.0901346
0.0667185
0.0821324
0.255877
0.316878
0.337462
0.337639
0.337639
0.337639
0.337639
0.337639
0.337639
0.337639
0.337639
0.337639
0.337639
0.337639
0.337639
0.337639
0.337639
0.337639
0.337639
0.337639
0.337639
0.337639
0.337639
0.337639
0.337639
0.337639
0.33778
0.337639
0.337639
0.33764
0.337639
0.337641
0.337641
0.33764
0.33764
0.337642
0.337642
0.337641
0.33764
0.337641
0.337641
0.337644
0.337644
0.337642
0.33764
0.337643
0.337642
0.337646
0.337645
0.337643
0.337641
0.337645
0.337644
0.337652
0.342762
0.337639
0.337774
0.337639
0.337639
0.337639
0.337639
0.337639
0.337639
0.337796
0.131833
0.181509
0.336643
0.337638
0.337639
0.337639
0.337639
0.337639
0.337639
0.337639
0.337639
0.337639
0.337639
0.337639
0.337639
0.337639
0.337639
0.337639
0.337639
0.337639
0.337639
0.337639
0.337639
0.337639
0.33764
0.33764
0.337639
0.337639
0.337639
0.337639
0.337639
0.337639
0.337639
0.337639
0.33764
0.33764
0.337639
0.337639
0.33764
0.337639
0.33764
0.33764
0.33764
0.337639
0.33764
0.33764
0.337642
0.337639
0.337639
0.337639
0.337639
0.337639
0.337639
0.337639
0.337639
0.337639
0.337639
0.337639
0.337639
0.337639
0.337639
0.337639
0.33764
0.337639
0.337639
0.337639
0.337639
0.33764
0.337639
0.337639
0.337639
0.33764
0.33764
0.33764
0.33764
0.33764
0.33764
0.33764
0.337639
0.337791
0.337648
0.337639
0.337639
0.337639
0.337639
0.337639
0.337639
0.337639
0.337639
0.337639
0.337639
0.337639
0.337639
0.337608
0.324156
0.276432
0.0946967
0.309157
0.337639
0.337639
0.33764
0.337679
0.337651
0.337639
0.337639
0.337645
0.277542
0.337639
0.337639
0.337639
0.337639
0.337639
0.337639
0.337639
0.337639
0.337639
0.337639
0.337639
0.337641
0.286317
0.337854
0.337639
0.337639
0.337639
0.0574239
0.337639
0.337639
0.337639
0.337639
0.337639
0.33764
0.337639
0.268303
0.337639
0.299572
0.337366
0.108169
0.270166
0.292108
0.337638
0.332776
0.323842
0.336639
0.337639
0.337627
0.337587
0.337637
0.337639
0.337639
0.337639
0.337639
0.337639
0.337639
0.337639
0.337639
0.337639
0.337639
0.337639
0.337639
0.337639
0.337639
0.337639
0.337639
0.337639
0.337639
0.337639
0.337639
0.337639
0.337639
0.337639
0.337639
0.337639
0.337639
0.337639
0.337639
0.337639
0.337639
0.337639
0.337639
0.337639
0.337639
0.337639
0.337639
0.337639
0.337639
0.337639
0.337639
0.337639
0.337639
0.337639
0.337639
0.337639
0.337639
0.337639
0.337639
0.337675
0.337649
0.337639
0.337639
0.337639
0.337639
0.337639
0.337639
0.337639
0.337639
0.337639
0.337639
0.337639
0.337639
0.337639
0.337639
0.337639
0.337639
0.337639
0.337639
0.337639
0.337639
0.337639
0.337639
0.337639
0.337698
0.337639
0.337639
0.337682
0.34007
0.337728
0.271998
0.250159
0.20959
0.105237
0.10123
0.0956451
0.0843372
0.0798766
0.0733503
0.0785606
0.0788009
0.163348
0.233952
0.337639
0.337639
0.337663
0.337639
0.33765
0.337639
0.337683
0.337639
0.337639
0.342128
0.345215
0.337688
0.337657
0.337653
0.133276
0.337639
0.337639
0.337639
0.337639
0.337639
0.337639
0.33814
0.337639
0.337639
0.337642
0.337639
0.337639
0.337639
0.337674
0.315003
0.337639
0.337639
0.337639
0.0950172
0.337639
0.337639
0.337639
0.337639
0.337639
0.337639
0.337639
0.337639
0.337639
0.337639
0.337639
0.337639
0.337639
0.337639
0.337686
0.337639
0.337652
0.337639
0.337639
0.337639
0.337639
0.337639
0.337639
0.337639
0.337639
0.337639
0.337639
0.337639
0.337639
0.337639
0.337639
0.337639
0.337639
0.337639
0.337639
0.337639
0.337639
0.337656
0.337639
0.102207
0.201992
0.218648
0.234752
0.263588
0.33768
0.337651
0.220155
0.0980649
0.0875357
0.0799904
0.337639
0.337639
0.337639
0.337639
0.337639
0.337639
0.337639
0.337639
0.337639
0.337639
0.337639
0.337639
0.337639
0.337639
0.337639
0.337639
0.337639
0.337639
0.337639
0.337639
0.337639
0.337639
0.337639
0.337639
0.337639
0.337639
0.337639
0.337639
0.337639
0.337639
0.337639
0.337639
0.337639
0.337639
0.337639
0.337639
0.337639
0.337639
0.337639
0.337639
0.337639
0.337639
0.337639
0.337639
0.337639
0.337639
0.337639
0.337639
0.337639
0.337639
0.337639
0.337639
0.337639
0.337639
0.337639
0.337639
0.337639
0.18111
0.337642
0.337639
0.337639
0.337639
0.337639
0.337639
0.31614
0.337639
0.337641
0.337639
0.337639
0.337639
0.337639
0.0818344
0.337639
0.337639
0.337639
0.102693
0.0886303
0.137484
0.337639
0.337639
0.337639
0.337639
0.337639
0.337639
0.337639
0.337639
0.337639
0.337639
0.337639
0.337639
0.337639
0.337639
0.337639
0.337639
0.337639
0.337639
0.337639
0.337639
0.337641
0.337639
0.337639
0.337639
0.337639
0.33894
0.322039
0.337691
0.33765
0.337889
0.337639
0.337639
0.337639
0.340596
0.337639
0.337639
0.337639
0.337639
0.337639
0.337639
0.337639
0.337639
0.337639
0.337639
0.337639
0.337639
0.337639
0.337639
0.337639
0.337639
0.337639
0.337639
0.337639
0.337639
0.337639
0.337639
0.337639
0.337639
0.337639
0.337639
0.337639
0.337639
0.337639
0.337639
0.337639
0.337639
0.337639
0.337639
0.337639
0.337639
0.337639
0.337639
0.337639
0.337639
0.337639
0.337639
0.337639
0.337639
0.337639
0.337445
0.330585
0.335842
0.263002
0.337639
0.337639
0.337642
0.337639
0.337639
0.337639
0.267822
0.299297
0.337639
0.337639
0.0746902
0.0769738
0.337639
0.337639
0.337639
0.337639
0.337639
0.337639
0.337639
0.33886
0.337895
0.338694
0.337642
0.33764
0.337643
0.33764
0.337639
0.0823104
0.33938
0.337639
0.337639
0.337639
0.337639
0.337639
0.337639
0.337639
0.337639
0.337639
0.337639
0.337639
0.337639
0.337639
0.337639
0.329861
0.334246
0.337639
0.337639
0.337639
0.337639
0.337639
0.337639
0.337639
0.337639
0.0822499
0.0836652
0.337639
0.337638
0.337628
0.337637
0.337639
0.337639
0.337639
0.337639
0.337639
0.271408
0.337639
0.232204
0.337639
0.337639
0.337639
0.337643
0.33764
0.337639
0.337639
0.337639
0.337639
0.337639
0.337639
0.337639
0.337639
0.337639
0.331988
0.337639
0.337639
0.337639
0.337639
0.337639
0.337639
0.337639
0.337639
0.337639
0.337639
0.337639
0.337639
0.337639
0.337639
0.337639
0.337639
0.337639
0.337639
0.337639
0.337639
0.337639
0.337639
0.337639
0.0759494
0.337639
0.337639
0.337639
0.337639
0.337639
0.337639
0.338949
0.0802573
0.337639
0.337639
0.337639
0.337639
0.337639
0.337639
0.337639
0.337639
0.337639
0.337639
0.337639
0.337639
0.337639
0.337639
0.337639
0.337639
0.337639
0.337639
0.337639
0.337639
0.337639
0.337639
0.337639
0.337639
0.337639
0.337639
0.337639
0.337639
0.337639
0.337639
0.337639
0.337639
0.337639
0.337639
0.337381
0.337639
0.337639
0.337639
0.337639
0.337639
0.337639
0.337638
0.337639
0.337639
0.337593
0.337639
0.337639
0.337639
0.337639
0.337639
0.279124
0.337639
0.337639
0.101586
0.337639
0.337639
0.337639
0.337639
0.337639
0.337639
0.337639
0.337639
0.337639
0.337639
0.33825
0.337639
0.337639
0.337639
0.337639
0.337639
0.337639
0.337639
0.337639
0.110399
0.151538
0.337639
0.337639
0.337639
0.337639
0.337639
0.337639
0.337639
0.337639
0.33923
0.337639
0.337639
0.337639
0.337639
0.337639
0.337639
0.337639
0.337639
0.0942185
0.337639
0.337639
0.337639
0.337639
0.337639
0.337639
0.337639
0.337639
0.337639
0.337639
0.337639
0.337639
0.337639
0.337639
0.0917807
0.337639
0.337639
0.337639
0.337639
0.333269
0.337639
0.337639
0.337639
0.324053
0.337639
0.337639
0.338023
0.337639
0.337639
0.337639
0.337639
0.337639
0.337639
0.337639
0.337639
0.337639
0.337639
0.338631
0.338107
0.338455
0.337639
0.337639
0.337639
0.337639
0.336844
0.337622
0.337812
0.337781
0.337639
0.337639
0.337639
0.337639
0.315075
0.337639
0.337639
0.339393
0.337639
0.337639
0.337639
0.337639
0.118484
0.337639
0.109643
0.337639
0.337639
0.337637
0.337639
0.337639
0.337639
0.337639
0.337639
0.337639
0.337639
0.337639
0.337639
0.337639
0.337639
0.337639
0.337639
0.337639
0.337639
0.337639
0.337639
0.337639
0.337639
0.337639
0.337639
0.337639
0.337639
0.337639
0.237742
0.337639
0.337639
0.329901
0.337639
0.337639
0.337639
0.337639
0.337639
0.337639
0.337639
0.337639
0.337651
0.337641
0.337677
0.337639
0.337639
0.337639
0.337639
0.337919
0.337639
0.337639
0.337639
0.337639
0.337639
0.337639
0.337639
0.337639
0.337639
0.337639
0.337639
0.337639
0.337639
0.337639
0.337639
0.337639
0.337639
0.337639
0.337639
0.337639
0.337639
0.337639
0.337639
0.337639
0.133595
0.337639
0.337639
0.337639
0.337639
0.337639
0.337639
0.337639
0.337639
0.337639
0.337639
0.337639
0.337639
0.337639
0.337639
0.337639
0.337639
0.337639
0.337639
0.337639
0.337639
0.337639
0.337639
0.337855
0.337639
0.337639
0.337639
0.33715
0.336097
0.337573
0.337639
0.337639
0.337639
0.337693
0.337639
0.337639
0.337638
0.337639
0.337639
0.337639
0.337639
0.337639
0.337639
0.337639
0.337639
0.337639
0.337639
0.337639
0.259819
0.337639
0.337639
0.33394
0.337534
0.199374
0.337221
0.337639
0.337639
0.337639
0.337639
0.337639
0.337639
0.337639
0.337639
0.337639
0.337639
0.337639
0.337639
0.337639
0.337639
0.337639
0.337639
0.223111
0.329932
0.318428
0.336529
0.337639
0.337639
0.337639
0.337639
0.337639
0.337639
0.337639
0.337639
0.337639
0.337639
0.337639
0.337639
0.337639
0.337639
0.337639
0.337639
0.337639
0.337639
0.337639
0.337639
0.337639
0.179093
0.283805
0.236567
0.337639
0.337639
0.337639
0.337639
0.337639
0.337639
0.337639
0.337639
0.337903
0.338635
0.337639
0.337639
0.337639
0.337639
0.337639
0.337639
0.337639
0.337639
0.337639
0.337639
0.337639
0.337639
0.337639
0.337639
0.337639
0.337639
0.337639
0.337639
0.337639
0.337639
0.337639
0.337639
0.337639
0.337639
0.337639
0.337639
0.337639
0.337639
0.337639
0.337639
0.337639
0.337639
0.337639
0.337639
0.337639
0.337639
0.337639
0.337639
0.337746
0.337639
0.337763
0.337895
0.337639
0.337639
0.337639
0.337639
0.337639
0.337639
0.337639
0.337639
0.337639
0.337639
0.337639
0.337634
0.337639
0.337639
0.337639
0.337639
0.337639
0.337639
0.337639
0.337639
0.337639
0.337639
0.337641
0.337639
0.337639
0.337639
0.337639
0.337639
0.337689
0.337639
0.337639
0.337639
0.337639
0.337639
0.337639
0.337639
0.337639
0.337639
0.337639
0.337639
0.337639
0.337639
0.337639
0.337679
0.337639
0.337639
0.337639
0.337639
0.337639
0.337639
0.337639
0.337639
0.337639
0.337639
0.337639
0.337639
0.337639
0.337639
0.337639
0.337639
0.337639
0.337639
0.337639
0.337639
0.337724
0.337639
0.337639
0.337639
0.337639
0.337639
0.337767
0.337639
0.337664
0.337661
0.337639
0.337639
0.337639
0.337639
0.337639
0.337639
0.337639
0.337639
0.337639
0.337639
0.337652
0.337639
0.337639
0.337639
0.337639
0.337639
0.337639
0.337639
0.337639
0.337639
0.337639
0.337647
0.337639
0.337699
0.337639
0.337639
0.337639
0.337639
0.337639
0.337639
0.337639
0.337639
0.337639
0.337639
0.337639
0.337639
0.337639
0.337639
0.337639
0.337639
0.337639
0.337639
0.337639
0.337639
0.337646
0.337639
0.337639
0.337639
0.337639
0.337639
0.337639
0.337639
0.337639
0.337639
0.337639
0.337639
0.337639
0.337639
0.337639
0.337639
0.337639
0.337639
0.337639
0.337639
0.337646
0.337639
0.337639
0.337639
0.337639
0.337639
0.337639
0.337639
0.337639
0.337639
0.337639
0.337639
0.337639
0.337639
0.337639
0.337639
0.337639
0.337639
0.337639
0.337639
0.337639
0.337639
0.337639
0.337639
0.337904
0.337639
0.337639
0.337639
0.337639
0.337639
0.337639
0.337639
0.337639
0.337639
0.337639
0.337639
0.337647
0.337639
0.337649
0.337639
0.337639
0.337639
0.337639
0.337639
0.337639
0.337684
0.337687
0.337639
0.337639
0.337639
0.337639
0.337639
0.337639
0.337639
0.337639
0.337639
0.337644
0.337639
0.337642
0.337642
0.337639
0.337639
0.337639
0.330153
0.33764
0.337675
0.337028
0.337705
0.337661
0.337639
0.313564
0.337639
0.337642
0.33764
0.337642
0.337639
0.337639
0.337639
0.337639
0.337639
0.337639
0.327318
0.334879
0.337639
0.337639
0.337639
0.337639
0.337639
0.337639
0.337639
0.337639
0.337639
0.337639
0.337639
0.337639
0.337639
0.337639
0.33764
0.338007
0.337639
0.337643
0.33754
0.337639
0.337723
0.337639
0.337646
0.337646
0.337639
0.337639
0.337639
0.337639
0.337639
0.33773
0.337643
0.337639
0.337639
0.337639
0.337639
0.337639
0.337639
0.337639
0.337639
0.337639
0.337639
0.337639
0.337639
0.337639
0.337639
0.337639
0.337639
0.337639
0.337639
0.337639
0.337639
0.337639
0.337639
0.337639
0.337639
0.337639
0.337639
0.337639
0.337639
0.337647
0.337646
0.337639
0.337639
0.337639
0.337641
0.337639
0.337639
0.337639
0.337639
0.337639
0.337639
0.337639
0.337639
0.337639
0.337639
0.337639
0.337639
0.337639
0.337639
0.337639
0.337639
0.337639
0.337639
0.337639
0.337639
0.337639
0.337639
0.337639
0.337639
0.337639
0.337639
0.337639
0.337639
0.337639
0.337639
0.337639
0.337639
0.337639
0.337639
0.337639
0.337639
0.337639
0.337639
0.337639
0.337639
0.337639
0.337639
0.337639
0.337639
0.337639
0.337639
0.337639
0.337639
0.337639
0.337639
0.337639
0.337639
0.337639
0.337639
0.337639
0.337639
0.337639
0.337639
0.337639
0.337639
0.337639
0.337639
0.337639
0.337639
0.337639
0.337639
0.337639
0.337639
0.337639
0.337639
0.337639
0.337639
0.337639
0.337639
0.337639
0.337639
0.337639
0.337639
0.337639
0.337639
0.337639
0.337639
0.337639
0.337639
0.337639
0.337639
0.337639
0.337639
0.337639
0.337639
0.337639
)
;

boundaryField
{
    bullet
    {
        type            nutkWallFunction;
        Cmu             0.09;
        kappa           0.41;
        E               9.8;
        value           nonuniform List<scalar> 
30
(
0.0014993
0.00173778
0.00174672
0.00175156
0.00164939
0.00159278
0.00157887
0.00151628
0.00145927
0.00139045
0.00133026
0.00125758
0.00115001
0.00178965
0.00314078
0.0028058
0.0022205
0.0012531
0.00122676
0.00128612
0.00137801
0.00143201
0.00150844
0.00159825
0.00162538
0.00162967
0.00166797
0.00171612
0.00178961
0.00151995
)
;
    }
    topWall
    {
        type            calculated;
        value           nonuniform List<scalar> 
50
(
0.337808
0.337738
0.337896
0.338129
0.338458
0.338389
0.338346
0.337995
0.338018
0.338551
0.338346
0.338346
0.338346
0.338346
0.338166
0.338346
0.338346
0.337911
0.337884
0.338346
0.338399
0.338346
0.338346
0.338241
0.338092
0.338233
0.338446
0.338395
0.337962
0.338346
0.337729
0.337757
0.338034
0.338346
0.338095
0.337953
0.337898
0.33783
0.337808
0.337696
0.337651
0.337696
0.337721
0.337724
0.337719
0.337709
0.337697
0.337684
0.338346
0.338346
)
;
    }
    bottomWall
    {
        type            calculated;
        value           nonuniform List<scalar> 
50
(
0.337776
0.338346
0.337798
0.338692
0.338346
0.338346
0.338669
0.338346
0.338346
0.338346
0.338153
0.337994
0.337889
0.337826
0.337699
0.337652
0.337687
0.337714
0.337722
0.337717
0.337708
0.337696
0.337684
0.337667
0.338346
0.337837
0.337742
0.338346
0.338346
0.338346
0.338346
0.338346
0.338346
0.338346
0.338346
0.338346
0.338346
0.33861
0.338346
0.338346
0.338263
0.338346
0.338346
0.338166
0.338266
0.337876
0.337709
0.337667
0.337753
0.337823
)
;
    }
    inlet
    {
        type            calculated;
        value           uniform 0.338346;
    }
    outlet
    {
        type            calculated;
        value           nonuniform List<scalar> 
30
(
0.337639
0.337639
0.337639
0.337639
0.337639
0.337639
0.337639
0.337639
0.337639
0.33764
0.338756
0.338882
0.338567
0.338184
0.337957
0.338741
0.338881
0.338623
0.338275
0.338051
0.33764
0.337639
0.337639
0.337639
0.337639
0.337639
0.337639
0.337639
0.337639
0.337639
)
;
    }
    defaultFaces
    {
        type            empty;
    }
}


// ************************************************************************* //
