/*--------------------------------*- C++ -*----------------------------------*\
  =========                 |
  \\      /  F ield         | OpenFOAM: The Open Source CFD Toolbox
   \\    /   O peration     | Website:  https://openfoam.org
    \\  /    A nd           | Version:  6
     \\/     M anipulation  |
\*---------------------------------------------------------------------------*/
FoamFile
{
    version     2.0;
    format      ascii;
    class       volScalarField;
    location    "0.0001";
    object      p;
}
// * * * * * * * * * * * * * * * * * * * * * * * * * * * * * * * * * * * * * //

dimensions      [1 -1 -2 0 0 0 0];

internalField   nonuniform List<scalar> 
3704
(
100000
100000
100000
100000
100000
100000
100000
100000
100000
100000
100000
100000
100000
100000
100000
100000
100000
100000
100000
100000
100000
100000
100000
100000
100000
100000
100000
100000
100000
100000
100000
100000
100000
100000
100000
100000
100000
100000
100000
100000
100000
100000
100000
100000
100000
100000
100000
100000
100000
99999.8
100000
100000
100000
100000
100000
100000
100000
100000
100000
100000
100000
100000
100000
100000
100000
100000
100000
100000
100000
100000
100000
100000
100000
100000
100000
100000
100000
100000
100000
100000
100000
100000
100000
100000
100000
100000
100000
100000
100000
100000
100000
100000
100000
100000
100000
100000
100000
100000
100000
99999.8
100000
100000
100000
100000
100000
100000
100000
100000
100000
100000
100000
100000
100000
100000
100000
100000
100000
100000
100000
100000
100000
100000
100000
100000
100000
100000
100000
100000
100000
100000
100000
100000
100000
100000
100000
100000
100000
100000
100000
100000
100000
100000
100000
100000
100000
100000
100000
100000
100000
99999.8
100000
100000
100000
100000
100000
100000
100000
100000
100000
100000
100000
100000
100000
100000
100000
100000
100000
100000
100000
100000
100000
100000
100000
100000
100000
100000
100000
100000
100000
100000
100000
100000
100000
100000
100000
100000
100000
100000
100000
100000
100000
100000
100000
100000
100000
100000
100000
100000
100000
99999.8
100000
100000
100000
100000
100000
100000
100000
100000
100000
100000
100000
100000
100000
100000
100000
100000
100000
100000
100000
100000
100000
100000
100000
100000
100000
100000
100000
100000
100000
100000
100000
100000
100000
100000
100000
100000
100000
100000
100000
100000
100000
100000
100000
100000
100000
100000
100000
100000
100000
99999.8
2523.1
1943.53
1849.93
5249.25
10063.1
25773.2
47157.3
87151.6
140187
279710
322327
399572
530807
668387
713090
6984.84
3038.93
2790.77
7730.78
12487.3
33250.9
58681.1
97094.7
169715
288957
336052
418373
541658
655505
699592
22455.2
5847.33
5799.83
16706.8
40148.9
52247.2
84726.8
113732
180360
289215
361285
441732
538005
634223
690176
38434.1
12658.6
14605.1
37164
47198.8
63851
101252
128402
190018
294505
384155
463772
534072
623827
693619
55719.8
18516.9
20830.7
36947.8
52624.5
72239
108655
143313
202130
294555
398865
500727
548944
619429
690461
688169
651786
590713
485743
345315
242115
141551
100640
48224.9
27196.6
9434.05
6062.48
1006.06
1146.88
1090.86
677123
628622
563130
484361
359774
263504
164339
108001
59969
35036
11880.9
8695.56
1610.22
1634.45
2141.1
675539
616272
559642
468074
374487
287347
184077
119777
88065.5
54916.7
40833.2
18615.2
3300.78
3067.48
6919.22
674132
600786
554540
471309
396180
293222
194253
133309
101563
64078.5
46245.1
38271.8
10076.9
6373.54
14486.6
642466
590233
535856
487025
428876
296212
202457
144031
109188
73146.6
49860.4
38461
18697.8
13002.6
13853.9
99999.8
100000
100000
100000
100000
100000
100000
100000
100000
100000
100000
100000
100000
100000
100000
100000
100000
100000
100000
100000
100000
100000
100000
100000
100000
100000
100000
100000
100000
100000
100000
100000
100000
100000
100000
100000
100000
100000
100000
100000
100000
100000
100000
100000
100000
100000
100000
100000
100000
100000
99999.8
100000
100000
100000
100000
100000
100000
100000
100000
100000
100000
100000
100000
100000
100000
100000
100000
100000
100000
100000
100000
100000
100000
100000
100000
100000
100000
100000
100000
100000
100000
100000
100000
100000
100000
100000
100000
100000
100000
100000
100000
100000
100000
100000
100000
100000
100000
100000
100000
100000
99999.8
100000
100000
100000
100000
100000
100000
100000
100000
100000
100000
100000
100000
100000
100000
100000
100000
100000
100000
100000
100000
100000
100000
100000
100000
100000
100000
100000
100000
100000
100000
100000
100000
100000
100000
100000
100000
100000
100000
100000
100000
100000
100000
100000
100000
100000
100000
100000
100000
100000
99999.8
100000
100000
100000
100000
100000
100000
100000
100000
100000
100000
100000
100000
100000
100000
100000
100000
100000
100000
100000
100000
100000
100000
100000
100000
100000
100000
100000
100000
100000
100000
100000
100000
100000
100000
100000
100000
100000
100000
100000
100000
100000
100000
100000
100000
100000
100000
100000
100000
100000
99999.8
100000
100000
100000
100000
100000
100000
100000
100000
100000
100000
100000
100000
100000
100000
100000
100000
100000
100000
100000
100000
100000
100000
100000
100000
100000
100000
100000
100000
100000
100000
100000
100000
100000
100000
100000
100000
100000
100000
100000
100000
100000
100000
100000
100000
100000
100000
100000
100000
100000
100000
100000
100000
100000
100000
100000
100000
100000
100000
100000
100000
100000
100000
100000
100000
100000
100000
100000
100000
100000
100000
100000
100000
100000
100000
100000
100000
100000
100000
100000
100000
100000
100000
100000
100000
100000
100000
100000
100000
100000
100000
100000
100000
100000
100000
100000
100000
100000
100000
100000
100000
100000
100000
100000
100000
99995.6
98167.2
54174.5
69524.3
61388.2
62210.9
100000
29807.5
46182.6
69879.7
100552
145277
195239
243512
322756
368331
353935
217821
218470
299946
101894
100015
100000
100000
100000
100000
100000
100000
100000
100000
100000
100000
106168
100000
100000
100000
100000
100000
100000
100000
100000
100000
100000
100000
100000
100000
100000
100000
100000
100000
100000
100000
100000
100000
100000
100000
100000
100000
100000
100000
100000
100000
100000
100000
100000
100000
100000
100000
100000
100000
100000
100000
100000
108881
100000
100000
100000
100000
100000
100000
100000
100000
100000
100000
100000
100000
100000
100000
100000
100000
100000
100000
99999.9
99882.7
82072.2
65028.2
69393.2
33633.2
30398.4
42999.9
97249.7
134926
171101
224117
271586
352519
258599
173781
194074
100291
100001
100000
100000
100000
100000
100000
100000
100000
100000
100000
100000
100000
100000
100000
100000
100000
100000
100000
100000
100000
100000
100000
100000
100000
100000
100000
100000
100000
100000
100000
100000
100000
100000
100000
100000
100000
100000
100000
100000
100000
100000
100000
100000
100000
100000
100000
100000
100000
100000
100000
100000
100000
100000
100000
100000
100000
100000
99975.8
94658.6
61742.2
100000
100607
100003
100000
100000
100000
100000
100000
100000
100000
100000
100000
100000
100000
100000
100000
100000
100000
100000
100000
100000
100000
100000
100000
100000
100000
100000
100000
100000
100000
100000
100000
100000
100000
100000
100000
100000
100000
100000
100000
100000
100000
100000
100000
100000
99999.3
99501.4
53505.9
59151.2
100000
100000
100000
100000
100000
100000
100000
100000
100000
100000
100000
100059
100000
100000
100000
100000
100000
100000
100000
100000
100000
100000
100000
100000
100000
100000
100000
100000
100000
100000
100000
100000
100000
100000
100000
100000
100000
100000
100000
100000
100000
100000
100000
100000
100000
100000
100000
100000
100000
100000
100000
100000
100000
100000
100000
100000
100000
100000
102395
100000
100000
100000
100000
100000
100000
100000
100000
100000
100000
100000
100000
100000
100000
100000
100000
100000
100000
100000
100000
99999.5
99578.4
95011.6
73530.5
50521.1
100000
100000
78227.9
48194.2
100669
55025.1
58005
67978
100000
100003
100000
100000
100000
100050
100011
100000
100000
100000
100000
100000
100000
100000
100000
100000
100000
100000
100000
100000
100000
100000
106004
131952
143748
127469
123802
114673
109865
110161
105955
102475
100000
100000
100000
100000
100000
100000
100000
100000
100000
100000
54705.4
59330.3
53193.3
100000
100000
100000
100000
100000
100194
100000
100000
100000
100000
100000
100000
100000
100000
100000
100000
100000
100000
100000
100000
100000
100000
100000
100000
100000
100000
100000
100000
100000
100000
100000
100000
100000
100000
67204.5
100000
100000
100000
100000
100000
100000
100000
100000
100000
100000
100000
100000
100000
100000
100000
100000
100000
100000
100000
100000
100000
100000
100000
100000
100000
100000
100000
100000
100000
99980.9
98725.7
55045.3
100000
100000
99246.3
100000
100000
100001
100000
100000
100000
100000
100000
100000
100000
100000
100000
100000
100000
133218
115520
122190
127222
118547
105760
110912
100000
99922.5
99999.9
100000
100000
112863
100000
100000
83923.6
99997.1
100000
100000
100000
100000
100000
100000
100000
100000
100000
100000
100000
100000
100000
100000
100000
100000
100000
100000
100000
100000
100000
100000
100000
100000
100000
100000
100000
100000
100000
100000
100000
100000
100000
100000
100000
100000
100000
100000
100000
100000
100000
100000
100000
100000
100000
100000
100000
65370.1
100000
100000
100000
100000
100000
100000
100000
100000
100000
100000
100000
100000
100000
100000
100000
100000
100000
100000
100000
100000
100000
100000
100000
100000
100000
96942.3
100000
100000
100000
100000
100000
100000
100000
100000
100000
100000
102357
100000
99936.5
100000
100000
65998
100000
100000
100000
100000
100000
100000
100000
100000
100000
100000
100000
100000
100000
100000
100000
100000
100000
100000
100000
100000
100000
100000
100000
100000
100000
100000
100000
100000
100000
100000
100000
100000
100000
100000
100000
100000
66724.5
100000
100000
100000
100000
100000
100000
100000
100000
100000
100000
100000
100000
100000
72010.5
100000
100000
100000
100000
100000
100010
100000
120323
100000
100000
100000
100000
100000
100000
100000
100000
100000
100000
100000
100163
100572
100036
100000
114549
118521
101368
100000
100000
100000
100000
100000
100000
100000
100000
100000
100000
100000
104085
106710
104934
102619
100000
100000
100000
100000
100000
100000
100000
99998
99999.8
99991.3
100000
100000
83726.7
65310.8
100000
101553
100000
100000
100000
100897
100000
100000
100000
100000
100000
100000
100000
100000
100000
100000
100000
100000
100000
100000
100000
100000
110569
100000
100000
100000
100000
100000
100000
100000
100000
100000
100000
100000
100000
100000
100000
100000
100000
100000
100000
100000
100000
100000
100000
100000
100000
100000
100000
100000
87037.9
100000
100000
100000
100000
100000
98750.7
100000
100000
95731.2
87659.3
92160.2
100000
100000
100000
75116.8
71942.4
90548.6
120919
100001
100002
114174
100000
101220
100757
100494
100000
100000
100000
100000
100000
100000
100000
100000
100000
100000
99783.1
100000
100000
100000
100000
100000
100000
100000
100000
100000
100000
100325
100000
100000
100000
100000
100000
100000
100000
100000
100000
100000
100000
100000
100000
100000
100000
100000
100000
100000
100000
100000
100000
100000
100000
100000
100000
100000
100000
100000
100000
100000
100000
100000
100000
99800.5
100000
100000
100000
100000
100000
100000
100000
100000
100000
100000
100000
100000
100000
100000
100000
100000
100000
105741
100000
100000
100000
100000
100000
100000
100000
100000
100000
100000
100000
93804.4
100000
100000
100000
100000
100000
100000
100000
100000
100000
100000
100000
100000
100000
100000
100000
111697
100000
100000
100000
100000
100000
100000
100000
100000
100000
100000
100000
100000
100000
100000
100000
100000
100000
100000
103766
100000
100000
100000
100000
100000
100000
100000
100000
100000
100000
73880.8
100000
100000
100000
100000
100002
100000
100000
100000
100000
100000
100000
100000
89555.8
100000
100000
100000
100000
99149.6
100000
100000
100000
100000
100000
100000
99999.9
100000
100000
100213
100000
100000
100000
100000
100000
100000
100000
100000
100000
81524.1
100000
100000
106223
100000
100000
100008
100000
100000
100000
100000
100226
106080
84295.7
100000
100000
100000
100000
100000
100000
100000
100142
100207
100000
103590
100557
100000
100000
100000
100000
100000
100000
102296
100000
100000
100000
100000
100000
100000
100000
100000
100000
100000
100000
100000
100000
100000
100000
100000
100000
100908
100000
100000
100000
100000
100000
101001
99993.6
99999.4
99975.1
100000
100000
100000
100000
100000
100000
100000
100000
100000
100123
100000
100000
100000
100000
100000
100000
100000
100000
100000
100000
100000
100000
100000
100000
100000
100360
100024
100007
100000
100000
100000
100000
100000
100000
100000
100000
99127.2
100000
100000
100000
87429.4
100000
100000
100000
100000
100000
100000
100000
100034
100000
100000
100000
100000
104397
100000
100000
100000
100000
100000
100000
100000
100000
100000
100000
100000
100000
100000
100000
100000
85232.4
89131.3
92969.2
100000
100000
100000
100000
100000
100000
100000
100000
100000
100000
108053
100034
100016
100000
100046
100000
100000
100000
100000
100694
100000
100000
100000
100000
100000
100000
100000
100000
100000
100000
100000
100000
100000
100000
100000
100000
100000
100000
100000
100000
100000
100000
100000
100000
100000
100000
100000
100000
100000
100000
100000
100000
100000
100000
100000
100000
100000
100083
100000
100000
100000
100000
100000
100000
100000
100000
100000
100000
100000
100000
100000
100000
100000
100000
100000
100000
100000
100072
100000
100000
100000
100000
100000
100000
100000
100000
100020
100000
100000
100002
100000
100000
100000
100000
100000
95738
100000
100000
100000
100000
100000
100000
100000
100000
100000
100000
100000
100000
100000
100000
99913.5
100000
100000
100000
100036
100094
100000
100000
100000
100000
101132
106324
100029
100000
100000
100000
99999.6
100000
99191.1
100000
100000
100000
100000
100000
100000
100000
100000
100000
92231.2
100000
99979.3
100000
100000
100000
100000
100000
100000
100000
100000
100000
100000
99837.4
100365
100000
100000
100000
100000
100000
100000
100000
100000
100000
100006
100000
100000
100000
100000
100000
100000
100000
100000
100000
100000
100000
100000
100137
100000
100000
100000
100003
100001
100000
100000
100000
100000
100000
100000
100000
100000
100000
100000
100000
100000
99986.5
100000
100000
100000
100000
100000
100000
100000
100000
100000
100000
100000
100000
100000
100000
100004
100002
100000
100000
100000
100000
100000
100000
100080
100000
100000
100000
100000
100000
100000
100000
100000
100425
100064
100000
100000
100000
100000
100000
100000
100000
100000
100000
100000
100011
100006
100000
100000
100000
100000
100000
100000
100000
100000
100000
100000
99998.4
99904.3
100000
100000
100000
100000
100000
100000
100000
100000
100002
100002
100000
100012
100000
100000
100000
100000
100000
100000
100000
100000
100000
100000
100000
100000
100000
100002
100000
100000
100000
100000
100000
100000
100000
100000
100205
100171
100000
100000
100000
100003
100000
100000
100000
99998.9
99994.3
100000
100000
100000
100000
100000
100000
100000
100000
100000
100000
100132
100000
100000
100000
100000
100199
100002
100000
100000
100009
100001
100012
100000
100000
100000
100003
100002
100000
100000
100000
99999.9
100000
100000
100000
100000
100000
100000
100000
100000
100000
100000
100000
100000
100000
100000
100000
100000
100000
100000
100000
100000
100000
100000
100000
100000
100000
100000
100000
100000
100000
100000
100000
100000
100000
100000
100000
100000
100000
100000
100000
100000
100000
100000
100000
100000
100000
100000
100000
100000
100000
100000
100000
100000
100000
100000
100000
100000
100000
100000
100000
100000
100000
100000
100000
100000
100000
100000
100000
100000
100000
100000
100000
100000
100000
100000
100000
100000
100000
100000
100000
100000
100000
100000
100000
100000
100000
100000
100000
100000
100000
100000
100000
100000
100000
100000
100000
100000
100000
100000
100000
100000
100000
100000
100000
100000
100000
100000
100000
100000
100000
100000
100000
100000
100000
100000
100000
100000
100016
101491
324828
346751
223525
213447
356679
316084
235751
188112
132718
95303
65856.8
40372.7
27556.1
26541.3
25916.9
36198
41265.3
71114.1
87350.6
95651.9
99999.9
100000
100000
100000
100000
100000
100000
100000
100000
100000
100000
100000
100000
100000
100000
100000
100000
100000
100000
100000
100000
100000
100000
100000
99999.9
100000
100000
100000
100000
100000
100000
100000
100000
100000
100000
100000
100000
100000
100000
100000
100000
100000
100000
100000
100000
100000
100000
100000
100000
100000
100000
97916.8
100000
100000
100000
100000
100000
100000
100000
100000
100000
100000
100000
100000
99733.5
100000
100000
100000
100000
100000
100000
100001
100284
100000
190409
213647
180686
339931
265161
216574
165404
123749
88381.4
54305.6
39260.4
28668.9
61360.8
64156.4
89138.2
99983.3
100000
100000
100000
100000
100000
100000
100000
100000
100000
100000
100000
100000
100000
100000
100000
100000
100000
100000
100000
100000
100000
100000
100000
100000
100000
100000
100000
100000
100000
100000
100000
100000
100000
100000
100000
100000
100000
100000
100000
100000
100000
100000
100000
100000
100000
100000
100000
100000
100000
100000
100000
100641
100000
100000
100000
100000
100000
100000
100000
100000
100068
69111.6
63456.6
99705.9
100000
100000
100000
100000
100000
100000
100000
100000
100000
100000
100000
100000
100000
100000
100000
100000
100000
100000
100000
100000
100000
100000
100000
100000
100000
100000
100000
100000
100000
100000
100000
100000
100000
100000
100000
100000
100000
100000
100000
100000
100000
100000
100000
100000
100000
100000
100000
100000
100000
100000
100000
100000
100000
100000
100000
100000
100000
100000
100000
100000
100000
100000
100000
100000
100000
100000
100000
100000
100000
100000
100000
100000
100000
100000
100000
100000
100000
100004
100000
100000
100000
100000
100000
100000
100000
100000
100000
100000
100000
100000
99998.8
91391.9
78570.1
64169.7
88784.2
100000
100000
100000
100000
100005
100000
100000
100000
103109
100000
100000
100000
100000
100000
100000
100000
100000
100000
100000
100000
100001
108201
100074
100000
100000
100000
40546.8
100000
100000
100000
100000
100000
100000
100000
111658
100000
79708.7
99979.2
64165.9
76015.7
79200.3
100000
98688.1
94176.4
99904.2
100000
99999.7
99998.2
100000
100000
100000
100000
100000
100000
100000
100000
100000
100000
100000
100000
100000
100000
100000
100000
100000
100000
100000
100000
100000
100000
100000
100000
100000
100000
100000
100000
100000
100000
100000
100000
100000
100000
100000
100000
100000
100000
100000
100000
100000
100000
100000
100000
100000
100000
100000
100000
100000
100000
100000
100000
100000
100000
100000
100000
100000
100000
100000
100000
100000
100000
100000
100000
100000
100000
100000
100000
100000
100000
100000
100000
100000
100000
100000
100000
100000
100000
100804
100000
112245
116286
127120
147404
133665
101821
70069.7
53928.6
39947.2
49903.2
41314.8
78614.7
70746.7
100000
100000
100000
100000
100000
100000
100000
100000
100000
102318
102472
100000
100000
100000
83524.2
100000
100000
100000
100000
100000
100000
100371
100000
100000
100000
100000
100000
100000
100020
106705
100000
100000
100000
56376.2
100000
100000
100000
100000
100000
100000
100000
100000
100000
100000
100000
100000
100000
100000
100000
100000
100000
100000
100000
100000
100000
100000
100000
100000
100000
100000
100000
100000
100000
100000
100000
100000
100000
100000
100000
100000
100000
100000
100000
140661
122360
119757
123994
109799
100000
100000
127214
124577
85926.7
68587.7
100000
100000
100000
100000
100000
100000
100000
100000
100000
100000
100000
100000
100000
100000
100000
100000
100000
100000
100000
100000
100000
100000
100000
100000
100000
100000
100000
100000
100000
100000
100000
100000
100000
100000
100000
100000
100000
100000
100000
100000
100000
100000
100000
100000
100000
100000
100000
100000
100000
100000
100000
100000
100000
100000
100000
100000
100000
86860
100000
100000
100000
100000
100000
100000
90330.1
100000
100001
100000
100000
100000
100000
126974
100000
100000
100000
67083.8
74870.4
79022.9
100000
100000
100000
100000
100000
100000
100000
100000
100000
100000
100000
100000
100000
100000
100000
100000
100000
100000
100000
100000
100000
100000
100000
100000
100000
100454
106800
100022
100005
100106
100000
100000
100000
101274
100000
100000
100000
100000
100000
100000
100000
100000
100000
100000
100000
100000
100000
100000
100000
100000
100000
100000
100000
100000
100000
100000
100000
100000
100000
100000
100000
100000
100000
100000
100000
100000
100000
100000
100000
100000
100000
100000
100000
100000
100000
100000
100000
100000
100000
101950
104436
102872
115661
100000
100000
100000
100000
100000
100000
71356.5
79312.9
100000
100000
79618.6
93122.1
100000
100000
100000
100000
100000
100000
100000
100471
100109
100384
100000
100000
100000
100000
100000
87115.4
100855
100000
100000
100000
100000
100000
100000
100000
100000
100000
100000
100000
100000
100000
100000
98355.8
99304.4
100000
100000
100000
100000
100000
100000
100000
100000
124125
124087
100000
100000
99999.1
99999.9
100000
100000
100000
100000
100000
115680
100000
82656.4
100000
100000
100000
100000
100000
100000
100000
100000
100000
100000
100000
100000
100000
100000
104748
100000
100000
100000
100000
100000
100000
100000
100000
100000
100000
100000
100000
100000
100000
100000
100000
100000
100000
100000
100000
100000
100000
100000
88086.2
100000
100000
100000
100000
100000
100000
101438
108929
100000
100000
100000
100000
100000
100000
100000
100000
100000
100000
100000
100000
100000
100000
100000
100000
100000
100000
100000
100000
100000
100000
100000
100000
100000
100000
100000
100000
100000
100000
100000
100000
100000
100000
99963.8
100000
100000
100000
100000
100000
100000
100000
100000
100000
99996.2
100000
100000
100000
100000
100000
84630.3
100000
100000
110829
100000
100000
100000
100000
100000
100000
100000
100000
100000
100000
100318
100000
100000
100000
100000
100000
100000
100000
100000
93670.6
85050.8
100000
100000
100000
100000
100000
100000
100000
100000
101120
100000
100000
100000
100000
100000
100000
100000
100000
98764.5
100000
100000
100000
100000
100000
100000
100000
100000
100000
100000
100000
100000
100000
100000
104182
100000
100000
100000
100000
104518
100000
100000
100000
93373.8
100000
100000
100181
100000
100000
100000
100000
100000
100000
100000
100000
100000
100000
100621
100222
100444
100000
100000
100000
100000
99894.6
99997.3
100080
100063
100000
100000
100000
100000
90911.8
100000
100000
100905
100000
100000
100000
100000
100776
100000
104441
100000
100000
99999.7
100000
100000
100000
100000
100000
100000
100000
100000
100000
100000
100000
100000
100000
100000
100000
100000
100000
100000
100000
100000
100000
100000
100000
100000
86739.2
100000
100000
104390
100000
100000
100000
100000
100000
100000
100000
100000
100005
100001
100023
100000
100000
100000
100000
100129
100000
100000
100000
100000
100000
100000
100000
100000
100000
100000
100000
100000
100000
100000
100000
100000
100000
100000
100000
100000
100000
100000
100000
100000
108241
100000
100000
100000
100000
100000
100000
100000
100000
100000
100000
100000
100000
100000
100000
100000
100000
100000
100000
100000
100000
100000
100000
100148
100000
100000
100000
99904.5
99590.4
99987.9
100000
100000
100000
100030
100000
100000
99999.8
100000
100000
100000
100000
100000
100000
100000
100000
100000
100000
100000
96697.7
100000
100000
98852.7
99976
98514
99908.7
100000
100000
100000
100000
100000
100000
100000
100000
100000
100000
100000
100000
100000
100000
100000
100000
110383
99238
99552.9
100008
100000
100000
100000
100000
100000
100000
100000
100000
100000
100000
100000
100000
100000
100000
100000
100000
100000
100000
100000
100000
100000
109673
112912
105107
100000
100000
100000
100000
100000
100000
100000
100000
101444
101915
100000
100000
100000
100000
100000
100000
100000
100000
100000
100000
100000
100000
100000
100000
100000
100000
100000
100000
100000
100000
100000
100000
100000
100000
100000
100000
100000
100000
100000
100000
100000
100000
100000
100000
100000
100000
100000
100000
100071
100000
100089
100152
100000
100000
100000
100000
100000
100000
100000
100000
100000
100000
100000
99998.3
100000
100000
100000
100000
100000
100000
100000
100000
100000
100000
100001
100000
100000
100000
100000
100000
100021
100000
100000
100000
100000
100000
100000
100000
100000
100000
100000
100000
100000
100000
100000
100021
100000
100000
100000
100000
100000
100000
100000
100000
100000
100000
100000
100000
100000
100000
100000
100000
100000
100000
100000
100000
100049
100000
100000
100000
100000
100000
100094
100000
100014
100011
100000
100000
100000
100000
100000
100000
100000
100000
100000
100000
100010
100000
100000
100000
100000
100000
100000
100000
100000
100000
100000
100005
100000
100029
100000
100000
100000
100000
100000
100000
100000
100000
100000
100000
100000
100000
100000
100000
100000
100000
100000
100000
100000
100000
100005
100000
100000
100000
100000
100000
100000
100000
100000
100000
100000
100000
100000
100000
100000
100000
100000
100000
100000
100000
100005
100000
100000
100000
100000
100000
100000
100000
100000
100000
100000
100000
100000
100000
100000
100000
100000
100000
100000
100000
100000
100000
100000
100000
100196
100000
100000
100000
100000
100000
100000
100000
100000
100000
100000
100000
100004
100000
100005
100000
100000
100000
100000
100000
100000
100021
100026
100000
100000
100000
100000
100000
100000
100000
100000
100000
100003
100000
100001
100002
100000
100000
100000
100162
100001
100185
100223
100068
100012
100000
100792
100000
100002
100001
100002
100000
100000
100000
100000
100000
100000
105114
100815
100000
100000
100000
100000
100000
100000
100000
100000
100000
100000
100000
100000
100000
100000
100001
100249
100000
100002
100074
100000
100052
100000
100003
100004
100000
100000
100000
100000
100000
100064
100003
100000
100000
100000
100000
100000
100000
100000
100000
100000
100000
100000
100000
100000
100000
100000
100000
100000
100000
100000
100000
100000
100000
100000
100000
100000
100000
100000
100000
100004
100003
100000
100000
100000
100002
100000
100000
100000
100000
100000
100000
100000
100000
100000
100000
100000
100000
100000
100000
100000
100000
100000
100000
100000
100000
100000
100000
100000
100000
100000
100000
100000
100000
100000
100000
100000
100000
100000
100000
100000
100000
100000
100000
100000
100000
100000
100000
100000
100000
100000
100000
100000
100000
100000
100000
100000
100000
100000
100000
100000
100000
100000
100000
100000
100000
100000
100000
100000
100000
100000
100000
100000
100000
100000
100000
100000
100000
100000
100000
100000
100000
100000
100000
100000
100000
100000
100000
100000
100000
100000
100000
100000
100000
100000
100000
100000
)
;

boundaryField
{
    bullet
    {
        type            zeroGradient;
    }
    topWall
    {
        type            zeroGradient;
    }
    bottomWall
    {
        type            zeroGradient;
    }
    inlet
    {
        type            fixedValue;
        value           uniform 100000;
    }
    outlet
    {
        type            waveTransmissive;
        gamma           1.3;
        fieldInf        100000;
        lInf            1;
        value           nonuniform List<scalar> 
30
(
100000
100000
100000
100000
100000
100000
100000
100000
100000
99999.9
100000
100000
100000
100000
100000
100000
100000
100000
100000
100000
100000
100000
100000
100000
100000
100000
100000
100000
100000
100000
)
;
    }
    defaultFaces
    {
        type            empty;
    }
}


// ************************************************************************* //
