/*--------------------------------*- C++ -*----------------------------------*\
  =========                 |
  \\      /  F ield         | OpenFOAM: The Open Source CFD Toolbox
   \\    /   O peration     | Website:  https://openfoam.org
    \\  /    A nd           | Version:  6
     \\/     M anipulation  |
\*---------------------------------------------------------------------------*/
FoamFile
{
    version     2.0;
    format      ascii;
    class       surfaceScalarField;
    location    "0.0001";
    object      phi;
}
// * * * * * * * * * * * * * * * * * * * * * * * * * * * * * * * * * * * * * //

dimensions      [1 0 -1 0 0 0 0];

internalField   nonuniform List<scalar> 
5786
(
0.150621
-6.18949e-15
0.150621
-5.66214e-15
0.150621
-7.91034e-15
0.150621
-5.55112e-17
0.150621
2.10942e-15
0.150621
2.41474e-15
0.150621
4.05231e-15
0.150621
7.21645e-16
0.150621
3.41394e-15
0.150621
2.77556e-17
0.150621
3.19189e-15
0.150621
-2.16493e-15
0.150621
-7.77156e-16
0.150621
4.71845e-16
0.150621
1.55431e-15
0.150621
5.60663e-15
0.150621
1.55431e-15
0.150621
-1.66533e-16
0.150621
-1.52656e-15
0.150621
-3.41394e-15
0.150621
-3.38618e-15
0.150621
-5.63438e-15
0.150621
-4.38538e-15
0.150621
-6.27276e-15
0.150621
-6.18949e-15
0.150621
-7.77156e-16
0.150621
-5.82867e-16
0.150621
-1.77636e-15
0.150621
-1.60982e-15
0.150621
3.60822e-15
0.150621
1.63758e-15
0.150621
2.02616e-15
0.150621
-7.77156e-16
0.150621
7.77156e-16
0.150621
-3.21965e-15
0.150621
-6.69464e-14
0.150621
-5.85393e-13
0.150621
-4.2126e-12
0.150621
-2.55602e-11
0.150621
-1.31906e-10
0.150621
-5.79505e-10
0.150621
-2.18757e-09
0.150621
-7.23331e-09
0.150621
-2.14848e-08
0.150621
-5.8574e-08
0.150621
-1.48383e-07
0.150621
-3.48348e-07
0.150621
-6.85402e-07
0.150622
-1.95868e-07
2.66875e-06
0.150621
-6.30052e-15
0.150621
-6.05072e-15
0.150621
-4.08007e-15
0.150621
-2.02616e-15
0.150621
5.88418e-15
0.150621
8.21565e-15
0.150621
2.88658e-15
0.150621
4.66294e-15
0.150621
3.46945e-15
0.150621
2.88658e-15
0.150621
3.08087e-15
0.150621
-6.93889e-16
0.150621
-2.02616e-15
0.150621
-1.249e-15
0.150621
-8.32667e-16
0.150621
1.9984e-15
0.150621
3.02536e-15
0.150621
3.21965e-15
0.150621
1.66533e-15
0.150621
-3.44169e-15
0.150621
-3.94129e-15
0.150621
-4.46865e-15
0.150621
-6.245e-15
0.150621
-6.88338e-15
0.150621
-5.71765e-15
0.150621
-1.30451e-15
0.150621
-1.38778e-15
0.150621
-3.9968e-15
0.150621
-4.05231e-15
0.150621
2.83107e-15
0.150621
2.96985e-15
0.150621
2.94209e-15
0.150621
-4.16334e-16
0.150621
2.2482e-15
0.150621
-3.38618e-15
0.150621
-6.66689e-14
0.150621
-5.76456e-13
0.150621
-4.08532e-12
0.150621
-2.43668e-11
0.150621
-1.2355e-10
0.150621
-5.33536e-10
0.150621
-1.98209e-09
0.150621
-6.46148e-09
0.150621
-1.89918e-08
0.150621
-5.12428e-08
0.150621
-1.28978e-07
0.150621
-3.03757e-07
0.150621
-6.75641e-07
0.150622
-4.53982e-07
1.72042e-06
0.150621
-6.96665e-15
0.150621
-4.57967e-15
0.150621
-3.60822e-15
0.150621
-2.22045e-15
0.150621
3.16414e-15
0.150621
2.72005e-15
0.150621
2.08167e-15
0.150621
4.96825e-15
0.150621
2.94209e-15
0.150621
2.63678e-15
0.150621
2.498e-16
0.150621
-2.77556e-16
0.150621
-4.16334e-16
0.150621
-1.4988e-15
0.150621
1.83187e-15
0.150621
2.9976e-15
0.150621
1.80411e-15
0.150621
2.52576e-15
0.150621
-1.19349e-15
0.150621
-2.41474e-15
0.150621
-3.2474e-15
0.150621
-5.35683e-15
0.150621
-9.60343e-15
0.150621
-7.66054e-15
0.150621
-8.71525e-15
0.150621
-3.30291e-15
0.150621
1.13798e-15
0.150621
5.82867e-16
0.150621
1.66533e-15
0.150621
-3.44169e-15
0.150621
3.63598e-15
0.150621
3.63598e-15
0.150621
2.498e-15
0.150621
4.71845e-16
0.150621
-6.99441e-15
0.150621
-7.26641e-14
0.150621
-5.96578e-13
0.150621
-4.09797e-12
0.150621
-2.3571e-11
0.150621
-1.15148e-10
0.150621
-4.80522e-10
0.150621
-1.7361e-09
0.150621
-5.56395e-09
0.150621
-1.62016e-08
0.150621
-4.34904e-08
0.150621
-1.09389e-07
0.150621
-2.58716e-07
0.150621
-6.20253e-07
0.150622
-5.40214e-07
6.05813e-07
0.150621
-5.46785e-15
0.150621
-1.52656e-15
0.150621
-5.55112e-16
0.150621
-3.46945e-15
0.150621
2.66454e-15
0.150621
3.52496e-15
0.150621
1.72085e-15
0.150621
3.05311e-16
0.150621
1.52656e-15
0.150621
1.13798e-15
0.150621
-2.22045e-16
0.150621
-1.69309e-15
0.150621
7.49401e-16
0.150621
-2.94209e-15
0.150621
-2.77556e-16
0.150621
-3.33067e-16
0.150621
2.96985e-15
0.150621
2.2482e-15
0.150621
-5.55112e-17
0.150621
-1.33227e-15
0.150621
-9.79772e-15
0.150621
-3.52496e-15
0.150621
-6.10623e-15
0.150621
-7.66054e-15
0.150621
-8.63198e-15
0.150621
-3.83027e-15
0.150621
-1.69309e-15
0.150621
8.32667e-16
0.150621
-1.44329e-15
0.150621
-6.93889e-15
0.150621
-1.4988e-15
0.150621
5.30131e-15
0.150621
2.13718e-15
0.150621
-8.32667e-17
0.150621
-8.57647e-15
0.150621
-8.607e-14
0.150621
-6.58612e-13
0.150621
-4.2592e-12
0.150621
-2.3021e-11
0.150621
-1.05695e-10
0.150621
-4.17417e-10
0.150621
-1.44971e-09
0.150621
-4.55832e-09
0.150621
-1.32153e-08
0.150621
-3.55208e-08
0.150621
-8.97112e-08
0.150621
-2.12873e-07
0.150621
-5.35549e-07
0.150622
-3.81554e-07
1.2595e-07
0.150621
-2.28432e-15
0.150621
-4.34611e-15
0.150621
-4.7249e-15
0.150621
-1.90107e-15
0.150621
-2.08514e-15
0.150621
2.6125e-15
0.150621
3.00108e-15
0.150621
1.86308e-15
0.150621
2.25172e-15
0.150621
-7.4593e-16
0.150621
-1.08598e-15
0.150621
1.83878e-16
0.150621
-1.51965e-15
0.150621
-1.14144e-15
0.150621
-2.32455e-16
0.150621
2.09901e-15
0.150621
2.28984e-15
0.150621
2.42514e-15
0.150621
1.0391e-15
0.150621
-8.32637e-16
0.150621
-5.60143e-15
0.150621
-6.12526e-15
0.150621
-6.5364e-15
0.150621
-9.04836e-15
0.150621
-8.09248e-15
0.150621
-3.32381e-15
0.150621
-6.0898e-16
0.150621
-3.18333e-15
0.150621
-2.2361e-15
0.150621
-2.8187e-15
0.150621
2.09192e-15
0.150621
4.62805e-15
0.150621
-1.16745e-15
0.150621
1.50803e-15
0.150621
-1.69958e-16
0.150621
-5.46337e-15
0.150621
-8.13387e-14
0.150621
-7.28052e-13
0.150621
-5.15024e-12
0.150621
-3.07846e-11
0.150621
-1.5654e-10
0.150621
-6.80732e-10
0.150621
-2.56576e-09
0.150621
-8.52693e-09
0.150621
-2.52851e-08
0.150621
-6.82875e-08
0.150621
-1.73305e-07
0.150621
-5.87891e-07
0.150622
-4.23898e-07
6.23742e-07
0.029037
-0.0354675
0.00229385
-0.0126483
0.0468588
-0.0311366
0.0133588
-0.0734776
0.0347369
-0.11955
0.0387688
-0.25726
0.109382
-0.355629
0.105667
-0.428035
0.0734418
-0.537321
0.0131434
-0.490736
0.0450099
-0.352819
0.0566825
-0.352006
0.0500309
-0.350602
-0.0260961
-0.190219
-0.198525
-0.134372
-0.00361566
0.130579
-0.17827
0.00613407
-0.00879183
0.175229
-0.0242957
0.0252012
-0.0536634
0.0589099
-0.038089
0.0174106
-0.160674
0.176126
-0.260415
0.220454
-0.346723
0.154409
-0.459075
0.0647513
-0.44743
0.135687
-0.386413
0.100585
-0.367579
0.104997
-0.365452
-0.042124
-0.132539
-0.417199
-0.206193
-0.000169392
-0.00246982
-0.226065
0.0465921
-0.0312441
0.198166
-0.0427515
0.0404331
-0.031001
0.0215598
-0.112264
0.0971847
-0.172391
0.195732
-0.262435
0.312373
-0.267974
0.164305
-0.381249
0.164854
-0.435368
0.234869
-0.367865
0.0934881
-0.32541
0.0824632
-0.273643
-0.0882246
-0.109875
-0.600735
-0.284167
-0.00186496
-0.00513239
-0.383781
0.237963
-0.0946564
0.286946
-0.051552
-0.0103505
-0.071101
0.0090545
-0.154522
0.169388
-0.195425
0.212381
-0.233573
0.33673
-0.261002
0.187941
-0.402204
0.272675
-0.404478
0.237282
-0.35996
0.124382
-0.345016
0.0477543
-0.299097
-0.203164
0.00779677
-0.989432
-0.310565
-0.00469489
-0.00703118
-0.00300421
-0.413697
-0.0986651
0.360616
-0.0408267
-0.0628742
-0.105327
0.0237233
-0.19027
0.250793
-0.212764
0.223705
-0.244694
0.345401
-0.270578
0.193115
-0.413847
0.356455
-0.568972
0.349061
-1.09123
0.70735
-0.969697
-0.127541
-0.906177
-0.350146
-0.831901
-1.0842
-0.00615589
-1.13544
0.240749
-0.0808409
0.376568
-0.0216372
0.531999
-0.00877174
0.416828
-0.0445688
0.407136
0.0214393
0.403333
0.0599612
0.466276
0.0277212
0.360448
0.111754
0.250587
0.103452
0.111683
0.110021
0.0743995
0.0312265
0.0224907
0.0468858
0.00675195
0.00906134
-0.0112485
0.0223111
-0.0153574
0.191239
-0.196589
0.339018
-0.149617
0.519608
-0.137655
0.402744
0.0266572
0.36814
0.116213
0.352319
0.11391
0.352595
0.0787426
0.261227
0.191986
0.163363
0.20376
0.0331389
0.19028
0.0464133
0.0118768
0.0240081
0.0671646
0.00760116
0.0188557
-0.0177492
0.0486054
-0.0431086
0.128278
-0.307922
0.203381
-0.236803
0.334231
-0.277513
0.327004
0.0471292
0.365522
0.17881
0.353753
0.13492
0.28165
0.162846
0.268939
0.196941
0.177648
0.296926
0.119777
0.206172
0.0381101
0.0854726
0.0249156
0.0739616
0.0204474
0.0180553
-0.0410657
0.105546
-0.129953
0.0478378
-0.309088
0.229577
-0.417267
0.350724
-0.413269
0.351179
0.0126404
0.394696
0.149662
0.391458
0.132872
0.267662
0.278091
0.242541
0.205934
0.195216
0.319692
0.164596
0.212939
0.0780228
0.153445
0.0635175
0.0963007
0.0739689
-0.0352332
-0.041819
0.211929
-0.070084
0.834305
-0.965581
0.909609
-0.415194
1.05241
-0.476017
1.18944
-0.128214
0.73727
0.578998
0.424102
0.45254
0.268731
0.39396
0.246756
0.221527
0.209991
0.340375
0.200668
0.213738
0.106031
0.235817
0.0697176
0.12127
0.0976504
-0.0778284
-0.0256632
0.285804
-0.115008
-0.150622
3.39706e-06
-0.150621
1.73178e-07
-0.150621
-4.50683e-07
-0.150621
-3.3039e-07
-0.150621
-1.40269e-07
-0.150621
-5.60598e-08
-0.150621
-2.07841e-08
-0.150621
-7.04765e-09
-0.150621
-2.1397e-09
-0.150621
-5.67764e-10
-0.150621
-1.29295e-10
-0.150621
-2.50538e-11
-0.150621
-4.13497e-12
-0.150621
-5.80203e-13
-0.150621
-7.1998e-14
-0.150621
-6.32827e-15
-0.150621
-2.66454e-15
-0.150621
3.08087e-15
-0.150621
1.55431e-15
-0.150621
1.13798e-15
-0.150621
2.30371e-15
-0.150621
3.13638e-15
-0.150621
-1.91513e-15
-0.150621
-4.63518e-15
-0.150621
-5.02376e-15
-0.150621
-1.60982e-15
-0.150621
7.21645e-16
-0.150621
-1.58207e-15
-0.150621
-2.52576e-15
-0.150621
-1.80411e-15
-0.150621
-1.60982e-15
-0.150621
-1.9984e-15
-0.150621
-6.10623e-16
-0.150621
1.91513e-15
-0.150621
4.996e-16
-0.150621
9.99201e-16
-0.150621
1.19349e-15
-0.150621
1.30451e-15
-0.150621
2.30371e-15
-0.150621
6.16174e-15
-0.150621
-1.05471e-15
-0.150621
-2.44249e-15
-0.150621
-9.15934e-16
-0.150621
-3.19189e-15
-0.150621
-3.10862e-15
-0.150621
-1.08247e-15
-0.150621
-5.55112e-16
-0.150621
-6.27276e-15
-0.150621
-6.32827e-15
-4.05231e-15
-0.150622
2.8641e-06
-0.150621
-2.86572e-08
-0.150621
-4.5975e-07
-0.150621
-2.86385e-07
-0.150621
-1.22533e-07
-0.150621
-4.91177e-08
-0.150621
-1.83677e-08
-0.150621
-6.29281e-09
-0.150621
-1.9384e-09
-0.150621
-5.2275e-10
-0.150621
-1.21124e-10
-0.150621
-2.38876e-11
-0.150621
-4.01015e-12
-0.150621
-5.73597e-13
-0.150621
-7.44682e-14
-0.150621
-1.17684e-14
-0.150621
-2.80331e-15
-0.150621
5.9952e-15
-0.150621
3.33067e-15
-0.150621
3.2474e-15
-0.150621
5.10703e-15
-0.150621
1.69309e-15
-0.150621
4.71845e-16
-0.150621
-4.38538e-15
-0.150621
-1.63758e-15
-0.150621
1.4988e-15
-0.150621
3.02536e-15
-0.150621
-4.996e-15
-0.150621
-3.4972e-15
-0.150621
2.77556e-17
-0.150621
-7.77156e-16
-0.150621
2.85882e-15
-0.150621
-2.22045e-16
-0.150621
1.27676e-15
-0.150621
6.10623e-16
-0.150621
-3.08087e-15
-0.150621
-8.88178e-16
-0.150621
3.4972e-15
-0.150621
2.44249e-15
-0.150621
1.7486e-15
-0.150621
-1.41553e-15
-0.150621
-1.16573e-15
-0.150621
-1.16573e-15
-0.150621
-4.52416e-15
-0.150621
-2.27596e-15
-0.150621
-1.55431e-15
-0.150621
-6.93889e-16
-0.150621
-6.05072e-15
-0.150621
-5.32907e-15
-8.65974e-15
-0.150622
1.92703e-06
-0.150621
-1.54002e-07
-0.150621
-4.43988e-07
-0.150621
-2.37849e-07
-0.150621
-1.03874e-07
-0.150621
-4.17158e-08
-0.150621
-1.56597e-08
-0.150621
-5.41472e-09
-0.150621
-1.69715e-09
-0.150621
-4.70776e-10
-0.150621
-1.12903e-10
-0.150621
-2.31114e-11
-0.150621
-4.02856e-12
-0.150621
-5.97494e-13
-0.150621
-7.9825e-14
-0.150621
-1.1241e-14
-0.150621
6.93889e-16
-0.150621
4.52416e-15
-0.150621
4.71845e-15
-0.150621
9.9365e-15
-0.150621
6.46705e-15
-0.150621
5.55112e-17
-0.150621
2.16493e-15
-0.150621
-3.46945e-15
-0.150621
-4.41314e-15
-0.150621
1.30451e-15
-0.150621
1.41553e-15
-0.150621
-1.16573e-15
-0.150621
-3.05311e-15
-0.150621
1.60982e-15
-0.150621
2.77556e-17
-0.150621
2.44249e-15
-0.150621
-5.55112e-16
-0.150621
-1.66533e-15
-0.150621
2.02616e-15
-0.150621
-1.83187e-15
-0.150621
-5.82867e-16
-0.150621
3.71925e-15
-0.150621
3.33067e-16
-0.150621
3.60822e-16
-0.150621
-2.77556e-16
-0.150621
9.15934e-16
-0.150621
-3.83027e-15
-0.150621
-5.35683e-15
-0.150621
6.10623e-16
-0.150621
-2.91434e-15
-0.150621
-2.91434e-15
-0.150621
-6.35603e-15
-0.150621
-2.02616e-15
-6.02296e-15
-0.150622
1.27246e-06
-0.150621
-6.88372e-08
-0.150621
-3.85291e-07
-0.150621
-1.8647e-07
-0.150621
-8.48156e-08
-0.150621
-3.40336e-08
-0.150621
-1.27562e-08
-0.150621
-4.42994e-09
-0.150621
-1.41605e-09
-0.150621
-4.08836e-10
-0.150621
-1.03636e-10
-0.150621
-2.25795e-11
-0.150621
-4.1904e-12
-0.150621
-6.55753e-13
-0.150621
-9.16489e-14
-0.150621
-1.249e-14
-0.150621
8.32667e-17
-0.150621
3.46945e-15
-0.150621
1.08247e-15
-0.150621
2.13718e-15
-0.150621
4.91274e-15
-0.150621
-1.11022e-15
-0.150621
-2.96985e-15
-0.150621
3.88578e-16
-0.150621
-2.27596e-15
-0.150621
1.9984e-15
-0.150621
9.99201e-16
-0.150621
2.52576e-15
-0.150621
-2.30371e-15
-0.150621
-1.55431e-15
-0.150621
5.82867e-16
-0.150621
2.72005e-15
-0.150621
7.49401e-16
-0.150621
-1.33227e-15
-0.150621
5.27356e-16
-0.150621
-4.05231e-15
-0.150621
3.05311e-16
-0.150621
3.52496e-15
-0.150621
1.08247e-15
-0.150621
-4.71845e-16
-0.150621
-5.27356e-16
-0.150621
-9.99201e-16
-0.150621
-3.63598e-15
-0.150621
-4.10783e-15
-0.150621
-3.2474e-15
-0.150621
-6.60583e-15
-0.150621
-6.245e-15
-0.150621
-6.66134e-15
-0.150621
-2.72005e-15
-2.85882e-15
-0.150622
1.54549e-06
-0.150621
-2.38481e-07
-0.150621
-4.53388e-07
-0.150621
-1.58212e-07
-0.150621
-6.48563e-08
-0.150621
-2.44689e-08
-0.150621
-8.33026e-09
-0.150621
-2.51837e-09
-0.150621
-6.69387e-10
-0.150621
-1.53884e-10
-0.150621
-3.02391e-11
-0.150621
-5.04923e-12
-0.150621
-7.20611e-13
-0.150621
-8.93969e-14
-0.150621
-1.15091e-14
-0.150621
-1.16111e-16
-0.150621
1.22717e-15
-0.150621
3.03752e-15
-0.150621
5.76279e-15
-0.150621
3.62044e-15
-0.150621
2.55511e-15
-0.150621
9.19248e-17
-0.150621
-3.01845e-15
-0.150621
-3.59955e-15
-0.150621
-3.90834e-15
-0.150621
-3.76449e-16
-0.150621
1.07551e-15
-0.150621
4.10778e-15
-0.150621
-1.56084e-16
-0.150621
-2.34708e-15
-0.150621
1.31146e-15
-0.150621
3.1054e-16
-0.150621
-1.15013e-15
-0.150621
-2.7582e-15
-0.150621
2.3731e-15
-0.150621
-1.5196e-15
-0.150621
-5.90322e-17
-0.150621
2.94207e-15
-0.150621
-4.50625e-17
-0.150621
-9.54085e-16
-0.150621
-1.74168e-15
-0.150621
3.0536e-16
-0.150621
-3.87194e-15
-0.150621
-3.05314e-15
-0.150621
-3.71563e-15
-0.150621
-6.23844e-15
-0.150621
-2.94576e-15
-0.150621
-6.75481e-15
-0.150621
-1.45777e-15
-3.07552e-15
7.45574
-1.56472e-15
2.5894
4.86634
4.06428
3.39146
4.04997
3.40577
3.91886
3.53688
7.45574
-6.35726
6.35726
6.39537
-6.39537
-6.50148
6.50148
-6.58921
6.58921
6.53891
-6.53891
6.51654
-6.51654
6.50645
-6.50645
6.5301
-6.5301
6.67243
-6.67243
6.74255
-6.74255
6.73524
-6.73524
6.7262
-6.7262
6.71679
-6.71679
6.71046
-6.71046
6.70926
-6.70926
6.71197
-6.71197
6.71943
-6.71943
6.72515
-6.72515
6.71754
-6.71754
6.70519
-6.70519
6.69427
-6.69427
6.63561
-6.63561
6.4654
-6.4654
6.61361
-6.61361
-7.45574
-2.52199
-4.93376
-4.08577
-3.36999
-3.96451
-3.49125
-4.13531
-3.32045
-7.45575
1.76513e-08
6.66983
-6.66983
1.55203e-08
6.79068
-6.79068
-8.85046e-11
-6.64684
6.64684
1.6814e-13
-6.69619
6.69619
5.26376e-15
-6.70645
6.70645
5.40706e-15
-6.70564
6.70564
1.38911e-17
-6.69664
6.69664
6.70642e-15
-6.69532
6.69532
-8.08405e-16
-6.70649
6.70649
2.59688e-15
-6.71027
6.71027
3.57354e-15
-6.70933
6.70933
-6.45318e-16
-6.70327
6.70327
-3.46948e-16
-6.70437
6.70437
-4.98047e-15
-6.70455
6.70455
-4.96844e-15
-6.65282
6.65282
-2.29248e-16
-6.37664
6.37664
-3.35197e-15
-5.55383
5.55383
-9.66639e-16
-4.43878
4.43878
3.42071e-14
-3.33405
3.33405
9.93065e-10
-2.56661
2.56692
-1.18902e-05
-1.76084
1.80394
0.0190816
-0.203961
0.136203
0.0376699
-0.330529
0.477114
-0.226733
-0.407335
-0.104978
-0.92757
2.0678
1.26582
-3.33362
0.316763
-0.368602
-0.696762
0.613085
1.42911
-1.13531
1.73532
-1.4974
2.48795
-2.31449
3.54634
-3.57508
3.75411
-3.53564
3.25907
-2.98397
2.34154
-1.54053
1.15859
-1.46866
0.49702
-0.792733
-1.30987
0.139919
-1.26553
0.0876755
1.17967
-1.18082
0.000166265
-1.44763
1.44758
1.42022e-06
-1.81253
1.81253
-8.18386e-09
2.28517
-2.28517
-1.42451e-11
2.80432
-2.80432
-1.32175e-14
-3.55054
3.55054
-1.9881e-15
-4.50692
4.50692
1.06369e-15
-5.72963
5.72963
-6.43235e-15
-6.53303
6.53303
-3.11039e-15
1.09848
-9.97773
-0.785902
0.0993473
-4.11511
6.70451
3.34062
7.4049
4.06631
3.38942
7.45777
7.43939
3.40908
4.04666
3.07862
4.37712
6.64291
-6.64291
6.38768
-6.38768
6.57634
-6.57634
-6.56587
6.56587
-6.52339
6.52339
-6.5139
6.5139
-6.50329
6.50329
-6.59554
6.59554
-6.72297
6.72297
-6.74563
6.74563
-6.73434
6.73434
-6.72221
6.72221
-6.71845
6.71845
-6.71287
6.71287
-6.71174
6.71174
-6.72131
6.72131
-6.72169
6.72169
-6.71732
6.71732
-6.71265
6.71265
-6.70677
6.70677
-6.67597
6.67597
-6.55698
6.55698
-6.4767
6.4767
-0.0128781
-6.19075
6.19074
-4.46275
-2.993
-3.51308
-3.94267
-3.45344
-4.00231
-0.113794
-2.50716
-4.94857
-7.02461
0.35478
-7.02461
-3.58494e-09
-1.09778
-0.233937
6.66492
-6.66492
-1.84973e-11
6.67748
-6.67748
9.3445e-16
6.70697
-6.70697
5.89815e-15
6.70945
-6.70945
1.79198e-15
6.69814
-6.69814
4.61783e-15
6.69541
-6.69541
2.61425e-15
6.69771
-6.69771
2.0192e-15
6.7074
-6.7074
-4.97817e-16
6.70485
-6.70485
3.48159e-15
6.70353
-6.70353
-1.65321e-15
6.69721
-6.69721
-2.15115e-15
6.70108
-6.70108
-2.09727e-15
6.69077
-6.69077
-3.54691e-15
6.55285
-6.55285
-1.62937e-15
6.04681
-6.04681
-2.11828e-17
5.02082
-5.02082
-8.56779e-16
3.89321
-3.89321
1.04421e-11
2.94757
-2.94755
-1.16514e-08
2.19516
-2.19024
0.00140903
1.32046
-0.684909
0.0231322
0.449843
-0.701787
0.164251
0.627134
0.353323
0.213741
1.12265
0.234628
0.682544
0.889757
1.04844
-0.0156512
-0.381085
-0.697477
-0.836028
-0.948778
-1.01535
1.28434
-1.28591
2.82185e-05
1.62591
-1.62591
-4.91733e-08
-2.03818
2.03818
-4.06303e-10
0.246988
-2.59944
2.59944
-6.51806e-13
0.204882
3.07029
-3.07029
-1.25015e-15
3.99718
-3.99718
1.58158e-15
5.08862
-5.08862
-4.151e-15
6.40825
-6.40825
-4.82789e-15
0.922704
7.32793
7.45242
6.6155
0.00768167
-0.0748586
0.0233462
0.015514
0.00263587
0.00316304
-0.0654448
-0.0505333
-0.00308773
0.000903726
0.00399146
-0.00165683
-0.00240994
-0.00248525
-0.0093385
-0.00225931
0.00783229
0.00489518
-0.00158152
0.0183004
0.0786241
-0.0112966
0.422869
-7.59883
-7.41793
-6.64246
-0.125761
0.0306363
0.0107845
0.00299736
-0.00749339
-0.00122756
0.00238734
0.000911257
-0.00541482
-0.00579891
-0.00606249
-0.00329107
-0.0137818
-0.0999747
-0.32983
-0.53301
-0.545572
-0.386486
-0.36989
-0.29876
-0.650255
-0.596308
2.66411
0.10565
0.178287
0.225645
0.314271
0.265966
0.446636
0.581706
0.678623
0.00685325
0.00745574
-0.0268105
-0.076892
-0.0195807
0.0103928
0.00813353
0.00542235
0.00798291
0.0036149
-0.000225931
0.00188276
-0.00346428
-0.000225931
0.00745574
0.0125015
0.0403664
0.0915775
-0.136914
-7.83274
-7.4339
-7.32274
-0.00381071
-0.00150621
-9.03726e-05
0.0087812
0.00286933
0.00447344
-0.000256056
0.00716203
0.00347181
-0.0379489
-0.176204
-0.492982
-0.582037
-0.559158
-0.38057
-0.366304
-0.136957
-0.50106
0.247546
0.0269611
-0.285653
-7.92673
-0.000519642
0.0187071
-0.0180745
0.124782
0.641005
0.509739
0.18662
0.161559
0.480255
3.70844
3.69646
4.53098
2.08452
5.4756
3.86599
3.58644
6.22449
-6.2168
-4.16595
-3.76078
-3.78698
-6.53401
6.56097
6.56647
-6.64133
6.552
-6.67776
6.60141
-6.57807
0.0674029
-4.24373
-3.35508
-6.51609
6.51872
6.49267
-6.4895
6.50163
-6.56707
-6.75987
6.70933
6.74473
-6.74782
6.73215
-6.73125
-6.72123
6.72523
6.7195
-6.72116
6.71114
-6.71355
6.71528
-6.71777
6.71604
-6.72538
6.72869
-6.73095
-6.72937
6.7372
-6.71604
6.72093
6.70783
-6.70941
6.71543
-6.69713
-6.60684
6.68546
-6.35379
6.3425
-4.34111
-3.49162
-8.50707
-7.73537
-6.63335
6.62047
-0.0668757
0.0423998
6.71787
-6.71839
-5.73448
-3.73035
-3.68757
-2.14484
-4.49762
6.71163
-6.71544
-6.52038
6.40659
-0.295895
-0.234743
-1.27018
0.174341
-7.6355
7.76028
-6.70861
6.7194
0.00926319
-6.71449
6.71749
-0.0028618
-6.70471
6.72342
0.0146855
-6.70689
6.70539
6.70488
-6.70497
-6.70345
6.71223
-6.71774
6.72061
-6.70723
6.71171
-6.71156
6.7113
-6.6969
6.70406
-6.70259
6.70607
-6.71223
6.67428
-6.60907
6.43286
5.43321
-5.9262
-4.98512
4.40308
3.72226
-4.28142
2.90832
-3.28883
-2.35683
2.0101
1.53623
-1.68354
-1.37444
0.721414
0.128954
6.40342
-6.15588
0.186619
1.46248
-0.980283
-0.709263
1.02215
-1.15967
1.21351
-0.835191
0.600266
0.848075
2.49324
-2.24626
1.73892
-1.56063
3.75158
-3.27132
-2.0109
2.23654
0.482349
-1.34505
1.5066
0.393835
-3.09661
3.36257
0.654968
-2.84701
3.0519
0.51556
5.30295
-4.72124
-1.78658
1.9732
0.449958
6.65397
-5.97535
-4.20914
4.71888
1.09381
6.51985
-6.513
0.00376552
-5.26834
5.90934
1.38564
5.78904
1.91045
-1.05668
-1.00493
1.96013
1.85728
-0.912121
1.13685
-1.11952
0.875254
-1.23791
0.59584
-1.21102
-1.22883
0.267451
0.205875
-1.21745
-1.02425
-1.03694
-6.90077
6.66683
-0.348763
3.60037
3.72757
7.46636
8.25855
-6.6698
6.70043
0.0536211
7.56012
-7.54777
-7.87932
0.804049
-0.576402
0.226946
0.407344
-1.84646
6.7308
0.00135559
6.73893
3.68735
3.75204
7.27379
0.346158
-7.52454
6.73976
0.00497049
6.75015
6.51044
0.0505333
6.52595
-0.857711
-0.000903726
1.1881
7.27446
-6.50795
6.51541
-6.49349
6.46668
-6.68117
6.60428
6.7488
-6.76838
0.0189029
0.017698
-6.72681
6.73223
-6.71905
6.72703
-6.71408
6.71769
-6.71122
6.71099
-6.72809
6.72997
6.72289
-6.72635
6.71913
-6.71935
-6.71476
6.72221
-6.71024
6.72274
6.70956
-6.66919
6.57543
-6.48386
6.37345
-6.51036
-7.1249
-1.01133
-0.17954
3.67138
-7.40174
-3.65135
-3.9669
-3.46699
-8.14897
-7.32199
0.0107694
-7.15457
-0.000828415
1.78493
6.59025
-6.60833
-6.69575
-0.0111459
-6.69698
6.71047
-6.71797
0.0079076
-0.00497049
6.70482
-6.70244
6.71595
-6.71504
6.71571
-6.72112
6.71529
-6.72109
6.70508
-6.71114
6.71031
-6.7136
6.70177
-6.71555
6.60393
-6.7039
6.33973
-0.906512
6.0099
4.8906
-5.42361
-4.51836
3.97279
-3.76758
3.38109
-2.84738
2.47891
-0.778932
0.430974
-0.307261
0.00308773
-0.0064767
0.775318
4.85805
1.11859
0.412567
-0.0875108
0.0129534
3.8934
3.56437
7.60184
7.31641
2.52515
0.526752
-0.00158152
2.83942
-3.74248
4.18911
8.55452
0.9764
0.975891
1.00393
0.330678
-0.218992
-0.641344
1.25656
-1.00313
0.484249
-0.751448
-0.833133
-0.859248
-0.796107
0.221639
-0.834626
0.917794
0.59316
-0.455357
-0.809682
-0.900322
-1.01232
-1.03559
-0.59917
-0.108296
-0.000828415
0.0134053
-0.0064767
0.00805822
0.102723
-0.00203338
0.0125015
-0.000150621
-0.167867
0.201606
0.0462406
-0.00240994
0.00617546
0.0178486
0.00233462
-0.0120497
0.00406677
-0.00293711
0.000451863
-0.000979036
0.0256056
-0.0143843
0.0128028
-7.53105e-05
0.000979036
-0.155591
-0.100389
0.0259068
-0.0590434
0.0134806
0.0110706
-0.271042
-0.0412701
-0.00753105
-0.00707918
-0.00979036
-0.00941381
0.0921047
-0.0125768
0.00557297
0.00979036
-1.02053
-0.285527
6.72974
-6.74232
6.78608
-6.73245
-6.7494
6.7671
-6.7381
6.75158
-6.50728
6.51805
-6.84519
6.78615
-5.56318
7.34812
2.99133
-4.22492
-3.17682
-6.47331
6.37292
6.69759
-6.85318
-0.147609
-6.75414
6.77305
-6.49312
6.54365
3.0122
-2.41904
6.58131
-6.85235
-6.75362
6.75264
-6.74955
6.76062
6.75746
-6.75701
0.0193548
-6.73261
6.74541
-6.73554
6.73961
-6.7384
6.76401
6.75068
-6.76273
-0.00293711
-1.13516
1.92464
6.75475
-6.76122
6.74684
-6.74691
0.0112966
6.75189
-6.74571
0.0192795
6.73908
-6.75347
-0.0236475
6.74232
-6.74473
0.00391614
6.74383
-6.74586
0.704125
-1.54759
-6.58733
6.78894
2.03124
-2.86032
-6.0814
5.91353
-3.21245
-4.10954
1.46441
-0.876886
6.43784
-6.43867
-0.0354712
-2.00145
-6.14752
-6.22637
-7.00523
6.76514
-6.76378
0.0157399
6.77192
-6.76695
0.0177733
-6.74398
6.73901
-0.0142337
-3.89062
-3.26396
-7.10306
-6.44078
6.60428
-6.53687
0.111158
-6.74827
6.75384
-0.00444332
-6.74887
6.74601
-0.00986567
-6.72199
6.72989
4.36387
-5.3844
-6.74066
6.75045
-6.73374
6.74624
0.0201079
-6.67605
6.76815
0.110029
6.80167
-6.69894
0.214334
-6.73547
6.74353
6.7378
-6.74428
-6.72394
6.73735
-6.73615
6.73532
-6.96614
6.36697
-6.78246
6.67416
-0.201154
0.235871
-1.12936
-6.1799
5.14431
-1.81604
6.58176
-6.36012
0.500363
3.89129
-4.90362
3.53861
-4.33472
-3.63841
2.77917
6.74993
-6.74684
0.00421739
-5.70198
5.8886
-6.75158
6.75068
-0.00557297
-4.92463
6.11273
0.690709
6.75196
-6.75354
0.00240994
-5.41776
6.53635
2.84079
0.834365
1.80382
-1.41
3.8207
-3.16574
2.26675
-1.1631
-3.06316
3.57872
0.757548
-2.77802
3.30477
0.800701
-6.48762
6.40011
0.280532
6.53898
-6.53522
0.0317057
6.70866
-5.32302
1.78403
2.0251
1.5027
-1.15668
0.464618
0.647089
4.93073
-3.95433
-1.34128
1.64073
2.31191
-1.17536
0.432853
-1.43495
4.31324
-3.39545
1.14751
1.53528
-6.81688
5.91037
-1.67257
6.46623
-6.815
-0.538997
-0.414885
-6.66385
5.9124
-0.750318
-2.59467
1.0051
-1.66415
1.26676
-1.50012
-0.0972742
-0.506326
5.55791
-4.4641
1.60359
1.64862
2.06217
-1.61222
2.3889
-1.90655
6.49726
-6.6768
-0.355917
2.39779
-3.20728
-1.24059
-1.17539
-6.74835
6.75761
0.00233462
-0.785845
1.19404
-0.420656
3.58621
3.68758
-0.967146
0.428818
-0.0138571
4.47736
3.12448
-1.11462
6.75678
-0.00203338
6.77463
3.21531
4.25105
6.80151
7.09184
0.00926319
-6.49877
6.52467
0.0192795
0.0036149
-0.303878
0.000677794
-6.80453
6.80551
6.74624
-6.74917
-1.05578
1.5496
0.512571
-0.0183758
0.940537
-6.7668
6.76913
-0.000677794
-6.725
6.77124
-1.49311
-0.485376
6.69103
-6.75791
0.0135559
0.0860046
0.00557297
6.47587
0.0677794
6.48883
-6.73313
0.0111459
-6.73328
6.73532
-6.74646
6.77719
-6.7625
0.00240994
0.0171708
-0.00700387
-6.74322
0.00775698
-6.75301
6.74804
-6.75746
-0.0152127
0.002184
6.73547
-6.74255
6.73705
-6.74458
-6.75874
6.71747
-0.0845737
-1.11877
0.0447344
-1.365
3.9458
-1.16663
3.04548
0.0277896
-2.38095
1.65763
6.50389
-0.615287
6.20799
-0.938582
-1.01316
2.06972
1.07647
-6.61279
6.65519
0.0782476
0.118313
1.53568
-1.13564
0.587206
0.987533
1.20544
1.96217
0.552163
0.261098
-0.0141584
0.233103
-1.25857
-1.20285
-0.79489
0.776684
6.55969
-6.79444
-0.198217
-4.71444
-3.02093
-7.30911
-7.13047
-1.28924
-0.018677
0.013104
-0.00881133
-1.19149
0.0390108
0.038559
0.0079076
0.0722981
-0.00489518
-0.0463913
-0.0165683
-0.0139324
-0.00926319
-0.00519642
-1.8077
0.838557
6.81748
-6.82238
-6.78721
6.82622
-6.81432
6.82223
-6.78404
6.79534
-6.81424
6.81131
6.7909
-6.80483
-6.82102
6.85958
6.80347
-6.7979
7.46869
2.31725
-1.54057
-6.79331
6.80905
-6.49598
6.51526
-7.49738
1.27101
-8.03638
-6.79745
6.8168
6.7796
-6.79617
6.81319
-6.80392
0.019882
-6.51149
6.20762
-6.77169
6.78886
0.031781
6.45712
-7.5129
-1.79876
2.31133
0.51849
6.86756
-6.88594
0.0465419
6.80061
-6.80129
0.0165683
-6.78472
6.804
6.7851
-6.80874
-0.0291452
6.80061
-6.79669
0.0134053
-2.63913
1.45957
-6.55804
6.98685
-5.31903
3.82592
6.7805
-6.78977
-6.42323
6.37684
3.43981
-4.72905
-6.78239
6.77538
-0.00278649
6.87472
-7.02232
-0.0112213
6.79391
-6.79323
-0.00278649
6.81643
-6.79865
0.0125015
-6.80272
6.78849
-0.0273377
6.61964
-7.10502
6.80242
-6.80686
-1.21609
2.27289
-6.8037
6.79383
-0.0152127
3.49908
-4.86408
-1.81995
-1.42427
6.79941
-6.797
-0.00188276
6.80069
-6.79707
0.00323835
6.7857
-6.79956
-0.023045
0.722299
-2.18023
-6.79835
6.80054
-0.00745574
6.47181
-6.40403
0.0485753
6.91516
-6.80513
6.97044
-6.7561
0.4124
6.78992
-6.80513
6.786
-6.7912
-6.78118
6.79428
-0.000677794
6.74978
-6.83435
-6.80182
6.82961
-6.79978
6.78111
-0.0500062
2.04451
-1.05817
-6.79052
6.79828
-0.000602484
-6.80212
6.84685
0.0153633
4.04711
3.2693
7.17159
6.95688
6.8159
-6.81349
0.0188276
3.79136
-2.99065
-6.70941
6.98994
0.205748
6.49252
-6.46081
-0.00346428
-6.77854
6.78969
0.0103175
6.81409
-6.81612
0.0122756
1.65677
-1.4441
6.69405
-7.04996
-0.328278
6.8031
-6.81725
-0.0112213
-6.80792
6.80234
-0.0140831
6.79918
-6.79496
0.0144596
-6.80603
6.80837
-0.00369021
0.919122
-1.24541
-6.35161
4.53557
6.70406
-6.90522
-0.130287
-0.285577
-1.50092
2.05308
0.810411
-6.78894
6.80905
0.0134806
6.22283
-6.2583
-0.288665
6.58884
-6.47768
0.184812
0.806545
-0.0140077
-4.81189
6.59592
1.6743
-3.21487
0.0609262
-1.76863
1.03303
2.75832
-0.647896
0.0107694
-0.0064767
-5.16976
0.0198067
-3.67363
2.43305
-0.00594953
-2.52569
-0.0404884
-1.16257
-6.69985
6.77809
-0.842348
0.00610015
0.0111459
-5.64603
-1.86687
-7.3186
6.86206
-6.78977
-0.00655201
3.57815
3.22336
-0.961031
1.53483
2.10922
-3.64405
0.041722
1.0779
-0.0839712
-4.13289
5.73647
0.742426
1.31063
1.10565
-6.80588
6.81944
0.0346428
-0.00421739
0.539356
-1.65403
1.38197
1.12768
-1.26401
-6.50155
6.58756
-0.00632608
0.105962
-6.78216
-0.0229697
-6.79097
0.0364503
-0.00497049
-1.26847
1.71798
-0.880666
0.00308773
0.574989
1.20941
6.60751
-6.10715
3.0329
-4.19954
-0.0086607
-0.586443
5.77654
-6.39183
-3.82283
-3.28022
2.61172
6.62205
-6.50374
0.14437
2.88206
4.07482
6.46021
-3.94853
0.957874
-3.19098
-5.46212
4.7118
1.1454
-2.59731
0.0137065
6.96057
-4.93547
2.14868
2.53322
6.24557
-4.59695
2.11268
1.99897
0.879702
-1.5707
0.111418
5.64173
-6.05662
-2.39465
0.933323
6.86161
-7.05983
0.161767
-1.67574
1.94246
-3.11729
-1.73111
-1.65587
-3.42821
4.96349
2.30827
-2.78302
-3.66182
-3.46865
-6.25913
-7.29148
0.00316304
-1.69614
0.00594953
-1.69467
0.329257
-1.76648
-3.82344
0.632457
-2.67593
4.45296
2.71863
6.98618
6.79346
-0.898454
2.57276
-6.83322
6.89415
4.33766
-3.30462
6.7665
-7.41439
-6.8778
6.87185
0.274356
-7.37568
7.0474
-6.85724
6.87607
-0.468806
-2.31131
0.616535
-1.56889
6.57747
-7.41981
-0.798216
6.84459
-6.86756
6.92329
-6.87675
0.0900713
-6.85122
6.86779
-6.85521
6.85461
-0.0106188
-2.62105
0.905375
-6.85868
6.85212
-0.00406677
6.83465
-6.84113
-2.06192
0.641548
4.50183
-2.96701
3.60338
1.37065
-6.84745
6.86086
6.91561
-6.87389
0.885726
-6.51594
6.84519
1.95764
6.82825
-6.87826
-4.64289
2.94675
-6.85077
6.88541
-1.26877
2.07839
3.4929
-6.01859
-6.84738
6.86726
-7.00651
6.99529
0.0408936
0.118539
6.84888
-6.85167
0.0014309
6.86041
-6.84791
0.0130287
6.86184
-6.87585
6.83638
-6.86372
6.85446
-6.84369
0.00278649
-6.85295
6.87276
2.30789
-4.07437
0.387397
-1.51339
-1.22893
-0.817601
6.87118
-6.86003
-6.86252
6.85506
-0.0103928
6.85898
-6.85574
0.00602484
6.83608
-6.85913
6.84218
-6.84286
-6.87125
6.86493
-0.0161918
-6.31177
6.36035
-1.06301
2.24323
-1.99372
0.725131
-1.37723
-6.35477
7.23447
-2.00046
1.11951
-6.84271
6.8458
-0.000527173
6.58326
-6.56956
0.0673276
-1.28815
1.83265
7.28252
-6.87012
0.92775
-6.86244
6.84723
-0.0260574
6.87411
-6.86816
0.0168695
-6.85386
6.84519
-0.0256056
-8.44999
6.8705
-6.86734
0.00233462
-6.86365
6.87901
-0.00180745
6.98136
-6.87539
0.111234
-6.86312
7.06887
0.0524914
-6.84248
6.8397
-0.00783229
5.26774
-4.43338
-6.84941
6.84444
-0.0036149
-7.24005
4.45702
-3.74715
-7.0517
6.46525
-1.27516
-0.594576
6.30123
-6.30469
-0.268331
6.87931
-6.86703
0.0285427
6.85996
-6.86184
0.00873601
6.84527
-6.87442
-0.0325341
6.88255
-6.87645
0.015514
-2.10827
2.21724
-1.12408
6.87389
-6.88511
-0.00256056
3.09125
-6.8757
6.86161
-0.0284674
6.86734
-6.85288
0.0236475
-6.87524
6.87155
-0.0136312
-6.83104
6.86282
0.0401405
-6.86673
6.88021
-0.00180745
-5.6528
5.36414
1.19239
-2.05567
6.44484
-6.26003
0.133074
1.55361
-2.0232
0.0462406
2.28756
6.53401
-4.53505
-0.038333
2.65846
7.0587
-0.292205
-4.21972
6.33241
2.31429
-1.2754
-6.39785
6.67221
0.00233462
-2.49945
0.930548
-1.68904
-0.0231203
-0.0132546
6.95545
-8.82232
6.77312
-1.79564
0.0203338
5.88182
0.00512111
-0.024024
-6.78005
7.71337
0.288816
-6.80151
-0.0767414
-6.9318
0.0201832
-2.335
0.01092
-0.458942
-0.0042927
3.01677
-2.10504
6.84994
-6.85416
-5.20215
3.77787
-2.2554
-0.55548
0.926225
-3.64857
0.343943
-2.69069
6.28323
0.0771179
6.19926
0.73282
0.607258
-0.903933
-4.3653
-6.85627
6.89272
-1.84292
-2.23145
-3.57397
0.0325341
1.37544
6.40147
-6.2571
0.141433
-3.13126
-5.31873
-0.105435
0.00459394
6.85258
-6.84226
-7.53105e-05
-3.0674
-2.95119
-4.88735
0.220856
4.75774
1.36264
-5.11373
-5.17074
-2.12074
7.04371
-6.88195
0.645863
6.68576
-4.53708
2.15072
2.4491
-1.99347
6.75121
4.46674
5.47605
-1.85479
2.17874
0.199836
0.0114472
-8.302
-0.00918788
0.0136312
-4.77536
2.08467
-4.1429
0.0173214
0.0205598
1.72678
-2.28241
6.87253
-6.91087
8.03766
-5.72337
-1.85535
-7.17445
6.88225
3.10588
3.22653
1.40221
-7.37425
6.89083
-6.89136
0.415111
5.41415
-6.8891
6.89144
6.89648
-6.89505
-7.08544
6.90168
-6.85544
7.5925
-8.39072
-2.14973
0.77248
-1.21919
-3.2559
6.48242
4.78176
-0.158679
6.89317
-6.8833
6.90364
5.96655
-5.83347
-6.9742
6.88955
-6.90439
6.92171
-6.88744
6.89889
6.9007
-6.88014
-6.87607
0.631199
-2.74098
6.87999
-6.90401
7.13356
6.90589
-6.89497
6.8955
-6.89302
6.89904
-6.89927
-6.89467
-6.88805
6.90168
-6.90424
3.5588
6.91267
-7.01969
7.08702
-6.90642
-3.87224
4.21618
-2.15765
0.882217
-1.38518
-6.90853
6.88247
5.93537
-6.2037
-1.08432
1.89612
-1.16672
5.68812
-5.79356
-0.515575
6.8885
-6.89633
-6.89934
2.10274
-5.84989
-1.16961
1.74842
0.723902
7.37222
-7.96679
0.490271
-6.89656
6.91501
-1.272
2.19796
-2.50971
1.60569
-4.54295
2.20795
6.88654
-6.89987
6.89068
6.91019
-6.93218
-6.84211
-2.21117
0.477272
-4.95475
-3.43596
-7.01043
-7.80126
-2.49074
-7.00079
-1.13854
2.54075
6.40689
-5.99178
-2.7552
1.4831
-1.0285
-1.78757
1.03077
-1.56149
-2.98147
-3.79294
5.3374
-3.12945
3.08201
-5.69852
-1.10947
5.63255
-2.07375
3.84498
4.40868
-6.20016
0.476791
-4.04944
-5.81804
-1.62752
3.89815
0.318036
-5.8276
5.90472
0.138948
0.111158
-5.841
5.98244
0.565883
0.148964
-2.0127
2.22155
-0.271593
4.45356
2.3399
6.90266
6.80664
-0.676794
5.2688
6.64381
-5.99795
0.652038
-3.29343
1.08243
-2.66149
2.71539
-3.85394
1.32155
4.31589
2.26278
0.452616
-2.13821
6.91998
-0.250558
-2.25811
-3.59178
-4.91582
1.78636
-3.23677
6.31877
-2.37966
0.752127
-2.27835
1.26898
0.561667
-1.94685
-1.81799
-0.625302
-0.0693143
1.87465
-0.843913
-4.7252
5.04324
4.95754
-5.47311
-1.17457
1.89805
0.700017
1.62593
1.56857
-2.24538
-5.2093
2.73746
-5.97423
-3.04469
2.97505
-1.41898
6.36818
-1.41064
-8.13617
-4.31634
2.00047
2.31587
-2.7105
2.85321
1.54417
5.37581
5.95284
6.02785
7.16911
-4.5669
4.78877
-4.6398
0.701894
-2.48329
1.63936
-1.0002
5.28386
-2.65205
1.62354
-1.08349
5.31903
-5.20787
-0.154085
1.63748
-0.880229
4.29172
0.751523
-5.76005
5.89899
-5.6952
6.26109
-7.6459
-1.25663
-3.65919
-4.2381
4.99361
-2.80396
0.558578
-2.05183
0.313452
0.332646
8.02132
4.42954
-3.43348
0.72298
-3.12004
-0.971279
-4.18786
-4.28358
3.31231
0.691124
-0.180519
2.27257
-2.45309
0.220735
5.07261
2.46732
-1.76731
1.04832
5.40526
6.15678
3.19987
2.95692
1.62128
2.52456
-1.96598
-2.80403
1.80384
-1.18049
-4.23569
4.92681
1.44107
-3.50442
0.384385
-1.34203
4.5419
-5.59851
3.65158
-0.127952
-2.4561
4.5782
-3.51512
0.294615
-4.65426
-0.944243
-2.79025
0.824273
-3.58809
3.97248
2.49195
-2.6199
0.0358478
-0.816064
-2.56952
-5.36346
1.12777
-2.05116
-3.10196
4.22974
2.05537
-4.10653
1.87056
2.67134
4.80835
0.118463
3.00451
-1.56345
1.82402
-3.35011
3.38596
-4.038
0.936034
-1.98262
-2.41408
3.39793
0.253646
-2.90179
1.33834
-2.07751
4.0276
0.202133
1.32042
4.14607
3.19098
0.45736
-4.60343
-2.96595
-1.14058
3.23014
-1.40612
2.0504
-3.38875
7.45574
2.65055
4.80518
3.58199
3.87374
4.00787
3.44786
3.27917
4.17657
7.45574
-6.51743
6.51743
-5.49931
5.49931
4.07815
-4.07815
3.08697
-3.08697
2.44388
-2.44388
-2.04412
2.04412
-1.64693
1.64693
1.3117
-1.31174
1.08836
-1.06845
-1.36531
-1.15147
-0.120652
-0.825804
0.478755
-0.833362
0.658048
-1.42137
1.82461
-2.49191
2.93773
-3.34156
3.6576
-3.35155
3.23014
-1.46399
1.73078
-1.19527
1.46981
-0.967207
1.1674
-0.606206
0.672129
-0.32309
0.182432
0.762133
-0.23116
-0.129351
0.485294
0.308061
0.308344
0.65297
-1.15471
-0.991989
0.941981
2.23692
-1.66369
3.17805
-3.17803
4.26263
-4.26263
5.35589
-5.35589
6.20563
-6.20563
6.60184
-6.60184
6.70299
-6.70299
6.72285
-6.72285
6.72193
-6.72193
6.71441
-6.71441
6.70819
-6.70819
6.71802
-6.71802
6.71374
-6.71374
6.70251
-6.70251
6.69152
-6.69152
6.68652
-6.68652
6.64841
-6.64841
6.54184
-6.54184
6.46293
-6.46293
6.82669
-6.82669
-7.45575
-3.01687
-4.43888
-3.52077
-3.93498
-3.39396
-4.0618
-3.54411
-3.91163
-7.45574
6.36502
-6.36502
6.42135
-6.42135
-6.556
6.556
-6.70504
6.70504
-6.7253
6.7253
-6.7262
6.7262
-6.72711
6.72711
-6.72131
6.72131
-6.70896
6.70896
-6.70903
6.70903
-6.7082
6.7082
-6.70617
6.70617
-6.70226
6.70226
-6.70527
6.70527
-6.72726
6.72726
-6.74963
6.74963
-6.66445
6.66445
-6.52151
6.52151
-6.47226
6.47226
-6.49078
6.49078
-6.45983
6.45983
-6.39958
6.39958
-6.32525
6.32525
-6.75836
6.75836
10.1063
0.938308
0.0115002
-10.4726
-1.09073
-3.21922
8.02441
4.23652
7.81851
3.51918
3.93655
3.29898
4.15676
7.30685
7.43593
2.57743
4.87831
6.38587
0.13156
6.38587
-0.907322
0.886555
-4.81425
4.81425
-3.46229
3.46229
-2.7279
2.7279
2.22744
-2.22744
1.84453
-1.84453
-1.45792
1.45792
1.20023
-1.20173
0.1976
-1.25522
-0.994922
-0.718875
-0.713784
-0.416708
-0.00109526
1.56791
0.743411
0.588786
0.449927
0.324498
0.0451786
0.049685
0.414573
-0.713844
-0.290013
0.645352
1.14669
-1.21597
-2.7866
2.79043
-3.76875
3.76875
-4.86256
4.86256
-5.77207
5.77207
-6.46261
6.46261
-6.66721
6.66721
-6.71312
6.71312
-6.71937
6.71937
-6.71327
6.71327
-6.71463
6.71463
-6.71405
6.71405
-6.71438
6.71438
-6.7068
6.7068
-6.69494
6.69494
-6.69268
6.69268
-6.67108
6.67108
-6.61151
6.61151
-6.46981
6.46981
-6.59875
6.59875
0.183321
-6.43801
6.438
-3.8846
-3.57115
-4.06226
-3.3935
-4.0502
-3.40556
7.39293
-3.06958
-4.38617
-6.66001
0.294991
-6.66001
-0.238659
6.42594
-6.42594
6.65888
-6.65888
6.72455
-6.72455
6.72809
-6.72809
6.72741
-6.72741
6.71988
-6.71988
6.71295
-6.71295
6.70391
-6.70391
6.70489
-6.70489
6.70354
-6.70354
6.70241
-6.70241
6.69819
-6.69819
6.70918
-6.70918
6.73765
-6.73765
6.72372
-6.72372
6.58342
-6.58342
6.48627
-6.48627
6.47964
-6.47964
6.4877
-6.4877
6.43724
-6.43724
6.3303
-6.3303
6.50344
-6.50344
6.33346
-6.33346
0.13435
-6.61369
6.75399
0.685062
0.615866
0.359073
0.216435
0.199588
0.189014
0.10982
-0.169798
-0.467527
-0.590698
-0.599931
-0.416181
-0.256982
-0.0653695
-0.0101293
0.00347181
0.0086607
-0.0002184
-0.00585915
0.0036375
0.00693609
0.00757623
-0.00115978
0.0154386
0.0369021
0.0720345
-0.135822
0.388685
-7.58301
-7.44414
0.00459395
0.102874
0.0195054
0.00278649
0.00120497
-0.00722981
-0.00835946
-0.0050458
-0.00414208
-0.00466925
-0.00376552
-0.00406677
0.00391614
0.0103928
-0.0259068
-0.0810341
-0.0352453
0.00738043
-0.00308773
-0.0225931
-0.0692856
0.178185
-0.424902
-0.00396886
0.000640139
0.0042927
0.0034191
0.0061604
0.0226685
0.0696622
0.00688338
-0.227942
-7.81956
-7.45528
-7.31716
0.000753105
-0.00188276
-0.000301242
0.0014309
-0.00399146
0.00512111
0.00331366
0.00263587
-0.000150621
0.00707918
0.0180745
0.0119744
-0.0592693
-0.0619052
-0.0140077
0.0111459
-0.0278649
-0.0376552
-0.0050458
0.254926
7.38442
0.146172
0.284018
0.375317
0.7361
0.00643905
-0.00113719
-0.00256056
-0.00973011
-0.0357725
-0.139234
-0.433555
-0.493329
-0.493879
-0.387324
-0.410314
-0.132444
-0.483186
-0.271261
-8.01002
0.0461653
0.130061
4.78515
3.03336
-1.42563
1.5718
5.69171
-5.00665
-3.66934
4.2852
7.82145
-7.68989
0.31449
-1.21748
-6.70856
6.715
-3.00998
3.36905
-4.29282
5.02892
1.39889
1.35958
-2.37913
2.59557
3.83224
-3.45692
0.822262
2.18985
-1.99026
-4.09463
-3.48837
1.75909
-1.57008
0.333461
-0.939831
1.36435
-1.2546
-2.73351
3.01752
0.635545
0.638392
-0.328134
-4.51773
-2.09597
-1.76088
1.95848
0.428968
0.388399
-5.87189
6.75844
1.94956
1.7518
-1.47091
0.450975
-4.30399
-3.70602
-0.925419
0.982896
-2.91883
2.45441
1.08543
-1.25662
0.56358
-0.710685
-0.489386
-4.22206
3.63137
-2.2505
2.01264
-0.52281
-0.894993
-5.17957
4.57964
-3.41969
3.03241
-0.965049
-1.18965
-6.09198
5.6758
-4.63657
4.14269
-1.00521
-1.03687
-6.63752
6.38054
5.14781
-5.64114
-0.944167
-6.71734
6.65197
-6.52861
6.09506
-0.852816
-0.542461
-6.72849
6.71836
6.55911
-6.69835
-0.158227
-6.72655
6.73002
6.69723
-6.733
-0.0312538
-6.71571
6.72437
6.72828
-6.73801
0.00173214
6.72189
-6.72211
0.01333
6.73273
-6.73529
0.0170202
6.72422
-6.72535
0.00210869
-6.72407
6.72771
-6.71871
6.72565
-6.70441
6.71199
6.70069
-6.70185
-6.68599
6.70143
6.69359
-6.65669
-6.49929
6.57133
6.31203
-6.44785
-4.25745
-3.56211
-8.56145
-7.65674
2.3266
-2.14328
0.336344
-4.03459
6.7546
-6.70843
-5.47689
-3.84663
-3.5975
-3.58334
-3.73382
-7.42998
-8.25155
6.25612
-6.25152
6.73923
-6.73848
4.00614
4.01827
8.79129
-6.41939
6.18073
-0.163273
-6.72907
6.74857
0.0101669
6.73404
-6.73592
-6.73072
6.73042
-6.72643
6.72786
-6.71212
6.70813
-6.71099
6.71611
-6.70949
6.7128
-6.70587
6.70851
-6.70467
6.70451
-6.70105
6.70813
-6.7134
6.73148
-6.7549
6.76687
-6.7607
6.70143
-6.55645
6.49455
-6.46804
6.45403
-6.49312
6.50426
-6.4767
6.44884
6.43355
-6.4712
-6.24971
6.24467
-6.52482
6.77975
3.52634
3.85808
6.72362
-6.72759
-0.000451863
3.77283
-1.07618
5.81662
-1.34104
0.612171
0.628877
-1.27
1.08008
-1.06791
2.47883
-0.807562
-1.41633
2.3615
-1.02311
1.49813
-0.760989
1.3545
1.1059
-0.667439
-0.489702
0.594837
0.724154
0.455989
0.530079
-1.66218
-0.404679
-6.6228
6.72568
0.131793
-1.87327
-7.74063
7.79109
-7.57285
3.48446
3.95147
6.59117
0.102422
6.66083
0.494856
-1.43756
-0.98157
3.04781
4.25903
6.57415
7.7435
-0.573652
-7.35194
6.70024
0.000451863
6.7064
-0.00527173
0.82828
0.452285
0.285358
-0.019656
-1.0615
7.36619
-6.52088
-0.831051
3.84392
-7.3323
-3.61136
0.31712
-0.914731
0.0401405
0.161541
-0.000979036
-0.564365
-0.31781
0.841369
-0.0810341
6.71931
-6.72516
6.72037
-6.71973
6.70968
-6.70539
6.69884
-6.69542
0.0204091
-6.67914
6.7018
-6.39932
6.4062
-6.74883
-6.5667
0.315174
-6.43664
-7.27786
4.72686
2.66607
-7.20887
7.76022
-1.09712
-6.72854
6.73133
-6.73358
6.73479
6.72304
-6.73027
6.72184
-6.7302
6.70534
-6.71039
6.70866
-6.7128
6.70933
-6.714
6.7125
-6.71626
6.70022
-6.70429
6.70429
-6.70037
6.73411
-6.72372
6.7549
-6.7808
6.57784
-6.65888
6.46292
-6.49816
6.45569
-6.44831
6.55668
-6.55977
-6.46013
6.43754
6.37322
-6.44251
6.32969
-6.15151
6.52415
-0.00828415
1.2454
0.323643
1.1476
-0.522556
0.776812
-0.725896
4.88072
8.83219
-0.272711
1.33009
0.751016
0.810869
-0.0265846
0.0799797
-0.0979789
-0.0391614
0.063562
-0.0123509
-0.0935356
-0.182854
-4.02525e-16
0.0207104
0.00323835
-0.00444332
0.00662732
-0.000150621
-0.00233462
-0.00677794
-0.00459394
-0.00768167
-0.436801
0.172009
-0.197841
-0.110932
0.0222919
0.0559557
-0.0441319
0.62824
-0.164327
-0.0793772
0.0431529
0.0311032
0.00384083
-0.0117484
-0.00549766
2.89473e-15
0.0057236
-0.0416467
-0.00301242
0.00527173
0.00165683
-0.0101669
0.00798291
0.0202585
0.0165683
0.045111
0.289042
-0.022066
-0.00240994
-0.00316304
0.00549766
-0.00715449
-0.00112966
-6.6759
6.77832
6.43219
-6.37624
6.76514
-6.72003
0.0892429
-6.71867
6.73524
-3.0229
3.84516
-1.82427
1.3998
5.71426
2.04596
-6.76491
6.76665
-6.77757
6.74631
-2.161
2.49734
6.15121
-6.98226
-2.41024
-1.57185
1.89603
-3.12132
-4.21099
1.8183
-1.48485
-6.75204
6.76002
6.73509
-6.75716
-2.19465
2.64693
-6.33971
5.39554
2.48466
-1.1228
-6.81146
6.65323
4.26665
-3.43837
1.24375
-1.66962
0.912719
-1.29085
-0.75593
4.79442
-5.85592
-6.73494
6.74827
-6.74511
6.76213
6.75113
-6.74902
0.0161918
-6.73178
6.75204
6.75994
-6.75829
0.0281661
6.74398
-6.73871
0.0253043
-6.72199
6.7424
6.76732
-6.7726
0.0222166
6.8775
-6.58846
-6.53846
6.34061
6.761
-6.76198
0.0119744
-6.42993
6.60194
6.73532
-6.73486
0.01333
6.524
2.2673
7.36536
7.98155
6.75603
-6.59449
0.326094
-1.15493
-1.39131
1.10789
-1.30621
1.62323
0.512083
0.467931
6.76574
-6.76687
6.76386
-6.77101
6.75542
-6.76371
-1.56111
0.643397
5.73158
-5.89485
5.43553
-6.53266
-2.81601
-0.801078
-6.76808
6.77824
-0.00421739
-6.75392
6.75942
0.0118237
5.93868
-6.37548
-1.04358
6.76582
-6.7735
-6.76152
6.75693
-0.026434
-6.24527
6.20362
0.35667
-0.171858
-6.73193
6.73765
6.7369
-6.7369
6.73622
-6.74172
6.73848
-6.75023
-6.72093
6.72477
-6.72553
6.75663
-6.74925
6.7924
-6.90311
6.82373
-5.75523
6.38347
1.61014
6.40772
-6.50125
-6.4099
6.39755
0.0222919
6.74541
-6.72312
0.0253796
6.00066
-5.92068
-0.537792
0.462783
6.37503
-6.41419
-6.44658
6.33564
-0.0715449
-6.56451
6.46653
-0.223898
-6.60352
6.4392
-0.195807
-6.23578
6.55096
0.641721
-6.77696
6.8171
0.00128028
-1.46701
0.736822
0.918152
-1.45496
-0.483103
1.56945
-1.33462
-6.7604
6.89219
0.0567088
5.73971
3.09247
7.68927
6.5316
-6.84941
-0.279854
0.422538
-1.14795
-0.46726
-6.45102
6.42444
0.015514
2.09128
-0.988798
1.75538
-0.893774
6.75226
-6.75271
0.000225931
6.70994
-6.79097
-0.0676288
6.75301
-6.77267
-0.0118991
0.0192795
-1.57081
0.58757
-1.10273
-0.975184
5.11464
2.62886
8.20711
6.3602
0.213957
8.98906
0.656105
0.967061
-0.82437
-4.40016
5.79906
-5.15327
6.90507
2.536
2.5049
0.0102422
-6.3001
-0.549315
2.96778
-2.32939
0.773137
-2.69163
3.32718
1.15353
0.997788
0.183833
-0.0263587
0.485933
2.04265
-0.067357
1.55685
-6.84256
-0.137743
-3.86072
5.2203
1.93834
1.78192
2.10348
-1.71508
0.618631
0.000150621
0.985368
1.20408
2.15892
-1.5453
-4.27741
3.08777
2.54669
-3.51163
-1.73071
4.25361
-5.29049
-1.60231
-4.73292
3.72772
-1.64516
-1.56277
0.285757
0.00173214
-0.523324
5.92166
-6.77448
-0.920896
0.01333
6.7381
8.78406
3.69368
-6.815
-3.51519
6.74925
-6.75942
1.9274
0.569942
2.35637
-0.00594953
0.303727
-6.73991
0.00798291
-6.74225
-0.242425
6.73336
-6.73637
-0.00150621
0.00271118
-0.00112966
-0.0115978
-3.183
-4.24698
-6.69819
-7.06299
-0.0144596
-0.0111459
-1.37893
-6.47542
0.0991839
-6.41186
6.75731
-6.76047
-6.75927
6.75686
-6.73765
6.73087
-0.00534704
6.74789
-6.74804
-6.74134
6.74797
-6.73667
6.73223
6.72899
-6.72575
6.75994
-6.73923
6.82094
-6.82094
0.988415
6.64472
-6.82757
-6.43852
-0.0627336
-6.48265
-0.0851008
-0.00956443
-0.0762142
-0.722556
1.04066
-0.25839
0.0716956
-4.82725
-2.82949
-7.23749
-7.04047
0.0344169
0.00805822
-0.0028618
0.0109953
0.00278649
0.0531692
0.0308773
-0.0118991
6.53846e-16
-0.00233462
0.00534704
-0.0166436
-0.0262834
-0.0118237
0.00625077
-0.0179992
-0.388376
6.40222
-6.79059
6.77041
-6.78841
6.79828
-6.80987
-6.77998
6.79331
-6.79798
6.80995
6.51398
-7.06329
-6.72809
6.91192
-6.79948
6.8217
-6.7921
6.82027
6.81966
-6.82561
0.0201832
6.80423
-6.82087
2.04733
-2.9389
6.79963
-6.76522
6.81025
-6.8101
0.0122756
-7.23041
6.97202
-0.828189
-3.08216
4.32591
-3.86681
2.13611
6.13569
-6.03651
6.78495
-6.79677
-1.46393
-7.09206
6.17117
6.19865
-6.27487
5.63955
-7.01848
-1.45251
6.80091
-6.81206
1.08892
-1.79549
-6.77064
6.79594
-2.42748
2.91342
-0.910492
2.22136
6.80656
-6.81612
-6.80837
6.81108
6.77614
-6.77764
-0.00384083
-6.87863
6.74089
7.21376
-6.91004
-6.81944
6.81522
-0.0211622
-2.78641
-4.02858
6.41532
-5.75922
0.88717
-1.61102
6.31418
-6.30394
6.7985
-6.81296
-0.00986567
6.78909
-6.81552
-6.81138
6.8232
-0.00481987
6.8583
-6.76906
0.130212
1.65505
-1.20663
0.747052
-6.83427
6.80792
5.24605
-6.28963
-1.99143
-6.81899
6.82433
-0.0147609
-6.93617
6.93896
0.0358478
6.78811
-6.79346
-1.45429
1.20466
-6.79346
6.80445
-0.00851008
-6.78193
6.78193
-6.7976
6.79474
-0.0271871
-6.77041
6.77847
-6.75987
6.79075
0.0397639
2.16984
-0.953559
6.49831
-6.56105
6.82192
-6.79654
0.052868
-6.40101
6.32947
-0.086833
6.61535
-6.83925
-6.38791
6.1921
0.110405
-6.46879
7.11051
0.744971
3.74316
5.04091
-6.83646
6.83774
-0.0212376
-6.59004
5.04475
2.12098
-0.926348
6.81206
-6.81033
0.0199573
-6.78065
6.78864
0.00745574
-1.50376
1.74108
-6.94769
6.66784
-0.433713
-0.210794
-1.99468
1.97372
-6.44138
6.45689
0.173967
-1.65021
0.825455
6.78856
-6.78969
0.01092
6.77892
-6.84655
-0.0553532
6.81515
-6.82704
-0.0104682
6.81018
-6.80995
-0.000150621
-6.87878
6.93549
-0.0410442
-1.56315
1.07754
-0.676954
-0.379252
-6.1677
6.18999
-0.032007
-6.8104
6.8821
0.128555
-1.3765
1.65318
-3.11684
0.721066
-1.69639
-0.929217
4.12219
4.86686
4.4507
-5.25178
-2.61229
1.16355
-0.825206
-4.48271
6.98761
2.0673
-1.44867
-0.308421
-5.00626
7.54227
3.20085
3.05956
-0.892128
1.10986
0.00670263
1.30858
0.00112966
-6.77945
6.79873
-2.2136
-6.34084
-0.220208
-6.42594
0.0115978
5.14981
-3.36788
2.06765
-6.78818
6.80438
6.66385
-6.30718
2.85773
1.46818
-4.06722
6.00556
2.92039
2.63767
4.01126
6.79519
-6.78186
4.32222
-5.92452
-2.26782
0.162143
0.152956
0.641284
-6.61331
6.93941
-0.0191289
-1.97374
-0.0120497
0.298606
-6.81236
6.81002
-0.756123
0.0245512
1.3513
0.780708
4.32395
-2.18784
2.67879
0.0217647
0.0546001
-0.0232709
-0.105661
5.52734
2.45422
-0.00768167
-1.24041
1.7525
0.826888
0.649611
-3.46375
-3.23443
-6.25017
-5.84673
0.0384083
-0.78578
7.86535
0.01333
-0.0108447
6.77772
-6.804
-5.89576
5.7239
0.768092
-0.565732
0.0109953
-0.235948
0.0138571
-6.79677
6.80302
-6.7805
-0.0079076
-6.7924
-0.00203338
0.0203338
0.00820884
6.83608
-6.78291
-0.598492
0.002184
0.0254549
0.00625077
-6.2287
-0.610542
-6.7665
0.0708672
1.40086
2.79138
-2.01825
0.3639
0.00625077
2.03703
0.876388
2.60697
7.13747
-4.61111
-2.42937
-6.60254
-6.45795
-0.0378059
0.632231
7.49512
-0.022066
-0.0139324
0.0991839
8.06771
-6.83804
6.87645
-6.83345
6.84437
6.90183
-6.80264
6.82682
-6.86462
-6.80905
6.87991
0.0927825
-1.51415
1.20351
-6.84384
6.8656
6.88134
-6.86139
0.0433035
-2.30254
0.931591
-2.3505
-2.18433
-2.45241
3.4502
1.55885
1.43195
1.00827
-1.79415
7.08415
-7.0587
6.75076
-6.64035
-3.33592
1.12235
-6.85069
6.90356
-6.83932
6.85318
-6.81161
6.85137
0.0683066
-6.87065
6.87178
7.56079
-8.38898
6.83081
-6.858
6.84625
-6.85476
-2.66366
4.13183
6.83405
-6.84798
-5.33868
6.68998
-1.88639
1.16162
3.48401
-5.04678
-2.44051
-0.309885
-2.68454
0.501489
-0.918351
-2.99805
6.87313
-6.87795
6.85506
-6.86493
-0.0155893
4.11301
3.38212
-6.89317
6.87404
5.62577
-5.65777
-6.92495
6.81929
6.28059
-6.12764
2.26308
4.8744
-7.37154
5.91903
6.84655
-6.8403
0.013104
6.85197
-6.87313
6.86899
-6.85672
0.0251537
5.95171
-5.78957
2.26634
-0.774518
-2.3418
1.55603
-1.15211
-1.44995
-6.86741
6.88759
6.37609
-6.88127
6.86003
-0.0292958
-6.80039
7.09899
6.96637
-6.83616
0.165984
6.85619
-6.83164
0.0158905
-6.99755
5.02381
-6.84904
6.86003
-0.00278649
6.87072
-6.88549
-7.10313
7.13898
0.457662
-6.82727
6.8476
0.0240994
-6.13494
5.89899
-0.509174
-6.84587
6.83796
-0.0118237
-0.908271
2.21008
1.36404
1.01731
-6.8592
6.85717
-0.028392
-6.86914
6.87735
0.00158152
-6.83879
6.8455
5.25012
-5.84861
-3.13887
0.902144
1.79787
-1.07978
0.992676
6.84286
-6.8467
0.00353959
6.87901
-6.86741
0.0222919
-6.17749
6.09066
0.1031
5.33718
6.86726
-6.86508
0.0165683
-7.47577
8.22074
-0.391614
-6.86297
6.8763
0.0101669
6.86109
-6.87313
-0.00384083
-6.8586
6.86485
-0.0014309
-6.84617
6.85363
0.0138571
2.35477
-1.71349
0.906098
3.85206
4.0133
6.85273
-6.90808
-0.0404417
6.87743
-6.8879
0.0100163
6.87871
-6.87886
0.0173214
-6.92691
6.88586
-0.0668757
6.98023
-6.85167
0.177582
0.287309
-7.44195
6.54983
-6.87547
6.8522
-0.0486506
-1.42932
0.0448097
-1.60413
0.0890455
4.94677
2.1043
-0.902388
1.01873
6.77629
-6.98708
-0.148663
4.27568
-6.5435
-2.72187
7.23417
0.293937
-0.172838
0.0148362
-6.55382
-0.0865317
-6.77403
0.00316304
-2.83428
2.88206
0.0201832
-2.33402
3.89287
-0.875032
-0.088791
-0.00707918
-0.000376552
4.64553
-2.57788
1.98187
-0.000602484
-1.15477
1.98165
-3.88888
6.80927
3.59314
4.47457
7.60643
7.53413
4.0078
-2.88545
-1.04693
1.79781
0.0100916
-0.0138571
-0.0200326
-2.36799
-0.0118991
-2.34773
-4.24337
-2.0068
6.15347
-0.0628089
-6.20807
0.4185
6.83503
-6.85709
-0.00233462
6.86139
-6.86907
-1.52293
1.73389
-0.725694
6.6884
0.410593
7.32063
0.0674029
4.56743
-5.13316
-2.03511
2.47342
-6.71679
-3.98453
-3.83473
0.893483
-0.029597
-5.99999
6.76808
1.32064
1.63492
-0.0117484
-6.55081
0.42317
-6.37684
7.138
-0.588175
-6.88059
6.86975
-0.00346428
1.05675
3.3465
-2.9826
2.32216
-1.41606
1.16739
1.81995
6.70429
-1.98432
-4.68318
1.03225
-1.96153
-0.76195
-0.028392
7.22182
-7.83236
0.844983
-2.8856
3.64525
-0.0115978
-0.0157399
2.14966
1.19683
3.02605
-1.68168
1.77048
-3.97255
1.08711
6.84685
-6.93564
-6.88707
6.9019
-3.10038
5.73806
3.70889
3.16018
6.91425
-6.87095
-6.75339
5.87836
6.91516
6.8656
0.934702
6.88323
-6.89482
-0.927759
6.88217
-6.89791
-6.89452
6.89392
3.73096
3.87548
-6.89573
6.89889
-6.90266
-1.55064
6.88458
-6.88496
6.90055
4.94639
-3.12644
2.5784
-5.74536
3.30485
-3.16696
-3.23865
2.67405
-1.78057
1.25799
-4.72453
5.01846
6.10007
-5.6769
5.55302
-5.61583
7.37621
4.34858
0.839515
-3.67514
6.15716
-5.73866
1.43263
-0.18564
-6.90763
-6.93994
7.3976
6.89264
-6.89543
-6.84286
-6.89686
-8.46286
-6.87683
6.90198
4.29729
-2.49948
7.05268
-6.88669
-6.90522
6.89528
6.8946
-6.87984
7.29043
6.88616
-6.91546
6.95357
-6.88202
1.18935
-1.91507
6.89882
-6.87472
6.88277
5.23912
-5.7483
-1.51427
-0.729834
6.89708
-6.90055
-6.90296
6.88293
2.34223
-7.75201
7.66548
-1.87365
6.89746
6.90718
-5.59835
5.70145
0.501718
6.91041
-1.00648
1.99088
6.89882
6.8888
6.80942
-0.282791
-7.31212
4.96439
-1.02684
-1.74841
0.82061
7.09673
-6.99152
-2.11253
4.45477
8.21946
-3.13306
6.81394
2.09274
-1.07476
1.08515
2.18476
1.93028
5.73519
-5.38184
8.22405
4.41944
-2.43757
1.91997
-3.49847
0.085628
-0.559089
-6.83089
1.15398
2.34982
-1.52925
0.668083
4.53151
-3.4444
1.40507
1.24548
0.962874
-2.10033
-2.33666
1.30981
-2.6712
1.22546
-1.70061
-2.46091
0.867806
-5.9859
-1.15498
-1.16927
-2.008
1.24603
-0.698199
-0.669051
4.49423
-1.33405
2.05665
2.23815
-2.83567
6.54456
-5.22542
5.31105
-4.54054
6.7787
1.72563
-0.751547
0.527287
2.66268
-1.40469
1.49341
4.92448
-6.79813
2.12918
2.32559
-6.01964
0.325191
-3.45826
6.63734
-5.10763
5.60935
4.38473
6.37292
-5.21894
1.26529
1.55976
1.61933
-2.17843
1.22711
-2.09047
4.27522
2.17427
-1.30654
-1.69091
2.21567
-1.68492
3.8141
-0.466452
0.383933
2.48076
-1.39578
2.01401
5.21051
-8.10371
5.6647
-0.353658
4.71188
-2.79191
2.62141
0.513313
1.0994
5.47906
-3.17923
2.5903
2.48057
-1.8125
1.17402
2.41641
-0.923005
-6.41788
0.0900719
5.32822
-3.92315
3.52242
4.65825
-3.22562
3.82238
-3.49719
1.48949
2.32461
1.71821
-2.03459
1.36553
-0.316379
-0.812899
2.16126
5.02946
-6.54373
-1.7646
3.01008
1.75782
3.24731
0.377983
4.30098
-3.923
-1.76867
1.60539
4.74795
-5.10161
-2.77427
0.312549
-2.26111
-4.25662
-3.14572
-6.02529
-0.247238
-2.43833
4.49498
2.77218
1.70307
-2.3521
2.44217
-3.35937
-0.137818
0.377833
-4.83531
4.10548
3.2376
-0.912989
-1.20052
2.29991
-2.6196
-0.526119
-2.86684
-3.88549
-5.64746
4.33193
-0.177055
-2.43825
-1.32208
2.92747
1.92524
2.00446
3.92639
-1.33608
4.06074
-4.2378
6.035
2.12511
-4.56336
-3.52235
-0.502622
1.30927
1.92832
-1.69735
-0.654749
3.23451
2.63233
-1.45831
1.4318
0.904104
3.65806
-3.79587
3.35124
-6.57686
-0.886555
-1.0978
0.629671
3.0134
-2.51025
-4.71685
3.38076
4.81144
-4.4275
-2.09544
-5.29267
4.19487
-0.544721
-0.290171
3.93957
0.822164
2.41235
-0.264942
-5.20486
0.777355
-2.56319
3.19286
2.82663
-2.37371
4.30204
3.3657
-0.953355
2.71095
-4.29292
3.7482
-0.830373
2.26218
-1.85972
-2.02578
0.147759
-4.6868
3.80024
1.73455
-1.34316
2.24726
0.489669
-4.28554
-0.491928
4.28991
4.50763
-4.7978
0.21471
0.639687
3.34868
3.78729
3.56339
3.71115
2.98696
-1.25241
2.15659
0.919014
2.38139
-2.87332
-3.64721
-0.638332
-1.56028
2.4793
0.619579
-0.429797
4.178
4.15812
3.28135
2.02894
1.30468
)
;

boundaryField
{
    bullet
    {
        type            calculated;
        value           uniform 0;
    }
    topWall
    {
        type            calculated;
        value           nonuniform List<scalar> 
50
(
4.58266e-15
6.87399e-15
1.0311e-14
5.15549e-15
1.67223e-15
1.67223e-15
-1.67223e-15
2.29133e-15
6.87399e-15
1.67223e-15
-5.01669e-15
-1.67223e-15
-1.67223e-15
-1.67223e-15
0
-1.67223e-15
-1.67223e-15
1.67223e-15
5.72833e-16
-1.67223e-15
1.67223e-15
-1.67223e-15
-1.67223e-15
2.86416e-15
6.87399e-15
5.72833e-15
2.86416e-15
1.14567e-15
1.67223e-15
-1.67223e-15
2.29133e-15
1.7185e-15
2.29133e-15
-1.67223e-15
4.00983e-15
6.12931e-14
5.11539e-13
3.68045e-12
2.2659e-11
1.19609e-10
5.40853e-10
2.10948e-09
7.20623e-09
2.19801e-08
6.10111e-08
1.56417e-07
3.72116e-07
5.62134e-07
-7.45453e-10
-3.44725e-06
)
;
    }
    bottomWall
    {
        type            calculated;
        value           nonuniform List<scalar> 
50
(
4.00983e-15
-1.67223e-15
1.67223e-15
1.67223e-15
-1.67223e-15
-5.01669e-15
0
-1.67223e-15
-1.67223e-15
-1.67223e-15
5.49919e-14
5.16695e-13
3.74919e-12
2.31155e-11
1.22035e-10
5.52049e-10
2.15619e-09
7.38962e-09
2.26804e-08
6.35732e-08
1.65185e-07
3.95888e-07
7.71804e-07
1.15615e-07
-3.05566e-06
4.00983e-15
2.29133e-15
-1.67223e-15
-1.67223e-15
-1.67223e-15
-1.67223e-15
-1.67223e-15
-1.67223e-15
-8.36114e-15
-1.67223e-15
-1.67223e-15
-5.01669e-15
1.67223e-15
-1.67223e-15
-1.67223e-15
1.67223e-15
-1.67223e-15
-1.67223e-15
0
4.00983e-15
5.72833e-15
5.15549e-15
4.00983e-15
9.16532e-15
1.14567e-14
)
;
    }
    inlet
    {
        type            calculated;
        value           nonuniform List<scalar> 
30
(
-7.45574
-7.45574
-7.45574
-7.45574
-7.45574
-7.45574
-7.45574
-7.45574
-7.45574
-7.45574
-0.150621
-0.150621
-0.150621
-0.150621
-0.150621
-0.150621
-0.150621
-0.150621
-0.150621
-0.150621
-7.45574
-7.45574
-7.45574
-7.45574
-7.45574
-7.45574
-7.45574
-7.45574
-7.45574
-7.45574
)
;
    }
    outlet
    {
        type            calculated;
        value           nonuniform List<scalar> 
30
(
7.45574
7.45574
7.45574
7.45574
7.45574
7.45574
7.45574
7.45574
7.45574
7.45574
0.150621
0.150621
0.15062
0.15062
0.15062
0.150621
0.150621
0.15062
0.15062
0.15062
7.45574
7.45574
7.45574
7.45574
7.45574
7.45574
7.45574
7.45574
7.45574
7.45574
)
;
    }
    defaultFaces
    {
        type            empty;
        value           nonuniform 0();
    }
}


// ************************************************************************* //
