/*--------------------------------*- C++ -*----------------------------------*\
  =========                 |
  \\      /  F ield         | OpenFOAM: The Open Source CFD Toolbox
   \\    /   O peration     | Website:  https://openfoam.org
    \\  /    A nd           | Version:  6
     \\/     M anipulation  |
\*---------------------------------------------------------------------------*/
FoamFile
{
    version     2.0;
    format      ascii;
    class       volScalarField;
    location    "0.0001";
    object      T;
}
// * * * * * * * * * * * * * * * * * * * * * * * * * * * * * * * * * * * * * //

dimensions      [0 0 0 1 0 0 0];

internalField   nonuniform List<scalar> 
3704
(
300
300
300
300
300
300
300
300
300
300
300
300
300
300
300
300
300
300
300
300
300
300
300
300
300
300
300
300
300
300
300
300
300
300
300
300
300
300
300
300
300
300
300
300
300
300
300
300
300
300
300
300
300
300
300
300
300
300
300
300
300
300
300
300
300
300
300
300
300
300
300
300
300
300
300
300
300
300
300
300
300
300
300
300
300
300
300
300
300
300
300
300
300
300
300
300
300
300
300
300.001
300
300
300
300
300
300
300
300
300
300
300
300
300
300
300
300
300
300
300
300
300
300
300
300
300
300
300
300
300
300
300
300
300
300
300
300
300
300
300
300
300
300
300
300
300
300
300
300
300
300.001
300
300
300
300
300
300
300
300
300
300
300
300
300
300
300
300
300
300
300
300
300
300
300
300
300
300
300
300
300
300
300
300
300
300
300
300
300
300
300
300
300
300
300
300
300
300
300
300
300
300.001
300
300
300
300
300
300
300
300
300
300
300
300
300
300
300
300
300
300
300
300
300
300
300
300
300
300
300
300
300
300
300
300
300
300
300
300
300
300
300
300
300
300
300
300
300
300
300
300
300
300.001
185.457
33.3894
92.9968
92.9874
115.606
128.628
177.126
239.828
381.838
422.484
483.761
533.28
618.433
693.874
671.305
141.286
47.3193
122.83
135.956
215.6
160.24
223.59
315.255
421.1
463.585
490.024
526.365
572.168
621.955
652.81
131.721
75.2218
235.527
251.263
205.263
225.909
247.7
364.488
402.458
443.586
472.585
515.573
557.507
598.294
677.015
130.655
119.638
270.454
226.413
205.063
260.191
284.166
359.826
381.497
420.388
442.286
485.832
520.77
530.882
666.764
140.49
161.807
244.988
202.194
205.932
272.507
295.97
358.325
380.341
424.402
446.722
495.912
526.883
499.266
619.61
681.681
671.282
639.721
586.47
474.724
432.596
375.611
232.36
187.398
135.089
124.663
86.2395
87.4603
48.2254
222.847
661.219
600.286
593.934
548.505
489.15
474.963
424.867
308.171
236.618
167.779
229.711
125.568
114.058
70.5792
195.736
663.553
579.164
587.026
530.2
484.334
456.682
407.479
364.678
260.378
232.471
214.011
230.462
248.236
96.6159
215.695
628.312
530.352
542.271
499.33
464.971
432.472
381.036
363.94
293.17
266.238
208.049
219.601
236.472
127.895
230.292
595.989
520.9
505.467
492.937
471.959
433.083
379.568
362.611
302.837
278.367
210.155
205.789
237.446
172.355
253.372
300
300
300
300
300
300
300
300
300
300
300
300
300
300
300
300
300
300
300
300
300
300
300
300
300
300
300
300
300
300
300
300
300
300
300
300
300
300
300
300
300
300
300
300
300
300
300
300
300
300
300.001
300
300
300
300
300
300
300
300
300
300
300
300
300
300
300
300
300
300
300
300
300
300
300
300
300
300
300
300
300
300
300
300
300
300
300
300
300
300
300
300
300
300
300
300
300
300
300
300
300
300.001
300
300
300
300
300
300
300
300
300
300
300
300
300
300
300
300
300
300
300
300
300
300
300
300
300
300
300
300
300
300
300
300
300
300
300
300
300
300
300
300
300
300
300
300
300
300
300
300
300
300.001
300
300
300
300
300
300
300
300
300
300
300
300
300
300
300
300
300
300
300
300
300
300
300
300
300
300
300
300
300
300
300
300
300
300
300
300
300
300
300
300
300
300
300
300
300
300
300
300
300
300.001
300
300
300
300
300
300
300
300
300
300
300
300
300
300
300
300
300
300
300
300
300
300
300
300
300
300
300
300
300
300
300
300
300
300
300
300
300
300
300
300
300
300
300
300
300
300
300
300
300
300
300
300
300
300
300
300
300
300
300
300
300
300
300
300
300
300
300
300
300
300
300
300
300
300
300
300
300
300
300
300
300
300
300
300
300
300
300
300
300
300
300
300
300
300
300
300
300
300
300
300
300
300
300
300
299.996
298.65
273.285
247.05
208.149
229.959
300
237.06
240.788
259.703
319.247
357.693
389.535
430.389
473.107
507.786
573.671
593.958
484.563
496.921
299.958
300.005
300
300
300
300
300
300
300
300
300
300
338.647
300
300
300
300
300
300
300
300
300
300
300
300
300
300
300
300
300
300
300
300
300
300
300
300
300
300
300
300
300
300
300
300
300
300
300
300
300
300
300
300
325.971
300
300
300
300
300
300
300
300
300
300
300
300
300
300
300
300
300
300
300
299.898
287.148
252.96
222.486
209.887
169.635
215.879
306.174
353.458
389.886
412.828
461.841
513.047
539.265
451.984
365.027
299.958
300.001
300
300
300
300
300
300
300
300
300
300
300
300
300
300
300
300
300
300
300
300
300
300
300
300
300
300
300
300
300
300
300
300
300
300
300
300
300
300
300
300
300
300
300
300
300
300
300
300
300
300
300
300
300
300
300
300
299.98
295.741
268.989
300
302.685
300.004
300
300
300
300
300
300
300
300
300
300
300
300
300
300
300
300
300
300
300
300
300
300
300
300
300
300
300
300
300
300
300
300
300
300
300
300
300
300
300
300
300
300
299.999
299.573
272.309
237.226
300
300
300
300
300
300
300
300
300
300
300
300.119
300
300
300
300
300
300
300
300
300
300
300
300
300
300
300
300
300
300
300
300
300
300
300
300
300
300
300
300
300
300
300
300
300
300
300
300
300
300
300
300
300
300
300
300
300
300
302.713
300
300
300
300
300
300
300
300
300
300
300
300
300
300
300
300
300
300
300
300
300
299.693
296.259
265.113
208.904
300
300
266.527
227.565
302.306
237.655
223.394
248.113
300
300.003
300
300
300
300.094
300.004
300
300
300
300
300
300
300
300
300
300
300
300
300
300
300
317.118
358.759
386.035
399.608
400.335
389.795
302.046
307.036
304.661
303.498
300
300
300
300
300
300
300
300
300
300
241.044
245.995
221.436
300
300
300
300
300
300.019
300
300
300
300
300
300
300
300
300
300
300
300
300
300
300
300
300
300
300
300
300
300
300
300
300
300
300
300
263.809
300
300
300
300
300
300
300
300
300
300
300
300
300
300
300
300
300
300
300
300
300
300
300
300
300
300
300
300
300
299.986
299.015
273.536
300
300
308.648
300
300
300
300
300
300
300
300
300
300
300
300
300
300
365.816
340.504
388.393
351.736
332.036
303.249
318.387
300
299.938
300
300
300
302.783
300
300
287.218
299.998
300
300
300
300
300
300
300
300
300
300
300
300
300
300
300
300
300
300
300
300
300
300
300
300
300
300
300
300
300
300
300
300
300
300
300
300
300
300
300
300
300
300
300
300
300
300
300
282.815
300
300
300
300
300
300
300
300
300
300
300
300
300
300
300
300
300
300
300
300
300
300
300
300
300
308.203
300
300
300
300
300
300
300
300
300
300
301.976
300
299.958
300
300
249.369
300
300
300
300
300
300
300
300
300
300
300
300
300
300
300
300
300
300
300
300
300
300
300
300
300
300
300
300
300
300
300
300
300
300
300
300
291.177
300
300
300
300
300
300
300
300
300
300
300
300
300
271.608
300
300
300
300
300
300.009
300
332.143
300
300
300
300
300
300
300
300
300
300
300
300.152
300.37
300.028
300
315.626
323.327
300.944
300
300
300
300
300
300
300
300
300
300
300
302.33
307.239
303.415
301.267
300
300
300
300
300
300
300
299.999
300
299.994
300
300
288.089
285.751
300
301.129
300
300
300
300.618
300
300
300
300
300
300
300
300
300
300
300
300
300
300
300
300
317.453
300
300
300
300
300
300
300
300
300
300
300
300
300
300
300
300
300
300
300
300
300
300
300
300
300
300
300
291.811
300
300
300
300
300
299.185
300
300
296.927
276.089
300.44
300
300
300
259.981
268.919
272.483
314.863
300.001
300.002
311.922
300
300.619
300.363
300.288
300
300
300
300
300
300
300
300
300
300
299.843
300
300
300
300
300
300
300
300
300
300
300.161
300
300
300
300
300
300
300
300
300
300
300
300
300
300
300
300
300
300
300
300
300
300
300
300
300
300
300
300
300
300
300
300
300
299.859
300
300
300
300
300
300
300
300
300
300
300
300
300
300
300
300
300
307.186
300
300
300
300
300
300
300
300
300
300
300
296.997
300
300
300
300
300
300
300
300
300
300
300
300
300
300
300
305.221
300
300
300
300
300
300
300
300
300
300
300
300
300
300
300
300
300
300
302.669
300
300
300
300
300
300
300
300
300
300
292.711
300
300
300
300
300.001
300
300
300
300
300
300
300
293.862
300
300
300
300
299.371
300
300
300
300
300
300
300
300
300
300.074
300
300
300
300
300
300
300
300
300
298.121
300
300
301.265
300
300
300.004
300
300
300
300
300.1
302.549
288.385
300
300
300
300
300
300
300
300.089
300.11
300
302.928
300.441
300
300
300
300
300
300
299.474
300
300
300
300
300
300
300
300
300
300
300
300
300
300
300
300
300
300.617
300
300
300
300
300
300.924
299.996
300
299.981
300
300
300
300
300
300
300
300
300
300.057
300
300
300
300
300
300
300
300
300
300
300
300
300
300
300
300.197
300.011
300.007
300
300
300
300
300
300
300
300
299.258
300
300
300
298.942
300
300
300
300
300
300
300
300.028
300
300
300
300
301.794
300
300
300
300
300
300
300
300
300
300
300
300
300
300
300
291.614
295.809
293.285
300
300
300
300
300
300
300
300
300
300
301.089
300.015
300.007
300
300.027
300
300
300
300
300.547
300
300
300
300
300
300
300
300
300
300
300
300
300
300
300
300
300
300
300
300
300
300
300
300
300
300
300
300
300
300
300
300
300
300
300
300
300
300.103
300
300
300
300
300
300
300
300
300
300
300
300
300
300
300
300
300
300
300
300.047
300
300
300
300
300
300
300
300
300.008
300
300
300
300
300
300
300
300
298.645
300
300
300
300
300
300
300
300
300
300
300
300
300
300
299.928
300
300
300
300.016
300.076
300
300
300
300
300.849
302.314
300.013
300
300
300
300
300
300.172
300
300
300
300
300
300
300
300
300
296.304
300
299.984
300
300
300
300
300
300
300
300
300
300
299.077
300.034
300
300
300
300
300
300
300
300
300
300.004
300
300
300
300
300
300
300
300
300
300
300
300
300.064
300
300
300
300.001
300
300
300
300
300
300
300
300
300
300
300
300
300
300.001
300
300
300
300
300
300
300
300
300
300
300
300
300
300
300.002
300.001
300
300
300
300
300
300
300.071
300
300
300
300
300
300
300
300
300.321
300.037
300
300
300
300
300
300
300
300
300
300
300.015
300.003
300
300
300
300
300
300
300
300
300
300
299.999
299.493
300
300
300
300
300
300
300
300
300.001
300.001
300
300.008
300
300
300
300
300
300
300
300
300
300
300
300
300
300.001
300
300
300
300
300
300
300
300
299.997
300.111
300
300
300
300.001
300
300
300
299.999
299.998
300
300
300
300
300
300
300
300
300
300
300.014
300
300
300
300
300.054
300.002
300
300
300.006
300.001
300.008
300
300
300
300.002
300.001
300
300
300
300
300
300
300
300
300
300
300
300
300
300
300
300
300
300
300
300
300
300
300
300
300
300
300
300
300
300
300
300
300
300
300
300
300
300
300
300
300
300
300
300
300
300
300
300
300
300
300
300
300
300
300
300
300
300
300
300
300
300
300
300
300
300
300
300
300
300
300
300
300
300
300
300
300
300
300
300
300
300
300
300
300
300
300
300
300
300
300
300
300
300
300
300
300
300
300
300
300
300
300
300
300
300
300
300
300
300
300
300
300
300
300
300
300
300
300
300
300.004
297.965
534.323
578.602
478.015
550.966
518.916
469.335
431.301
392.795
357.323
309.396
254.504
225.836
242.437
168.101
256.13
174.451
196.878
247.155
294.996
298.084
300
300
300
300
300
300
300
300
300
300
300
300
300
300
300
300
300
300
300
300
300
300
300
300
300
300
300
300
300
300
300
300
300
300
300
300
300
300
300
300
300
300
300
300
300
300
300
300
300
300
300
353.62
300
300
300
300
300
300
300
300
300
300
300
300
337.054
300
300
300
300
300
300
300.001
299.968
300
397.282
354.686
502.652
510.292
460.602
414.941
391.909
350.644
293.327
220.279
203.704
230.594
229.408
268.844
298.066
299.988
300
300
300
300
300
300
300
300
300
300
300
300
300
300
300
300
300
300
300
300
300
300
300
300
300
300
300
300
300
300
300
300
300
300
300
300
300
300
300
300
300
300
300
300
300
300
300
300
300
300
300
302.491
300
300
300
300
300
300
300
300
300.125
243.615
269.034
299.785
300
300
300
300
300
300
300
300
300
300
300
300
300
300
300
300
300
300
300
300
300
300
300
300
300
300
300
300
300
300
300
300
300
300
300
300
300
300
300
300
300
300
300
300
300
300
300
300
300
300
300
300
300
300
300
300
300
300
300
300
300
300
300
300
300
300
300
300
300
300
300
300
300
300
300
300
300
300.004
300
300
300
300
300
300
300
300
300
300
300
300
299.999
297.906
284.156
236.507
296.121
300
300
300
300
300.007
300
300
300
300.172
300
300
300
300
300
300
300
300
300
300
300
300
303.047
300.154
300
300
300
218.4
300
300
300
300
300
300
300
312.415
300
293.981
299.985
250.257
287.665
292.864
300
299.279
296.521
299.929
300
300
299.999
300
300
300
300
300
300
300
300
300
300
300
300
300
300
300
300
300
300
300
300
300
300
300
300
300
300
300
300
300
300
300
300
300
300
300
300
300
300
300
300
300
300
300
300
300
300
300
300
300
300
300
300
300
300
300
300
300
300
300
300
300
300
300
300
300
300
300
300
300
300
300
300
300
300
300
300
300
300
303.517
300
311.105
377.211
401.279
383.605
361.104
319.275
260.941
231.697
227.595
218.952
215.779
275.626
279.93
300
300
300
300
300
300
300
300
300
301.694
302.341
300
300
300
271.345
300
300
300
300
300
300
299.928
300
300
300
300
300
300
300.003
306.037
300
300
300
242.325
300
300
300
300
300
300
300
300
300
300
300
300
300
300
300
300
300
300
300
300
300
300
300
300
300
300
300
300
300
300
300
300
300
300
300
300
300
300
300
369.321
390.618
330.11
396.03
302.43
300
300
348.628
343.951
300.782
242.866
300
300
300
300
300
300
300
300
300
300
300
300
300
300
300
300
300
300
300
300
300
300
300
300
300
300
300
300
300
300
300
300
300
300
300
300
300
300
300
300
300
300
300
300
300
300
300
300
300
300
300
300
300
300
300
300
300
285.332
300
300
300
300
300
300
294.185
300
300
300
300
300
300
339.367
300
300
300
250.842
249.516
279.256
300
300
300
300
300
300
300
300
300
300
300
300
300
300
300
300
300
300
300
300
300
300
300
300
300
299.997
307.398
300.002
300.007
300.111
300
300
300
300.697
300
300
300
300
300
300
300
300
300
300
300
300
300
300
300
300
300
300
300
300
300
300
300
300
300
300
300
300
300
300
300
300
300
300
300
300
300
300
300
300
300
300
300
300
300
302.007
303.353
301.939
316.815
300
300
300
300
300
300
291.157
289.803
300
300
272.401
304.605
300
300
300
300
300
300
300
300.292
300.246
300.162
300
300
300
300
300
263.327
300.639
300
300
300
300
300
300
300
300
300
300
300
300
300
300
298.853
299.618
300
300
300
300
300
300
300
300
319.866
328.942
300
300
299.999
300
300
300
300
300
300
311.517
300
293.811
300
300
300
300
300
300
300
300
300
300
300
300
300
300
303.507
300
300
300
300
300
300
300
300
300
300
300
300
300
300
300
300
300
300
300
300
300
300
300
301.038
300
300
300
300
300
300
301.326
320.959
300
300
300
300
300
300
300
300
300
300
300
300
300
300
300
300
300
300
300
300
300
300
300
300
300
300
300
300
300
300
300
300
300
300
299.98
300
300
300
300
300
300
300
300
300
299.998
300
300
300
300
300
296.442
300
300
304.7
300
300
300
300
300
300
300
300
300
300
300.202
300
300
300
300
300
300
300
300
292.188
291.287
300
300
300
300
300
300
300
300
300.999
300
300
300
300
300
300
300
300
300.382
300
300
300
300
300
300
300
300
300
300
300
300
300
300
309.558
300
300
300
300
302.905
300
300
300
296.747
300
300
300.097
300
300
300
300
300
300
300
300
300
300
300.533
300.141
300.28
300
300
300
300
299.933
299.998
300.059
300.051
300
300
300
300
297.397
300
300
300.664
300
300
300
300
296.593
300
304.894
300
300
300
300
300
300
300
300
300
300
300
300
300
300
300
300
300
300
300
300
300
300
300
300
300
300
300
294.491
300
300
303.684
300
300
300
300
300
300
300
300
300.011
300
300.003
300
300
300
300
300.093
300
300
300
300
300
300
300
300
300
300
300
300
300
300
300
300
300
300
300
300
300
300
300
300
301.948
300
300
300
300
300
300
300
300
300
300
300
300
300
300
300
300
300
300
300
300
300
300
300.145
300
300
300
299.942
299.768
299.991
300
300
300
300.015
300
300
300
300
300
300
300
300
300
300
300
300
300
300
296.865
300
300
299.232
299.986
299.243
299.969
300
300
300
300
300
300
300
300
300
300
300
300
300
300
300
300
301.478
299.47
299.544
299.989
300
300
300
300
300
300
300
300
300
300
300
300
300
300
300
300
300
300
300
300
300
302.792
302.486
301.611
300
300
300
300
300
300
300
300
300.953
301.355
300
300
300
300
300
300
300
300
300
300
300
300
300
300
300
300
300
300
300
300
300
300
300
300
300
300
300
300
300
300
300
300
300
300
300
300
300
300
300.032
300
300.047
300.101
300
300
300
300
300
300
300
300
300
300
300
299.999
300
300
300
300
300
300
300
300
300
300
300
300
300
300
300
300
300.003
300
300
300
300
300
300
300
300
300
300
300
300
300
300
300.011
300
300
300
300
300
300
300
300
300
300
300
300
300
300
300
300
300
300
300
300
300.032
300
300
300
300
300
300.062
300
300.005
300.006
300
300
300
300
300
300
300
300
300
300
300.007
300
300
300
300
300
300
300
300
300
300
300.004
300
300.018
300
300
300
300
300
300
300
300
300
300
300
300
300
300
300
300
300
300
300
300
300.003
300
300
300
300
300
300
300
300
300
300
300
300
300
300
300
300
300
300
300
300.002
300
300
300
300
300
300
300
300
300
300
300
300
300
300
300
300
300
300
300
300
300
300
300
300.128
300
300
300
300
300
300
300
300
300
300
300
300.003
300
300.003
300
300
300
300
300
300
300.021
300.016
300
300
300
300
300
300
300
300
300
300.001
300
300.001
300.001
300
300
300
299.808
300
300.008
299.975
300.021
300.007
300
300.068
300
300.001
300
300.001
300
300
300
300
300
300
302.49
300.553
300
300
300
300
300
300
300
300
300
300
300
300
300
300
300
300.178
300
300.001
300.052
300
300.02
300
300.003
300.003
300
300
300
300
300
300.034
300.001
300
300
300
300
300
300
300
300
300
300
300
300
300
300
300
300
300
300
300
300
300
300
300
300
300
300
300
300
300.002
300.005
300
300
300
300.001
300
300
300
300
300
300
300
300
300
300
300
300
300
300
300
300
300
300
300
300
300
300
300
300
300
300
300
300
300
300
300
300
300
300
300
300
300
300
300
300
300
300
300
300
300
300
300
300
300
300
300
300
300
300
300
300
300
300
300
300
300
300
300
300
300
300
300
300
300
300
300
300
300
300
300
300
300
300
300
300
300
300
300
300
300
300
300
300
300
300
300
)
;

boundaryField
{
    bullet
    {
        type            zeroGradient;
    }
    topWall
    {
        type            inletOutlet;
        inletValue      uniform 300;
        value           nonuniform List<scalar> 
50
(
300
300
300
300
300
300
300
300
300
300
300
300
300
300
300
300
300
300
300
300
300
300
300
300
300
300
300
300
300
300
300
300
300
300
300
300
300
300
300
300
300
300
300
300
300
300
300
300
300
300
)
;
    }
    bottomWall
    {
        type            inletOutlet;
        inletValue      uniform 300;
        value           nonuniform List<scalar> 
50
(
300
300
300
300
300
300
300
300
300
300
300
300
300
300
300
300
300
300
300
300
300
300
300
300
300
300
300
300
300
300
300
300
300
300
300
300
300
300
300
300
300
300
300
300
300
300
300
300
300
300
)
;
    }
    inlet
    {
        type            fixedValue;
        value           uniform 300;
    }
    outlet
    {
        type            inletOutlet;
        inletValue      uniform 300;
        value           nonuniform List<scalar> 
30
(
300
300
300
300
300
300
300
300
300
300
300
300.001
300.001
300.001
300.001
300
300.001
300.001
300.001
300.001
300
300
300
300
300
300
300
300
300
300
)
;
    }
    defaultFaces
    {
        type            empty;
    }
}


// ************************************************************************* //
