/*--------------------------------*- C++ -*----------------------------------*\
  =========                 |
  \\      /  F ield         | OpenFOAM: The Open Source CFD Toolbox
   \\    /   O peration     | Website:  https://openfoam.org
    \\  /    A nd           | Version:  6
     \\/     M anipulation  |
\*---------------------------------------------------------------------------*/
FoamFile
{
    version     2.0;
    format      ascii;
    class       volScalarField;
    location    "0.0005";
    object      alphat;
}
// * * * * * * * * * * * * * * * * * * * * * * * * * * * * * * * * * * * * * //

dimensions      [1 -1 -1 0 0 0 0];

internalField   nonuniform List<scalar> 
3704
(
0.390671
0.389881
0.390081
0.390898
0.39154
0.391952
0.391046
0.391545
0.392639
0.392925
0.392927
0.391973
0.391435
0.391329
0.391297
0.390982
0.391153
0.391444
0.391664
0.391813
0.391911
0.391914
0.39192
0.392291
0.392955
0.392953
0.393012
0.393398
0.392684
0.391784
0.393034
0.392932
0.392956
0.392985
0.392997
0.392998
0.392992
0.392985
0.392976
0.392966
0.392954
0.392939
0.392923
0.392904
0.392884
0.392864
0.392847
0.392836
0.392812
0.392828
0.390678
0.389884
0.390088
0.391003
0.392437
0.392406
0.391782
0.392915
0.39429
0.394349
0.394297
0.393416
0.391798
0.391509
0.391483
0.391083
0.391284
0.391638
0.391913
0.392143
0.392338
0.392447
0.392654
0.394014
0.394461
0.394439
0.394518
0.394804
0.392784
0.392599
0.39443
0.394444
0.394542
0.394621
0.394646
0.394634
0.394606
0.394576
0.394543
0.394505
0.394464
0.394416
0.394363
0.394305
0.394242
0.394178
0.394127
0.394092
0.39402
0.394066
0.39069
0.38989
0.390093
0.391124
0.392966
0.392542
0.392822
0.394194
0.3953
0.395264
0.395094
0.394454
0.392169
0.391762
0.39176
0.391229
0.391477
0.39193
0.39229
0.392646
0.392993
0.393265
0.393754
0.395383
0.395562
0.395421
0.395314
0.394915
0.39347
0.39368
0.39529
0.395403
0.39571
0.395891
0.395932
0.3959
0.395843
0.395784
0.395723
0.395657
0.395585
0.395505
0.395416
0.39532
0.395217
0.395114
0.39503
0.394975
0.394857
0.394938
0.390706
0.389893
0.390081
0.391177
0.392782
0.392632
0.393678
0.394725
0.395624
0.39561
0.395339
0.394637
0.392346
0.391947
0.39198
0.39133
0.391619
0.392163
0.3926
0.393072
0.39356
0.393981
0.394697
0.396095
0.396138
0.395828
0.395445
0.394647
0.394037
0.394452
0.395571
0.395693
0.396302
0.396627
0.396693
0.396644
0.396561
0.396478
0.396394
0.396304
0.39621
0.396104
0.395988
0.395863
0.39573
0.395597
0.395491
0.395424
0.395266
0.39539
0.390722
0.389891
0.390041
0.391118
0.392354
0.392589
0.393988
0.394637
0.395462
0.395482
0.395169
0.394348
0.392286
0.39194
0.391996
0.391298
0.391603
0.392183
0.392653
0.393181
0.393738
0.394233
0.395044
0.396181
0.396153
0.395729
0.395173
0.394332
0.394194
0.394641
0.395398
0.395493
0.396307
0.396728
0.396811
0.396753
0.396657
0.396561
0.396466
0.396365
0.39626
0.396142
0.396015
0.395877
0.395729
0.39558
0.395466
0.3954
0.395213
0.395389
0.00332264
0.00332857
0.00159614
0.0033374
0.00413741
0.010951
0.0245345
0.0128141
0.023271
0.0396979
0.0449568
0.0531266
0.0604149
0.0910516
0.11244
0.0111059
0.00513808
0.00600402
0.00639912
0.0103828
0.0162883
0.0431986
0.0414792
0.112053
0.168655
0.244457
0.353492
0.42774
0.62216
1.04294
0.0197987
0.00647816
0.00871363
0.0121975
0.0195721
0.0236509
0.0602977
0.076197
0.181704
0.258523
0.365421
0.473049
0.563578
0.950808
1.95247
0.0227523
0.0110311
0.0132786
0.0189069
0.0313073
0.0362561
0.0714882
0.103752
0.20879
0.309734
0.394261
0.48743
0.582504
1.21178
2.69994
0.0330865
0.0199562
0.0225709
0.024363
0.0399089
0.0525587
0.084914
0.132163
0.237772
0.333319
0.386393
0.46961
0.570643
1.4768
3.43713
0.102336
0.0731095
0.0740222
0.0635143
0.0519044
0.0408941
0.0257391
0.00697338
0.00500171
0.0163355
0.00591112
0.00163512
0.0018553
0.00217952
0.00217567
0.904958
0.591747
0.541321
0.437931
0.264824
0.156974
0.0819922
0.0337791
0.0155447
0.028237
0.00725691
0.00390062
0.00234402
0.00348933
0.00820834
1.76772
0.998922
0.759876
0.634033
0.443688
0.241738
0.125352
0.0664604
0.034467
0.0414435
0.00989287
0.0109459
0.00322566
0.00943531
0.010582
2.52952
1.28638
0.810665
0.686832
0.517638
0.302536
0.159572
0.089079
0.0578634
0.0575963
0.0181207
0.0184151
0.00638384
0.0131142
0.0102445
3.33261
1.41736
0.820136
0.684643
0.51849
0.347009
0.194891
0.10994
0.0802802
0.0461914
0.0262673
0.0237648
0.00905986
0.0144606
0.00938017
0.392824
0.392809
0.392826
0.392833
0.392849
0.392869
0.39289
0.392908
0.392926
0.392943
0.392959
0.392975
0.392989
0.393001
0.393009
0.393012
0.39301
0.393015
0.393153
0.391096
0.391269
0.3946
0.393179
0.392943
0.392855
0.391991
0.391444
0.391225
0.390646
0.390103
0.39039
0.390798
0.391057
0.391045
0.390947
0.39087
0.390958
0.391459
0.391661
0.391856
0.392478
0.390056
0.389394
0.38953
0.389852
0.389866
0.389588
0.389488
0.389732
0.390664
0.394055
0.394011
0.394064
0.394084
0.394133
0.394196
0.394259
0.394317
0.394374
0.394428
0.394481
0.394533
0.394583
0.394627
0.394663
0.394684
0.394686
0.394665
0.394541
0.391249
0.391384
0.394261
0.394639
0.394308
0.394152
0.393621
0.392353
0.391764
0.390886
0.3901
0.390405
0.390844
0.391129
0.391113
0.391004
0.390949
0.391181
0.392008
0.392484
0.393118
0.394103
0.390127
0.389387
0.389521
0.389841
0.389854
0.389577
0.389482
0.389732
0.39067
0.394919
0.394842
0.39493
0.394961
0.395039
0.395142
0.395244
0.395341
0.395434
0.395524
0.395614
0.395703
0.39579
0.39587
0.395938
0.395987
0.395996
0.395907
0.395353
0.391474
0.391445
0.392761
0.394652
0.394868
0.394984
0.394835
0.393597
0.392579
0.391251
0.390086
0.390419
0.390903
0.39123
0.391206
0.391082
0.391059
0.391511
0.392825
0.393623
0.394506
0.394804
0.390229
0.38937
0.389501
0.389817
0.389827
0.389554
0.389469
0.38973
0.390682
0.395366
0.39525
0.395367
0.395402
0.395501
0.395634
0.395767
0.395892
0.396012
0.396129
0.396247
0.396364
0.39648
0.39659
0.396686
0.396759
0.396774
0.396605
0.395673
0.391648
0.391473
0.391966
0.393828
0.394705
0.395279
0.395371
0.394544
0.393286
0.391563
0.390049
0.390404
0.390927
0.391289
0.391257
0.391118
0.391125
0.391775
0.393514
0.394515
0.395347
0.394954
0.390301
0.389338
0.389465
0.389773
0.38978
0.389517
0.389447
0.389726
0.390698
0.395366
0.395201
0.39534
0.395368
0.395475
0.395624
0.395772
0.39591
0.396043
0.396172
0.396301
0.396431
0.396561
0.396684
0.396794
0.39688
0.396897
0.396682
0.395567
0.391653
0.391403
0.391605
0.393045
0.394251
0.395134
0.395356
0.394843
0.393547
0.391652
0.389978
0.390335
0.390865
0.391237
0.391201
0.391056
0.391079
0.391821
0.393746
0.394797
0.395492
0.394768
0.390284
0.389288
0.389409
0.389703
0.38971
0.389464
0.389417
0.38972
0.390714
0.391276
0.391394
0.391373
0.3914
0.391367
0.391246
0.389738
0.388674
0.388562
0.388491
0.388602
0.388649
0.388607
0.388557
0.388604
0.388598
0.388538
0.388497
0.38852
0.388544
0.388506
0.388413
0.388471
0.388492
0.38851
0.388522
0.388538
0.388567
0.388616
0.388637
0.388485
0.388162
0.388118
0.388118
0.388118
0.388118
0.388118
0.388118
0.388118
0.388118
0.388118
0.388118
0.388118
0.388118
0.388118
0.389275
0.784186
0.300297
0.308259
0.548927
0.23749
0.402188
0.295242
0.186577
0.10159
0.0897263
0.0488146
0.0289704
0.0823314
0.0773074
0.0651577
0.388679
0.036649
0.0402586
0.0688374
0.0899076
0.133308
0.192094
0.285136
0.320308
0.339859
0.412951
0.552021
1.58826
5.49153
1.90042
0.379812
0.388126
0.388118
0.388119
0.388127
0.388178
0.388455
0.389778
0.390367
0.388307
0.388118
0.195273
0.390785
0.391353
0.390763
0.39139
0.390797
0.390822
0.391393
0.391392
0.388928
0.388599
0.388535
0.388534
0.38865
0.388625
0.388594
0.388575
0.388612
0.388571
0.388512
0.388501
0.388537
0.388541
0.388469
0.388445
0.388481
0.388503
0.388516
0.388529
0.38855
0.38859
0.388635
0.388414
0.388715
0.388119
0.388118
0.388118
0.38848
0.388118
0.388118
0.388118
0.0471313
0.388118
0.388118
0.388118
0.388118
0.388118
0.388118
0.388118
0.388118
0.388115
0.394525
0.546202
0.30675
0.346885
0.259299
0.359841
0.403495
0.242147
0.141413
0.0523163
0.10325
0.0364268
0.0504691
0.062558
0.0533045
0.0317512
0.043613
0.08422
0.128094
0.189727
0.278178
0.311497
0.311506
0.311092
0.39046
0.559062
0.089294
0.388255
0.388119
0.388119
0.388119
0.388119
0.388122
0.388142
0.388263
0.388874
0.390396
0.390794
0.390825
0.390797
0.388533
0.388444
0.388388
0.388479
0.388512
0.388483
0.388453
0.388481
0.388449
0.388385
0.388351
0.388386
0.388399
0.388371
0.38831
0.388334
0.388346
0.388357
0.388366
0.388383
0.388416
0.388462
0.388494
0.388118
0.388118
0.388118
0.388118
0.388118
0.388118
0.388118
0.388118
0.388118
0.388118
0.388118
0.388564
0.720338
0.300428
0.313378
0.393718
0.3274
0.391992
0.275283
0.166442
0.0821003
0.0898815
0.0606308
0.0275202
0.390132
0.380128
0.389228
0.388124
0.388118
0.38812
0.388133
0.388213
0.388623
0.388512
0.388499
0.388473
0.388469
0.388474
0.388418
0.388359
0.388365
0.388396
0.388395
0.388349
0.388327
0.388338
0.388353
0.388361
0.388373
0.388397
0.38844
0.388473
0.388118
0.388118
0.388118
0.388118
0.388118
0.388118
0.388118
0.388144
0.424211
0.413791
0.302099
0.710386
0.257019
0.377921
0.337219
0.234765
0.137819
0.035426
0.0256123
0.0350494
0.0680527
0.388679
0.388431
0.389204
0.38812
0.388118
0.388118
0.388118
0.389253
0.388341
0.388157
0.388203
0.332103
0.388124
0.390145
0.390096
0.390301
0.390239
0.388276
0.388122
0.388401
0.388124
0.388135
0.388118
0.388124
0.388122
0.388118
0.388125
0.388124
0.388124
0.388124
0.388123
0.388121
0.38812
0.388121
0.388121
0.388121
0.388121
0.388121
0.388121
0.388121
0.388121
0.388121
0.388123
0.388123
0.388118
0.388118
0.388118
0.388125
0.388126
0.388122
0.388118
0.388118
0.388118
0.388118
0.388118
0.38817
0.388207
0.388145
0.3649
0.389222
0.388118
0.388118
0.388118
0.388118
0.388118
0.388118
0.388118
0.388118
0.388118
0.388122
0.388257
0.41057
0.451507
0.419716
0.369999
0.362396
0.367503
0.292133
0.11436
0.149553
0.0985705
0.0646187
0.0234507
0.029333
0.388551
0.38838
0.0801467
0.0549535
0.299983
0.0586059
0.0579607
0.0843068
0.388119
0.389294
0.388124
0.388124
0.388119
0.389161
0.388123
0.38812
0.388121
0.388119
0.388119
0.388204
0.388208
0.388132
0.388596
0.388154
0.388174
0.388125
0.388122
0.388323
0.388435
0.390338
0.102756
0.183954
0.271984
0.352947
0.336171
0.161221
0.0983602
0.259888
0.11187
0.259754
0.388118
0.388118
0.390194
0.389728
0.389631
0.388118
0.388118
0.389719
0.388131
0.388118
0.0337051
0.0270103
0.0574221
0.389739
0.38812
0.388121
0.390224
0.389743
0.151407
0.388118
0.388121
0.388122
0.388122
0.388125
0.388118
0.388118
0.388253
0.389203
0.388125
0.388124
0.388125
0.388123
0.38812
0.388119
0.388121
0.388121
0.388121
0.388121
0.388121
0.388121
0.388121
0.388121
0.388121
0.388122
0.388125
0.388123
0.388136
0.0275462
0.388123
0.388118
0.388118
0.388118
0.388118
0.388118
0.388122
0.388118
0.388122
0.388856
0.388118
0.388118
0.388118
0.388118
0.388118
0.388118
0.388118
0.388118
0.38816
0.390336
0.428513
0.453776
0.34468
0.359152
0.373403
0.362953
0.345136
0.196619
0.11976
0.145763
0.0666753
0.0357767
0.38812
0.38812
0.102656
0.390089
0.388812
0.388338
0.388118
0.388122
0.390192
0.389671
0.389715
0.388119
0.388119
0.388118
0.388132
0.389602
0.388141
0.241595
0.160184
0.299177
0.397234
0.345306
0.107533
0.0978882
0.38812
0.144937
0.125519
0.162439
0.388122
0.110625
0.388127
0.388118
0.0436075
0.120219
0.120979
0.253324
0.354419
0.349773
0.401729
0.347541
0.439464
0.415554
0.388288
0.38812
0.388121
0.388118
0.388118
0.388121
0.388121
0.38812
0.388119
0.38812
0.38812
0.38812
0.38812
0.38812
0.38812
0.38812
0.38812
0.388119
0.38812
0.388119
0.38812
0.388121
0.388129
0.388122
0.388122
0.388122
0.38812
0.388119
0.373457
0.346735
0.462436
0.448216
0.388937
0.388143
0.388118
0.388118
0.388118
0.388118
0.322686
0.0320271
0.388118
0.388118
0.388118
0.388118
0.388118
0.388191
0.388746
0.389152
0.388118
0.388121
0.388167
0.388188
0.388118
0.388118
0.388118
0.403166
0.388118
0.388118
0.388118
0.388118
0.388118
0.388118
0.388118
0.388118
0.388118
0.110965
0.388118
0.388118
0.388118
0.388118
0.388118
0.388118
0.388118
0.388118
0.388118
0.388118
0.340232
0.388118
0.0909305
0.388118
0.388118
0.0622654
0.388118
0.38812
0.388118
0.388118
0.388118
0.388118
0.388118
0.388119
0.388119
0.388118
0.388118
0.388118
0.388118
0.388118
0.388118
0.388118
0.388118
0.388118
0.388118
0.388118
0.388118
0.377261
0.388118
0.388118
0.388118
0.388118
0.388118
0.388118
0.388118
0.387956
0.393103
0.402098
0.398476
0.363875
0.36613
0.375306
0.0517244
0.32882
0.323938
0.388118
0.388118
0.295087
0.215963
0.109349
0.388118
0.388118
0.388358
0.388118
0.388118
0.388226
0.0571906
0.388118
0.388118
0.388753
0.389189
0.388521
0.389168
0.388121
0.190976
0.388119
0.38812
0.388118
0.388119
0.388118
0.388118
0.388118
0.388118
0.388381
0.388289
0.388535
0.268645
0.176619
0.391976
0.388136
0.25414
0.138406
0.315097
0.388125
0.388122
0.38813
0.388973
0.383283
0.388118
0.388118
0.388118
0.388118
0.388118
0.388118
0.289962
0.313905
0.285523
0.349564
0.388163
0.388147
0.388188
0.388126
0.388119
0.388116
0.388098
0.0913635
0.101405
0.0819313
0.388118
0.388118
0.0380055
0.0453879
0.389283
0.343554
0.388118
0.388118
0.389217
0.356891
0.388118
0.388118
0.389292
0.388959
0.388925
0.388118
0.388118
0.388118
0.388118
0.388124
0.388118
0.388121
0.388118
0.392611
0.388165
0.388139
0.139949
0.388118
0.388118
0.388118
0.347162
0.376477
0.388122
0.388118
0.388118
0.388118
0.388118
0.388118
0.388118
0.388118
0.388118
0.388118
0.388118
0.388118
0.388118
0.385219
0.384437
0.388118
0.390172
0.388118
0.383282
0.368594
0.397797
0.392426
0.0523289
0.388118
0.27959
0.131244
0.157603
0.388118
0.0431325
0.388257
0.388197
0.0355569
0.0952408
0.106623
0.388119
0.38812
0.388118
0.056529
0.0595073
0.0745569
0.192949
0.388237
0.388685
0.252909
0.388118
0.222832
0.334565
0.239576
0.388122
0.388139
0.388128
0.388118
0.388118
0.388118
0.182476
0.398292
0.375633
0.384197
0.0709857
0.388118
0.388121
0.388118
0.388118
0.388118
0.388118
0.388118
0.388111
0.385667
0.386616
0.392464
0.388118
0.388118
0.388118
0.388118
0.388118
0.387197
0.388411
0.388118
0.388867
0.388122
0.38812
0.388118
0.388118
0.388118
0.388118
0.388118
0.388121
0.388121
0.38782
0.388118
0.388118
0.3687
0.388156
0.388125
0.388334
0.388285
0.388118
0.388118
0.388118
0.388118
0.388118
0.388118
0.388118
0.0622037
0.388118
0.350693
0.352317
0.388118
0.247086
0.388118
0.388118
0.387965
0.388223
0.388118
0.388118
0.388134
0.388125
0.388118
0.388118
0.371462
0.388118
0.170542
0.388118
0.388118
0.325654
0.343522
0.297482
0.388118
0.388118
0.388118
0.388118
0.388118
0.388118
0.0557059
0.388116
0.388029
0.388118
0.388118
0.388118
0.388118
0.388118
0.385863
0.404209
0.45156
0.428054
0.396211
0.388118
0.333489
0.380466
0.230997
0.386902
0.386831
0.388118
0.388118
0.389253
0.388909
0.388936
0.388118
0.388118
0.388118
0.388118
0.388118
0.388118
0.388118
0.388118
0.388118
0.388118
0.388118
0.273082
0.387404
0.387596
0.388118
0.388118
0.388118
0.388118
0.388118
0.388118
0.388118
0.388118
0.0505478
0.360496
0.399222
0.404224
0.371914
0.388577
0.388216
0.388118
0.388118
0.38807
0.387846
0.388118
0.388118
0.0401876
0.388118
0.388244
0.388119
0.388368
0.047357
0.388118
0.369186
0.388118
0.388118
0.388118
0.388118
0.103155
0.388118
0.369064
0.399496
0.38812
0.387678
0.388118
0.388118
0.3714
0.404928
0.388118
0.386828
0.388678
0.0540336
0.388118
0.388118
0.216528
0.388118
0.388137
0.389505
0.388118
0.388119
0.388118
0.388118
0.398503
0.124626
0.0606298
0.388111
0.388118
0.388118
0.38565
0.386166
0.388118
0.387943
0.394437
0.39199
0.459703
0.26401
0.356924
0.388118
0.17683
0.328439
0.388159
0.388253
0.388118
0.112216
0.388118
0.388118
0.388654
0.388488
0.388119
0.388119
0.388118
0.388118
0.388118
0.388114
0.388433
0.38832
0.388614
0.388167
0.388148
0.388196
0.388118
0.309443
0.388118
0.388118
0.388118
0.388127
0.388122
0.259586
0.0788153
0.0882257
0.0800228
0.388125
0.38813
0.398267
0.388118
0.388118
0.388118
0.388119
0.235594
0.388118
0.394709
0.38807
0.146587
0.38812
0.388121
0.38864
0.388462
0.388474
0.38812
0.389136
0.388118
0.377464
0.388118
0.388119
0.388261
0.388121
0.362037
0.390393
0.389102
0.389117
0.388963
0.388055
0.387689
0.38448
0.388118
0.388102
0.388105
0.0569127
0.388114
0.388116
0.388118
0.0532612
0.388118
0.388119
0.388118
0.388118
0.388118
0.388118
0.387799
0.39311
0.376074
0.388119
0.309431
0.388118
0.120603
0.377378
0.3881
0.385612
0.386279
0.386681
0.388118
0.388118
0.389674
0.388234
0.388118
0.388118
0.388118
0.388118
0.388118
0.192323
0.0640467
0.058853
0.0686515
0.388118
0.388118
0.388118
0.388119
0.388118
0.388118
0.38801
0.388118
0.388118
0.388118
0.212507
0.390345
0.389474
0.388118
0.392889
0.386915
0.386855
0.388055
0.387835
0.261069
0.388118
0.388118
0.388118
0.388118
0.38812
0.38812
0.390749
0.388524
0.388118
0.388091
0.388108
0.388118
0.388118
0.388118
0.388118
0.388118
0.388118
0.388118
0.388118
0.388472
0.386096
0.386295
0.38824
0.380645
0.388158
0.388192
0.388137
0.388107
0.388061
0.388118
0.388118
0.388118
0.388118
0.388118
0.388118
0.388118
0.388118
0.313229
0.388343
0.388118
0.388118
0.388123
0.388118
0.388118
0.388118
0.388118
0.388118
0.388118
0.388118
0.388118
0.388118
0.388118
0.388262
0.387875
0.388192
0.388118
0.388118
0.4074
0.390988
0.388123
0.388168
0.388118
0.388692
0.403797
0.388135
0.388146
0.389589
0.388119
0.387505
0.388332
0.3882
0.387671
0.388118
0.377134
0.412142
0.0717174
0.388121
0.388514
0.388118
0.388118
0.388118
0.388118
0.388118
0.371421
0.377265
0.388118
0.284308
0.388118
0.371949
0.388118
0.0778559
0.388118
0.346417
0.32748
0.413208
0.341871
0.388118
0.388119
0.388116
0.388116
0.258724
0.16731
0.394756
0.382438
0.388118
0.164964
0.126132
0.388118
0.0885777
0.388118
0.388118
0.388118
0.388109
0.388118
0.388118
0.388102
0.370545
0.350886
0.0580564
0.388373
0.0888196
0.388118
0.388118
0.388122
0.38812
0.388256
0.3882
0.388336
0.388274
0.388343
0.388207
0.0779679
0.093521
0.388118
0.388118
0.388118
0.388118
0.388118
0.388119
0.38812
0.388118
0.388118
0.394093
0.388118
0.388133
0.388121
0.397149
0.388128
0.388137
0.388118
0.390013
0.388118
0.388124
0.392169
0.388118
0.398473
0.388118
0.378931
0.388451
0.388414
0.388251
0.388123
0.388126
0.403102
0.388058
0.388117
0.388113
0.388118
0.388059
0.388118
0.388118
0.388118
0.391324
0.0836701
0.388118
0.39246
0.388118
0.388118
0.388118
0.388118
0.388118
0.388118
0.388118
0.388121
0.388118
0.386544
0.388114
0.388118
0.388549
0.388314
0.388118
0.388111
0.391151
0.388118
0.387496
0.387189
0.26538
0.387998
0.387536
0.388118
0.388118
0.388118
0.388117
0.388118
0.38325
0.170005
0.247159
0.388141
0.388128
0.388118
0.388118
0.392549
0.388118
0.388118
0.388118
0.388118
0.388118
0.364276
0.389437
0.388118
0.362506
0.388118
0.388118
0.388118
0.388118
0.370564
0.388118
0.388118
0.390471
0.138621
0.0758506
0.380411
0.385808
0.381359
0.39811
0.388164
0.384155
0.388133
0.388118
0.40904
0.394901
0.388118
0.376514
0.307375
0.241817
0.367289
0.356241
0.389489
0.380766
0.364613
0.38812
0.388119
0.38812
0.388144
0.388169
0.386354
0.388455
0.388118
0.388096
0.3881
0.388035
0.388117
0.388118
0.388113
0.388118
0.119519
0.166966
0.388339
0.388259
0.388259
0.389769
0.388118
0.38812
0.388119
0.157866
0.154654
0.388125
0.388161
0.388192
0.388126
0.388121
0.38812
0.387272
0.378759
0.369513
0.388208
0.0906209
0.386978
0.388173
0.388151
0.388155
0.106038
0.377867
0.388118
0.387407
0.266578
0.370508
0.249599
0.38836
0.380498
0.386847
0.216145
0.265331
0.388628
0.388122
0.388121
0.24411
0.388205
0.388119
0.388119
0.388118
0.388164
0.388119
0.388108
0.388118
0.40948
0.402972
0.388505
0.389399
0.388432
0.387787
0.387136
0.388133
0.388118
0.388118
0.388006
0.388117
0.388128
0.377832
0.356764
0.388119
0.388204
0.388176
0.20132
0.388118
0.39171
0.390786
0.388141
0.298854
0.300619
0.388078
0.387912
0.374608
0.38807
0.387829
0.388135
0.388131
0.388135
0.388124
0.388118
0.386675
0.379729
0.388118
0.388118
0.388117
0.388114
0.388173
0.389669
0.392023
0.389429
0.387229
0.38823
0.352607
0.388118
0.388299
0.388119
0.405818
0.386292
0.388114
0.350899
0.388105
0.388125
0.388134
0.373442
0.39226
0.394098
0.39175
0.388129
0.387522
0.387967
0.386944
0.388056
0.388116
0.387216
0.388235
0.387933
0.38851
0.387569
0.387938
0.388017
0.388291
0.388121
0.388156
0.388129
0.386637
0.388124
0.386528
0.385219
0.388123
0.367277
0.383999
0.382921
0.388121
0.388092
0.388481
0.388696
0.388106
0.388123
0.388194
0.38816
0.391241
0.391355
0.391371
0.391444
0.39136
0.391276
0.389778
0.388458
0.388179
0.388127
0.388119
0.388118
0.388127
0.368038
1.85145
5.49404
1.38308
0.828575
0.592633
0.448584
0.36794
0.22781
0.146324
0.109799
0.0668776
0.044276
0.0286472
0.0197099
0.017119
0.0142993
0.0220699
0.016158
0.210098
0.206627
0.177104
0.12779
0.0997108
0.119297
0.334812
0.308614
0.302886
0.296336
0.424465
0.33024
0.453586
0.395721
0.388118
0.388118
0.388118
0.388118
0.388118
0.388118
0.388118
0.388118
0.388118
0.388118
0.388118
0.388118
0.388118
0.388553
0.388666
0.38865
0.388602
0.38856
0.388534
0.38851
0.388485
0.388464
0.388463
0.388435
0.388501
0.388566
0.388587
0.388555
0.388407
0.388471
0.388525
0.388534
0.38863
0.388609
0.388363
0.388328
0.388442
0.38884
0.39065
0.390396
0.25275
0.388118
0.388447
0.390716
0.391322
0.390731
0.391436
0.391392
0.390865
0.390787
0.391397
0.389259
0.388878
0.0439956
0.388628
0.388265
0.388142
0.388122
0.388119
0.388119
0.388221
0.0754264
0.388123
0.880671
0.54488
0.424689
0.391886
0.310766
0.205182
0.145664
0.0967018
0.0606167
0.0453352
0.0310765
0.0227837
0.022282
0.206807
0.206744
0.157696
0.104076
0.101942
0.278753
0.354738
0.381277
0.274428
0.638976
0.435304
0.348309
0.624771
0.388094
0.388118
0.388118
0.388118
0.388118
0.388118
0.388118
0.388118
0.388118
0.388118
0.388118
0.388118
0.388118
0.390838
0.388122
0.388487
0.388637
0.38848
0.388631
0.388578
0.388546
0.388522
0.388497
0.388474
0.38846
0.388458
0.388463
0.388538
0.388589
0.388582
0.388483
0.388429
0.388507
0.388533
0.388564
0.38864
0.388523
0.388292
0.388392
0.388532
0.389577
0.740709
0.388119
0.390795
0.388344
0.388157
0.388124
0.388119
0.388119
0.388195
0.343889
0.010082
0.236021
0.152894
0.113399
0.0928614
0.196929
0.325983
0.392032
0.283362
0.496669
0.648033
0.330122
0.515706
0.388086
0.388118
0.388118
0.388118
0.388118
0.388118
0.388118
0.388118
0.388118
0.388118
0.388118
0.388477
0.388428
0.388393
0.388369
0.388346
0.388326
0.388314
0.38833
0.388355
0.388421
0.38846
0.388457
0.388406
0.388357
0.388408
0.388434
0.388448
0.3885
0.388427
0.388258
0.388322
0.388422
0.389137
0.577444
0.388117
0.388118
0.388118
0.388118
0.388118
0.388118
0.388118
0.388118
0.388118
0.388118
0.388118
0.38838
0.388357
0.388335
0.388318
0.388321
0.388334
0.388388
0.388443
0.38846
0.388443
0.388352
0.388383
0.388423
0.388438
0.388489
0.38848
0.388328
0.388272
0.38837
0.388608
0.390909
0.388532
0.38812
0.388133
0.388214
0.388201
0.334175
0.496828
0.276956
0.321306
0.345986
0.334542
0.104015
0.10071
0.141703
0.193361
0.212834
0.0356062
0.202353
0.388118
0.388408
0.388453
0.390105
0.389136
0.388329
0.388154
0.389233
0.529024
0.394769
0.388123
0.388208
0.38826
0.388176
0.388119
0.388132
0.388127
0.388119
0.388118
0.388194
0.388332
0.353922
0.356589
0.38812
0.388121
0.388119
0.0414054
0.38812
0.388123
0.388119
0.388131
0.388606
0.388878
0.388444
0.0636372
0.388118
0.205345
0.146767
0.0720801
0.162746
0.164653
0.135251
0.194976
0.195917
0.160895
0.243441
0.124811
0.111722
0.125188
0.359816
0.174328
0.152456
0.213371
0.366624
0.339122
0.359968
0.354388
0.368859
0.360228
0.371242
0.433633
0.399588
0.385019
0.384041
0.380238
0.397786
0.403268
0.391055
0.39587
0.418382
0.40333
0.358079
0.370631
0.42852
0.429358
0.388117
0.388118
0.388118
0.388118
0.388118
0.388118
0.388118
0.388118
0.388118
0.388118
0.388118
0.388118
0.388118
0.388118
0.388122
0.388127
0.388118
0.388118
0.388118
0.388118
0.388124
0.388121
0.389998
0.389528
0.388123
0.388121
0.388121
0.388119
0.38812
0.38812
0.38812
0.388121
0.388121
0.388122
0.388123
0.388123
0.388123
0.388122
0.388122
0.388122
0.388123
0.388124
0.388124
0.388121
0.388123
0.388165
0.388519
0.390399
0.387909
0.388081
0.390147
0.520049
0.390338
0.0875982
0.264259
0.219694
0.195978
0.119671
0.0727032
0.0602856
0.0636356
0.0386307
0.0571027
0.0481374
0.145172
0.119262
0.388125
0.38812
0.389747
0.388118
0.389564
0.388127
0.390176
0.388118
0.388118
0.0915128
0.136125
0.39026
0.389856
0.389725
0.159247
0.388118
0.388118
0.388118
0.367092
0.388141
0.388119
0.0861074
0.415358
0.303695
0.389133
0.388118
0.388118
0.388118
0.388039
0.0790006
0.38812
0.388118
0.417114
0.0827976
0.364478
0.388758
0.35666
0.389315
0.388118
0.388118
0.388118
0.388118
0.388118
0.388118
0.388118
0.388123
0.388127
0.388131
0.390226
0.388118
0.38967
0.388121
0.38812
0.38812
0.38812
0.38812
0.388121
0.388121
0.388122
0.388123
0.388123
0.388123
0.388122
0.388122
0.388123
0.388124
0.388124
0.388122
0.388121
0.388132
0.388265
0.38984
0.387304
0.178764
0.244332
0.212389
0.205746
0.149561
0.390104
0.389628
0.205
0.10331
0.0642747
0.0629086
0.388121
0.388201
0.388125
0.38812
0.388121
0.388122
0.388121
0.38812
0.38812
0.388121
0.388121
0.388121
0.388121
0.38812
0.38812
0.38812
0.388119
0.388119
0.388118
0.388118
0.388142
0.38812
0.388118
0.388122
0.388122
0.388362
0.388121
0.388119
0.388121
0.388121
0.388121
0.388121
0.388121
0.38812
0.38812
0.388118
0.388118
0.388118
0.388118
0.38741
0.388118
0.388118
0.388118
0.388118
0.388122
0.388119
0.388119
0.388119
0.388119
0.388119
0.388119
0.388118
0.388118
0.388118
0.388118
0.388118
0.388125
0.143939
0.38921
0.36672
0.355236
0.388118
0.388118
0.388118
0.143797
0.388118
0.388302
0.388118
0.388118
0.388118
0.344373
0.149862
0.328179
0.388137
0.38813
0.0693008
0.0565779
0.10209
0.35004
0.379632
0.439702
0.391256
0.38063
0.388118
0.388118
0.388118
0.388118
0.388118
0.388118
0.384605
0.425476
0.388118
0.388137
0.371776
0.38279
0.388118
0.388118
0.388118
0.389086
0.388698
0.388844
0.388118
0.388118
0.155118
0.236203
0.390018
0.388697
0.382404
0.388118
0.388118
0.388137
0.340496
0.388118
0.388118
0.388118
0.388118
0.388118
0.388118
0.388118
0.388118
0.388118
0.388118
0.388118
0.388118
0.388118
0.388118
0.388118
0.388118
0.388118
0.388118
0.388118
0.388118
0.388118
0.388118
0.388117
0.38808
0.388339
0.388492
0.388116
0.388118
0.388118
0.388118
0.388118
0.388191
0.388156
0.388248
0.388118
0.388118
0.388118
0.388122
0.388127
0.38811
0.38811
0.388118
0.388118
0.388118
0.388118
0.335438
0.280643
0.312079
0.207535
0.388118
0.388118
0.389183
0.388771
0.373191
0.343175
0.115827
0.124134
0.388119
0.38812
0.0759513
0.0840957
0.388118
0.388118
0.469291
0.404447
0.409697
0.433938
0.388118
0.377453
0.38914
0.385779
0.389262
0.388902
0.389336
0.388966
0.388118
0.0794393
0.359709
0.388236
0.388391
0.388556
0.388302
0.388118
0.395582
0.388119
0.388119
0.388121
0.388122
0.38812
0.388118
0.36053
0.388118
0.155028
0.188467
0.370208
0.371222
0.388166
0.388196
0.388148
0.38813
0.388155
0.399917
0.121154
0.115871
0.374262
0.125275
0.109174
0.113984
0.256048
0.310482
0.187156
0.153814
0.234718
0.159598
0.388118
0.140462
0.408606
0.387222
0.388118
0.38932
0.388944
0.388118
0.388118
0.387885
0.388118
0.388119
0.351689
0.388118
0.388118
0.388118
0.189957
0.388118
0.388118
0.388122
0.388118
0.388118
0.388118
0.388118
0.388118
0.388133
0.383042
0.364135
0.388118
0.388118
0.388118
0.388118
0.388118
0.388118
0.388118
0.388118
0.388118
0.388118
0.388118
0.38811
0.0936318
0.388074
0.388117
0.388118
0.388118
0.388118
0.388118
0.325847
0.0950851
0.388082
0.388112
0.388118
0.388118
0.388118
0.388118
0.388118
0.388118
0.388118
0.388048
0.388117
0.388118
0.388118
0.388118
0.388118
0.388118
0.388118
0.388118
0.388118
0.388118
0.388118
0.388092
0.388126
0.388118
0.388118
0.388118
0.38567
0.380247
0.388118
0.382401
0.388118
0.402256
0.399759
0.388118
0.158854
0.388105
0.389376
0.392096
0.388104
0.388081
0.388126
0.132087
0.388118
0.388118
0.11681
0.372301
0.388118
0.398502
0.387994
0.388098
0.146703
0.388118
0.388118
0.121765
0.388118
0.38812
0.388118
0.388118
0.390525
0.388118
0.388118
0.388118
0.388118
0.388118
0.429142
0.388118
0.388119
0.388119
0.388118
0.388118
0.388118
0.388118
0.388118
0.111127
0.111482
0.395254
0.388118
0.388118
0.388118
0.388118
0.387751
0.388189
0.388118
0.228075
0.388118
0.388118
0.388118
0.388118
0.388118
0.388115
0.388111
0.388108
0.10362
0.388083
0.388118
0.388118
0.388118
0.388118
0.388126
0.38812
0.388078
0.388118
0.388118
0.38865
0.388118
0.388118
0.369988
0.0917186
0.388118
0.388118
0.388118
0.388118
0.145915
0.389912
0.375705
0.403835
0.134823
0.388119
0.388121
0.395087
0.388118
0.388118
0.385182
0.402934
0.365334
0.377492
0.388118
0.388118
0.388118
0.388118
0.257637
0.368699
0.289568
0.388116
0.388116
0.387598
0.38773
0.182781
0.123399
0.391563
0.390934
0.388672
0.388118
0.388118
0.388118
0.126864
0.388257
0.388141
0.194331
0.388451
0.388643
0.388338
0.380559
0.118776
0.388118
0.0886981
0.388119
0.388118
0.134136
0.388065
0.388107
0.380528
0.38814
0.388131
0.381348
0.388118
0.388123
0.388175
0.388209
0.388154
0.388121
0.388118
0.348625
0.37334
0.388118
0.388119
0.388121
0.388118
0.373081
0.391212
0.388118
0.388118
0.388118
0.162246
0.388118
0.388118
0.136153
0.16579
0.176607
0.379471
0.388118
0.388118
0.375118
0.388598
0.387809
0.388476
0.388235
0.389659
0.388118
0.388118
0.388118
0.388118
0.402385
0.388468
0.388118
0.388118
0.388118
0.388118
0.388118
0.388118
0.388118
0.388109
0.388118
0.388118
0.388117
0.388117
0.388118
0.388113
0.388118
0.388081
0.388143
0.388118
0.388118
0.388118
0.388135
0.388153
0.388087
0.119978
0.388119
0.388118
0.388118
0.388118
0.388119
0.388414
0.388118
0.388118
0.388118
0.388118
0.388118
0.38846
0.388118
0.388115
0.387845
0.388482
0.388118
0.388118
0.387314
0.388118
0.38708
0.387362
0.205949
0.388009
0.388118
0.388118
0.155402
0.15099
0.115897
0.388119
0.38812
0.388119
0.39162
0.388118
0.387985
0.146379
0.388118
0.388118
0.387178
0.387004
0.388118
0.387142
0.388121
0.388118
0.388121
0.388097
0.388118
0.159091
0.264234
0.321959
0.146044
0.104072
0.137929
0.116856
0.388118
0.388121
0.388118
0.388325
0.388272
0.388098
0.38962
0.388119
0.388314
0.384028
0.388118
0.388118
0.388118
0.382833
0.386308
0.388115
0.121375
0.126101
0.142887
0.139397
0.386034
0.388249
0.388118
0.388118
0.388118
0.388118
0.388118
0.388118
0.388118
0.385061
0.388118
0.388118
0.388118
0.388416
0.38766
0.388053
0.387778
0.388016
0.388024
0.38812
0.388085
0.107779
0.110492
0.127416
0.388118
0.38812
0.388118
0.388118
0.388118
0.387832
0.386651
0.387918
0.143777
0.145749
0.388118
0.388118
0.388823
0.382864
0.388118
0.388118
0.388232
0.388118
0.388118
0.388118
0.388118
0.388118
0.388118
0.388139
0.388135
0.388118
0.388118
0.388118
0.388118
0.38812
0.388127
0.388328
0.385664
0.388255
0.390814
0.383196
0.388118
0.388118
0.388118
0.388118
0.38886
0.388685
0.388043
0.389641
0.388118
0.388118
0.388183
0.388118
0.413298
0.388195
0.195859
0.199974
0.381431
0.386036
0.388438
0.38543
0.388246
0.388104
0.388118
0.388118
0.387722
0.387739
0.388118
0.134211
0.388118
0.392034
0.388119
0.387648
0.385794
0.388118
0.388057
0.388126
0.388123
0.388118
0.388232
0.388176
0.388348
0.388255
0.388266
0.208142
0.389538
0.38812
0.388118
0.391397
0.388118
0.234288
0.388118
0.387401
0.388118
0.388118
0.388116
0.388118
0.388118
0.388133
0.388432
0.39023
0.388118
0.388118
0.388118
0.388118
0.388118
0.388118
0.388118
0.388118
0.388119
0.388118
0.388118
0.388118
0.388118
0.388138
0.388118
0.388119
0.388122
0.390672
0.388118
0.388131
0.398942
0.388118
0.388129
0.388141
0.208255
0.390097
0.429315
0.388118
0.388887
0.389186
0.388118
0.388138
0.388127
0.388158
0.388118
0.38821
0.388118
0.388118
0.388118
0.388118
0.414135
0.231431
0.393337
0.388118
0.388141
0.388155
0.388132
0.388118
0.38746
0.392499
0.388118
0.388395
0.388118
0.407089
0.388118
0.388118
0.388196
0.388118
0.388118
0.388118
0.386085
0.388118
0.271823
0.277179
0.360687
0.340195
0.384777
0.38812
0.388122
0.388054
0.388119
0.388118
0.388168
0.388184
0.139535
0.388109
0.388073
0.388116
0.388118
0.383869
0.388118
0.392796
0.388118
0.390108
0.388157
0.388119
0.388118
0.388149
0.388118
0.385223
0.388118
0.388118
0.388118
0.388118
0.388925
0.387082
0.38501
0.388118
0.387663
0.38734
0.387871
0.388159
0.385407
0.388119
0.384338
0.388118
0.386688
0.38722
0.388118
0.388118
0.388121
0.386065
0.387821
0.388118
0.388119
0.389771
0.388118
0.388118
0.149788
0.388118
0.388118
0.388118
0.38817
0.388118
0.388118
0.38517
0.382991
0.388118
0.389392
0.388118
0.388262
0.388118
0.391131
0.380789
0.391184
0.388118
0.388118
0.226564
0.378713
0.214613
0.209205
0.388856
0.388119
0.386518
0.389161
0.388157
0.388121
0.38812
0.389645
0.388118
0.389082
0.388121
0.390603
0.396582
0.319984
0.326961
0.388119
0.126453
0.388204
0.124951
0.123928
0.136077
0.40333
0.388126
0.114198
0.388139
0.38838
0.38823
0.388272
0.388126
0.388123
0.388137
0.388137
0.388118
0.38813
0.123499
0.100252
0.388124
0.388132
0.388145
0.388408
0.388118
0.388118
0.28325
0.386519
0.388118
0.388118
0.38812
0.388119
0.388123
0.388118
0.388504
0.140975
0.388118
0.401499
0.110885
0.388118
0.136438
0.388118
0.241705
0.243903
0.388129
0.384871
0.388119
0.388119
0.388119
0.117318
0.4064
0.388116
0.389673
0.388118
0.392491
0.39603
0.388137
0.394279
0.38882
0.372832
0.388118
0.388035
0.372655
0.388119
0.388166
0.386823
0.388246
0.388161
0.38828
0.376556
0.38784
0.388119
0.388119
0.388119
0.377286
0.388724
0.390951
0.388121
0.38812
0.178166
0.168336
0.388449
0.279171
0.391738
0.237542
0.388121
0.388125
0.38812
0.388536
0.397464
0.389708
0.387692
0.388119
0.404014
0.405737
0.409563
0.40208
0.389986
0.388121
0.387874
0.387998
0.388122
0.388121
0.388127
0.388118
0.387703
0.388119
0.387831
0.389451
0.387718
0.388121
0.388259
0.388124
0.393233
0.397399
0.403947
0.39311
0.388061
0.387914
0.388106
0.389188
0.388119
0.388215
0.388118
0.388119
0.388118
0.388106
0.388123
0.38812
0.388119
0.388135
0.392552
0.388118
0.388118
0.388741
0.388138
0.388124
0.38815
0.388205
0.388143
0.395286
0.395111
0.388284
0.387948
0.389412
0.405842
0.388159
0.389719
0.388079
0.388008
0.388122
0.388135
0.38812
0.388138
0.388101
0.38816
0.389456
0.388233
0.389214
0.390232
0.398108
0.388204
0.389376
0.394627
0.391173
0.398047
0.388494
0.408074
0.388184
0.388119
0.38826
0.388119
0.388436
0.388206
0.388398
0.390975
)
;

boundaryField
{
    bullet
    {
        type            compressible::alphatWallFunction;
        Prt             0.85;
        value           nonuniform List<scalar> 
30
(
0.01016
0.00741079
0.00751481
0.00653275
0.00542722
0.00439604
0.00288853
0.000883173
0.000645509
0.00190571
0.000758044
0.000229489
0.000258127
0.000295914
0.000304306
0.000456356
0.000450174
0.000225684
0.000444724
0.000539803
0.00130582
0.00276718
0.00152561
0.00262095
0.00426612
0.00478613
0.00557845
0.00627488
0.00914239
0.0110593
)
;
    }
    topWall
    {
        type            calculated;
        value           nonuniform List<scalar> 
50
(
0.390664
0.389732
0.389488
0.389588
0.389866
0.389852
0.38953
0.389394
0.390056
0.392478
0.391856
0.391661
0.391459
0.390958
0.39087
0.390947
0.391045
0.391057
0.390798
0.39039
0.390103
0.390646
0.391225
0.391444
0.391991
0.392015
0.392015
0.392015
0.392015
0.391269
0.391096
0.392015
0.392015
0.392015
0.392015
0.392015
0.392015
0.392015
0.392015
0.392015
0.392015
0.392015
0.392015
0.392015
0.392015
0.392015
0.392015
0.392015
0.392015
0.392015
)
;
    }
    bottomWall
    {
        type            calculated;
        value           nonuniform List<scalar> 
50
(
0.392015
0.392015
0.392015
0.392015
0.391784
0.392015
0.392015
0.392015
0.392015
0.392015
0.392015
0.392015
0.392015
0.392015
0.392015
0.392015
0.392015
0.392015
0.392015
0.392015
0.392015
0.392015
0.392015
0.392015
0.392015
0.390671
0.389881
0.390081
0.390898
0.39154
0.391952
0.391046
0.391545
0.392639
0.392015
0.392015
0.391973
0.391435
0.391329
0.391297
0.390982
0.391153
0.391444
0.391664
0.391813
0.391911
0.391914
0.39192
0.392291
0.392015
)
;
    }
    inlet
    {
        type            calculated;
        value           uniform 0.392015;
    }
    outlet
    {
        type            calculated;
        value           nonuniform List<scalar> 
30
(
0.388118
0.388118
0.388118
0.388118
0.388118
0.388118
0.388118
0.388118
0.388122
0.388553
0.392828
0.394066
0.394937
0.39539
0.395389
0.392824
0.394055
0.394919
0.395366
0.395366
0.388485
0.388162
0.388119
0.388118
0.388118
0.388118
0.388118
0.388118
0.388118
0.388118
)
;
    }
    defaultFaces
    {
        type            empty;
    }
}


// ************************************************************************* //
