/*--------------------------------*- C++ -*----------------------------------*\
  =========                 |
  \\      /  F ield         | OpenFOAM: The Open Source CFD Toolbox
   \\    /   O peration     | Website:  https://openfoam.org
    \\  /    A nd           | Version:  6
     \\/     M anipulation  |
\*---------------------------------------------------------------------------*/
FoamFile
{
    version     2.0;
    format      ascii;
    class       volScalarField;
    location    "0.0005";
    object      epsilon;
}
// * * * * * * * * * * * * * * * * * * * * * * * * * * * * * * * * * * * * * //

dimensions      [0 2 -3 0 0 0 0];

internalField   nonuniform List<scalar> 
3704
(
248025
234069
228298
229889
238668
236733
237515
243515
256492
259678
260054
251955
236715
233630
232978
229344
231191
234623
236818
238084
238780
239240
241917
254298
259847
259876
259650
258236
243294
242476
258349
258331
259039
259552
259801
259968
260102
260206
260290
260362
260428
260489
260546
260598
260645
260685
260721
260757
260773
260826
248052
234085
228216
229463
235522
233411
235612
239007
246680
249390
250441
247036
235597
233072
232443
228957
230748
234063
236161
237295
237829
238096
240284
248292
249976
249859
249367
246844
240261
240344
246784
245549
247445
248868
249568
250046
250428
250726
250968
251174
251361
251535
251698
251848
251980
252092
252196
252301
252342
252504
248111
234121
228059
228749
231622
230439
232685
233202
238262
241511
243200
241186
233940
232087
231481
228247
229942
233054
234990
235911
236190
236156
237604
241653
242294
242164
241762
240020
237942
237051
238272
235824
238452
240506
241543
242267
242848
243303
243671
243986
244271
244536
244784
245011
245209
245376
245535
245698
245747
246031
248207
234181
227840
227910
228594
228182
229708
228404
232365
235966
238120
236591
232213
230853
230262
227314
228895
231775
233533
234239
234273
233956
234719
236463
236759
236717
236609
236054
235596
233753
232464
229238
232149
234514
235744
236622
237329
237885
238334
238718
239066
239389
239691
239966
240201
240398
240592
240802
240831
241259
248353
234272
227569
227050
226668
226508
227443
225439
228893
232535
234866
233593
230618
229523
228952
226256
227731
230400
232009
232571
232461
231988
232349
233104
233276
233317
233439
233573
233544
231238
229051
225562
228453
230864
232144
233070
233818
234407
234882
235288
235658
235998
236316
236602
236841
237036
237242
237485
237455
238074
1.03562e+08
6.52097e+07
5.01822e+07
3.95488e+07
4.40787e+07
5.54235e+07
9.00074e+07
1.02394e+08
1.18794e+08
1.62547e+08
2.26035e+08
2.98569e+08
3.67385e+08
3.22194e+08
3.92273e+08
3.88078e+07
4.03697e+07
2.21349e+07
2.36977e+07
2.40394e+07
4.06561e+07
5.47041e+07
5.03652e+07
5.68946e+07
7.88961e+07
9.22009e+07
1.08573e+08
1.56728e+08
1.8414e+08
1.998e+08
3.48432e+07
3.60523e+07
2.00137e+07
2.21009e+07
2.30282e+07
3.21558e+07
4.03821e+07
3.9413e+07
4.65099e+07
5.82035e+07
6.79897e+07
8.77477e+07
1.25858e+08
2.10269e+08
1.90862e+08
3.11781e+07
3.41767e+07
2.0032e+07
2.0707e+07
2.13035e+07
2.70661e+07
3.29412e+07
3.34868e+07
3.85185e+07
4.78914e+07
5.90218e+07
8.26843e+07
1.18779e+08
3.03782e+08
2.11696e+08
3.82711e+07
3.1482e+07
2.11052e+07
2.00506e+07
1.96641e+07
2.38085e+07
2.77172e+07
2.91424e+07
3.39265e+07
4.25949e+07
5.40266e+07
7.91555e+07
1.12918e+08
4.37314e+08
2.45241e+08
3.82358e+08
4.35645e+08
5.58798e+08
4.08771e+08
2.88285e+08
1.85321e+08
1.1858e+08
7.96289e+07
8.33745e+07
8.67855e+07
4.86793e+07
3.64522e+07
4.17751e+07
1.12388e+08
1.80399e+08
2.29885e+08
2.27374e+08
2.08849e+08
1.47094e+08
1.27232e+08
1.03368e+08
7.01659e+07
4.81885e+07
4.75638e+07
6.44544e+07
3.57891e+07
2.64461e+07
2.79776e+07
5.42553e+07
7.11802e+07
2.23311e+08
2.45446e+08
1.68831e+08
1.13902e+08
8.66543e+07
7.42067e+07
5.4374e+07
4.49403e+07
3.71769e+07
5.49711e+07
2.96955e+07
2.81544e+07
2.87279e+07
4.82569e+07
5.75523e+07
2.4515e+08
2.89771e+08
1.61116e+08
1.0686e+08
7.19152e+07
5.66525e+07
4.3976e+07
4.19787e+07
3.45619e+07
4.69935e+07
2.79473e+07
2.98003e+07
3.27667e+07
4.64767e+07
4.16612e+07
2.7594e+08
3.22784e+08
1.64561e+08
1.06474e+08
6.52558e+07
4.69663e+07
3.84848e+07
3.82362e+07
3.30084e+07
3.80706e+07
2.66888e+07
2.87922e+07
3.12047e+07
4.46702e+07
6.92615e+07
260840
260794
260778
260745
260716
260684
260644
260596
260542
260481
260414
260338
260251
260151
260032
259888
259723
259456
257614
227435
228442
250407
257579
258928
259560
254236
244303
237149
228388
220376
222149
225044
227368
227786
227570
227794
231424
240534
245958
250598
254731
219870
214560
215764
218046
219706
221150
225186
233767
248016
252545
252403
252360
252264
252182
252092
251978
251842
251687
251515
251322
251104
250856
250569
250228
249817
249351
248697
245821
227024
227664
234913
244286
247388
249193
247970
241963
235939
227828
220227
221960
224788
227055
227472
227264
227445
230804
239213
243858
246824
245206
219646
214487
215678
217932
219589
221062
225140
233769
248043
246095
245847
245790
245636
245511
245379
245210
245004
244769
244506
244212
243879
243501
243064
242543
241919
241222
240373
237642
226297
226851
229586
235666
238956
241215
241020
238322
233920
226853
219937
221599
224308
226473
226884
226689
226802
229722
237014
240550
241696
237432
219239
214345
215508
217710
219357
220886
225051
233775
248101
241341
240965
240916
240710
240560
240409
240211
239962
239676
239355
238996
238589
238127
237593
236957
236196
235361
234459
232219
225380
225975
227521
230805
233440
235591
235624
234672
231685
225688
219521
221094
223653
225690
226090
225909
225953
228418
234572
237135
237085
232261
218714
214139
215260
217386
219016
220625
224917
233785
248197
238164
237623
237613
237359
237201
237062
236866
236608
236307
235966
235586
235154
234664
234097
233423
232618
231742
230862
229018
224395
225018
226235
228232
230252
232142
232205
231925
229766
224551
218993
220471
222872
224778
225156
224984
224984
227112
232436
234413
233854
229187
218133
213875
214942
216968
218571
220279
224739
233797
248342
256275
257690
257380
257682
257313
256111
236544
214759
209890
209433
209541
209609
209567
209513
209560
209537
209448
209399
209436
209466
209421
209326
209369
209390
209411
209426
209448
209487
209548
209579
209437
209093
209057
209057
209057
209057
209057
209057
209057
209057
209057
209057
209057
209057
209057
209627
359067
184826
185157
274884
161809
228331
211264
506119
1.22442e+06
1.72257e+07
1.62276e+07
1.79483e+07
6.05137e+07
5.6787e+07
4.34113e+07
209364
1.70386e+07
1.35947e+07
1.46473e+07
1.61646e+07
1.783e+07
2.07702e+07
2.7357e+07
3.31843e+07
4.7513e+07
7.08997e+07
1.03281e+08
6.02182e+08
3.24124e+08
2.91685e+08
223024
209076
209059
209073
209184
210071
215699
236844
244898
209224
209057
3.73735e+08
249323
257153
249028
257571
249420
249704
257603
257680
222761
211138
209542
209467
209600
209590
209548
209531
209563
209494
209415
209408
209458
209459
209382
209349
209379
209403
209418
209436
209465
209516
209573
209372
209673
209058
209057
209057
210212
209057
209057
209057
4.24755e+08
209057
209057
209057
209057
209057
209057
209057
209057
209057
211947
269255
186580
207028
178957
217967
231759
283200
810635
1.49127e+06
1.60546e+07
1.29123e+07
7.16989e+07
1.2413e+07
1.35658e+07
1.62925e+07
1.51213e+07
1.42498e+07
1.59913e+07
1.87703e+07
2.34375e+07
2.87969e+07
3.45016e+07
5.10485e+07
7.66539e+07
1.15538e+08
3.92428e+06
209384
209059
209059
209063
209067
209103
209415
211758
223333
245024
249388
249736
249465
212399
209547
209322
209402
209444
209413
209384
209407
209363
209286
209251
209291
209303
209279
209232
209243
209249
209257
209265
209283
209320
209372
209410
209057
209057
209057
209057
209057
209057
209057
209057
209057
209057
209057
209355
320304
183082
186494
224260
201505
222703
231819
599626
1.46102e+06
1.79649e+07
1.02629e+07
1.15992e+07
209900
5.3824e+07
209434
209058
209061
209084
209272
210753
218938
209438
209431
209401
209396
209396
209324
209260
209267
209300
209298
209262
209240
209244
209254
209260
209272
209299
209346
209386
209057
209057
209057
209057
209057
209057
209057
209078
229970
223593
182673
346052
173381
216973
210941
360163
1.00589e+06
3.96983e+06
1.5013e+07
7.91529e+06
4.5478e+07
217974
209355
228691
209059
209057
209057
209057
229342
213394
209677
209068
307531
209133
241207
240688
243804
242314
211881
209060
209330
209061
209220
209057
209064
209060
209057
209061
209060
209060
209060
209059
209059
209058
209059
209059
209059
209059
209059
209059
209059
209058
209059
209061
209060
209057
209057
209057
209087
209127
209069
209057
209057
209057
209057
209057
209816
210553
209415
4.58998e+07
228535
209057
209057
209057
209057
209057
209057
209057
209057
209057
209059
209112
218622
233149
220477
204705
200922
204190
243064
1.19262e+06
4.97817e+06
6.88509e+06
5.86594e+06
9.8356e+06
1.92265e+07
217307
214035
9.45717e+06
9.90985e+06
4.11169e+07
9.91788e+06
8.84223e+06
9.02319e+06
209058
209528
209124
209059
209059
235419
214477
209080
209097
209065
209071
210518
209085
209073
218180
209595
209980
209061
209059
212871
215178
244248
1.03928e+07
1.21039e+07
1.39577e+07
1.65829e+07
1.39718e+07
1.18268e+07
1.25404e+07
3.86573e+07
7.88488e+06
3.24488e+07
209057
209057
241790
235126
233971
209057
209057
235723
209067
209057
1.14302e+07
1.30444e+07
9.11752e+06
236013
209058
209059
242147
235316
1.57265e+06
209057
209058
209059
209060
209061
209057
209057
211501
228260
209061
209060
209061
209060
209058
209058
209059
209059
209059
209059
209059
209059
209059
209059
209059
209059
209062
209060
209072
9.25727e+06
209060
209057
209057
209057
209057
209057
209059
209057
209059
222811
209057
209057
209057
209057
209057
209057
209057
209057
209073
210221
225065
233804
192615
198283
204849
200858
206500
463839
2.56102e+06
8.9224e+06
5.69745e+06
8.10389e+06
209058
209058
8.89792e+06
240575
222069
209283
209057
209060
241768
234427
234980
209062
209058
209060
209249
233601
209393
1.2037e+07
1.07787e+07
1.39986e+07
1.52868e+07
1.00439e+07
4.97081e+06
8.4247e+06
209058
7.83968e+06
3.23121e+06
682819
209060
5.2553e+06
209175
209059
6.27539e+06
6.12255e+06
1.75782e+06
285786
201164
195943
214175
194781
228678
220271
209147
209058
209059
209057
209057
209059
209059
209058
209058
209058
209058
209058
209058
209058
209058
209058
209058
209058
209058
209058
209058
209059
209061
209059
209059
209059
209058
209058
204924
195874
236385
231652
209680
209069
209057
209057
209057
209057
212401
8.142e+06
209057
209057
209057
209057
209057
209086
220601
227303
209057
209059
209075
209081
209057
209057
209059
215236
209057
209057
209057
209057
209057
209057
209057
209057
209057
7.46942e+06
209057
209057
209057
209057
209057
209057
209057
209057
209057
209057
515615
209057
4.01068e+06
209057
209057
7.06071e+06
209058
209058
209057
209057
209057
209057
209057
209058
209058
209057
209057
209057
209057
209057
209058
209058
209057
209057
209057
209057
209057
220252
209057
209057
209057
209057
209057
209057
209057
208967
210838
213997
213391
201678
201006
205545
5.6839e+06
188716
188740
209057
209057
234714
364563
1.71663e+06
209057
209057
213522
209057
209057
210876
6.95651e+06
209057
209057
220764
227808
216702
211849
209086
9.767e+06
209067
209074
209061
209063
209057
209057
209057
209057
213898
212142
216944
448665
1.25688e+06
218798
209295
1.21186e+07
8.90202e+06
505945
209141
209108
209205
210300
207711
209057
209057
209057
209057
209057
209057
3.2543e+06
8.03866e+06
1.23436e+07
3.3628e+06
209722
209468
210193
209069
209059
209057
209050
2.642e+06
2.0058e+06
2.7525e+06
209057
209057
4.92632e+06
4.97716e+06
229053
503498
209057
209057
228166
320518
209057
209057
229182
223791
223302
209057
209057
209057
209057
209059
209057
209059
209057
211952
209073
209066
7.85564e+06
209057
209057
209057
218577
204713
209111
209057
209057
209057
209057
209057
209057
209057
209057
209057
209057
209057
209057
207929
207724
209057
209934
209057
207269
201745
213043
210650
5.24259e+06
209057
270698
1.13039e+06
900391
209057
4.61061e+06
211536
210372
4.1785e+06
7.14794e+06
6.61369e+06
209065
209078
209060
6.25133e+06
5.89128e+06
5.91308e+06
8.67589e+06
209210
209303
1.2538e+07
209057
790247
353428
574134
209059
209356
209187
209057
209057
209057
462630
213276
204507
207536
3.79082e+06
209057
209059
209057
209057
209057
209057
209057
209052
208370
209026
226950
209057
209057
209057
209057
209057
208697
209167
209057
222471
209059
209058
209057
209057
209057
209057
209057
209058
209058
208922
209057
209057
202793
209075
209063
209135
209118
209057
209057
209057
209057
209057
209057
209057
3.04873e+06
209057
205890
194941
209057
325462
209057
209057
208984
209094
209057
209057
209066
209060
209057
209057
203603
209057
6.25393e+06
209057
209057
236673
211743
255861
209057
209057
209057
209057
209057
209057
4.494e+06
209056
209014
209057
209057
209057
209057
209057
208209
216158
231555
222479
212611
209057
189207
208356
7.58882e+06
208602
208558
209057
209057
228654
223071
223473
209057
209057
209061
209057
209057
209057
209057
209057
209057
209057
209057
8.30623e+06
208789
208856
209057
209057
209057
209057
209057
209057
209057
209057
3.73851e+06
201041
213447
216616
203398
209336
209120
209057
209057
209034
208957
209057
209057
3.60674e+06
209057
211158
209058
209154
2.52187e+06
209059
202461
209057
209057
209057
209057
954499
209057
205568
234585
209073
208925
209057
209057
204183
216441
209057
208572
219329
3.86924e+06
209058
209057
6.57377e+06
209057
209300
209974
209058
209058
209057
209057
219977
4.95237e+06
4.71481e+06
209054
209057
209057
208132
208360
209057
209134
214766
231696
235952
7.63705e+06
339162
209057
637733
186689
209694
211310
209057
5.39865e+06
209059
209058
218956
215718
209063
209068
209057
209057
209057
209056
214796
212691
218300
209778
209480
210314
209057
2.9174e+06
209057
209057
209057
209165
209100
2.90243e+06
1.59027e+06
949096
1.63333e+06
209142
209202
213444
209057
209057
209057
209058
426665
209057
213340
209040
706027
209076
209088
218713
215287
215489
209058
209355
209058
204662
209057
209063
209088
209058
389016
210529
209657
209453
209388
209029
208898
207710
209057
209051
209051
2.19821e+06
209055
209056
209057
3.30724e+06
209058
209058
209058
209057
209057
209059
208906
215153
204210
209058
303682
209057
2.94111e+06
206917
209053
208111
208444
208489
209057
209057
209689
209117
209057
209057
209057
209057
209057
429546
3.99189e+06
3.30361e+06
4.10774e+06
209057
209057
209057
209058
209057
209057
209084
209057
209057
209057
4.1587e+06
210538
209839
209057
211672
208628
208640
209023
208956
3.61333e+06
209057
209057
209057
209057
209058
209058
209975
208949
209057
209047
209053
209057
209057
209057
209057
209057
209057
209057
209057
215481
208293
208378
209499
206692
209625
210208
209308
209052
209034
209057
209057
209057
209057
209057
209057
209057
209057
1.02731e+06
213028
209057
209057
209062
209057
209057
209057
209057
209057
209057
209057
209057
209057
209057
209115
208980
209081
209057
209057
224613
210098
209112
209785
209057
219577
214538
209278
209454
210351
209064
208958
209201
209105
208862
209057
205295
217597
2.47408e+06
209058
216126
209057
209057
209058
209057
209057
202971
205361
209057
334403
209057
202827
209057
1.43759e+06
209057
226617
232568
267963
897547
209060
209062
209057
209056
2.99083e+06
3.13382e+06
214098
207013
209057
435988
713808
209057
4.32952e+06
209058
209058
209057
209054
209057
209057
209052
205444
204452
3.00134e+06
213591
1.46519e+06
209057
209057
209106
209076
211358
210372
212983
211653
213098
210471
2.02918e+06
2.25368e+06
209057
209057
209057
209057
209057
209066
209071
209057
209057
213413
209057
209247
209082
212696
209175
209069
209057
209832
209059
209127
210565
209057
227663
209057
205298
208984
209275
209153
209108
209149
215268
209048
209057
209055
209057
209034
209057
209057
209057
210252
1.28722e+06
209057
210537
209057
209057
209057
209057
209057
209057
209057
209094
209057
208488
209056
209059
209302
209188
209057
209054
210028
209057
208739
208752
1.55094e+06
208989
208843
209057
209057
209057
209057
209057
207147
1.70421e+06
1.27387e+06
209366
209182
209057
209057
210729
209057
209057
209057
209057
209057
562906
209808
209057
257271
209057
209057
209057
209057
202742
209057
209057
209991
779474
2.00603e+06
206278
208124
206790
212759
209728
207575
209069
209059
234857
214520
209061
516491
243938
321977
220706
209538
209630
206476
215485
209072
209065
209081
209419
209808
208392
209334
209058
209045
209051
209028
209057
209058
209056
209057
1.35137e+06
1.49219e+06
213029
211412
211413
210243
209058
209075
209064
597333
599059
209060
209078
210236
209061
209088
209059
208900
207709
205490
209101
1.28277e+06
208631
209091
209080
209075
1.21222e+06
399173
209058
208719
766310
382229
711756
209194
206959
208709
531167
526414
209316
209107
209058
339593
210449
209070
209066
209062
209723
209058
209052
209058
235844
225485
209278
209733
209300
208884
208710
209064
209060
209058
209003
209057
209179
209278
215886
209058
209099
209086
520452
209059
210370
210129
209373
267653
270934
209039
209492
205839
209035
208952
209065
209062
209069
209060
209061
296192
297941
209058
209058
209057
209056
209087
209762
211186
209922
208697
209105
238394
209057
209106
209058
236950
244455
209055
217563
209051
208987
209068
209255
211653
213288
211183
209063
208829
208965
208504
209035
209056
208785
209151
208987
209234
208617
208982
208994
209084
209059
209075
209066
208587
209060
208316
207429
209059
206599
207880
207747
209060
209044
209225
209314
209053
209061
209097
209079
256099
257181
257359
258194
257238
256275
236845
215762
210092
209185
209073
209059
209074
231077
3.11892e+08
3.39643e+08
3.52995e+08
1.70774e+08
9.56031e+07
5.62043e+07
3.74537e+07
2.81179e+07
2.44702e+07
2.50984e+07
2.41667e+07
2.15411e+07
1.9545e+07
2.29667e+07
2.48555e+07
2.54546e+08
1.93932e+07
5.5296e+07
1.07189e+08
4.84553e+07
2.24465e+07
8.22345e+06
3.12257e+06
637863
217453
185799
187238
185537
228797
189366
234030
213827
209057
209057
209057
209057
209057
209057
209057
209057
209057
209057
209057
209057
209057
209500
209622
209594
209533
209479
209444
209411
209380
209355
209357
209358
209442
209514
209531
209490
209354
209411
209468
209487
209577
209538
209292
209311
210661
221159
247868
245025
4.02921e+08
209057
209374
248509
256802
248677
258104
257593
250208
249307
257725
229422
223396
2.61588e+08
219025
211810
209423
209104
209063
209059
209339
8.57597e+06
209058
2.00823e+08
1.12119e+08
6.25432e+07
4.20155e+07
2.95693e+07
2.41651e+07
2.32209e+07
2.24604e+07
2.22565e+07
1.98665e+07
1.95626e+07
2.17724e+07
3.98865e+07
7.17976e+07
3.53745e+07
1.31046e+07
4.68786e+06
1.74799e+06
358748
205242
217225
178808
307194
239478
195739
289586
209049
209057
209057
209057
209057
209057
209057
209057
209061
209057
209057
209057
209057
249901
209059
209407
209583
209397
209569
209503
209460
209427
209395
209366
209352
209361
209395
209485
209536
209521
209424
209372
209447
209482
209516
209582
209440
209230
209614
213841
233350
1.60902e+08
209058
249435
213472
209691
209134
209067
209059
209070
303347
6.68357e+07
8.95679e+07
1.60812e+07
6.1524e+06
2.26882e+06
477326
198406
216058
181638
253154
303655
189235
254471
209115
209057
209057
209057
209057
209057
209057
209057
209057
209057
209057
209391
209335
209294
209267
209243
209223
209216
209239
209270
209342
209385
209383
209329
209286
209329
209359
209377
209423
209336
209186
209371
211800
226869
284957
209057
209057
209057
209057
209057
209057
209057
209057
209057
209057
209057
209280
209254
209232
209217
209227
209248
209306
209367
209388
209365
209283
209307
209344
209366
209414
209396
209244
209219
209922
216869
250696
209584
209085
209274
210787
210673
191381
264721
179091
192563
200731
268227
1.02454e+06
3.78884e+06
1.01445e+07
2.966e+07
5.80668e+07
3.86692e+07
4.14234e+07
209057
209312
209363
240727
209568
212988
209608
228685
1.0737e+08
211901
209124
210586
211643
210014
209066
209248
209173
209058
209057
209084
209264
1.08278e+08
255602
209080
209098
209071
1.6316e+07
209058
209059
209059
209070
218349
223138
215332
7.1214e+06
209057
1.0542e+07
4.35284e+06
1.13457e+07
1.72581e+07
1.19114e+07
1.34819e+06
7.09954e+06
8.30471e+06
5.44055e+06
347213
2.65037e+06
2.99078e+06
1.74487e+06
210275
633097
848389
429720
201379
252784
222355
197588
204341
202352
203211
226954
213203
207942
209344
204704
212508
213654
210339
213045
220843
215262
197295
203076
224043
224511
209057
209057
209057
209057
209057
209057
209057
209057
209057
209057
209057
209060
209059
209057
209060
209063
209057
209057
209057
209057
209061
209058
239489
232691
209060
209059
209059
209058
209058
209058
209058
209058
209059
209059
209060
209060
209060
209060
209060
209059
209060
209060
209060
209059
209080
209705
216561
244210
208984
209042
241369
1.15299e+08
244254
9.91171e+06
1.26081e+07
2.32591e+07
2.0253e+07
1.71663e+07
1.38329e+07
1.56985e+07
2.01084e+07
1.70985e+07
2.0181e+07
1.62932e+07
1.93383e+07
1.14464e+07
209061
209058
236108
209057
233167
209064
241571
209057
209057
3.23944e+06
1.24691e+06
242562
236722
235110
1.56712e+07
209057
209057
209057
201552
209393
209062
3.73203e+06
220590
286079
226928
209057
209057
209057
214532
3.24187e+06
209058
209057
219797
1.28381e+07
201425
220909
198532
209722
209057
209057
209057
209057
209057
209057
209057
209061
209063
209068
242160
209057
234442
209059
209058
209058
209058
209058
209059
209059
209059
209060
209060
209060
209060
209059
209060
209060
209061
209059
209061
209190
211558
236540
208776
1.82279e+07
2.1625e+07
2.07772e+07
2.28273e+07
6.90286e+06
240755
233932
2.32768e+07
1.53718e+07
1.33848e+07
1.59554e+07
209066
210373
209113
209059
209059
209059
209059
209058
209058
209059
209059
209059
209059
209058
209058
209058
209058
209058
209057
209057
209358
209058
209057
209059
209059
213570
209059
209058
209059
209059
209059
209059
209059
209058
209058
209057
209057
209057
209057
208992
209057
209057
209057
209057
209060
209058
209058
209058
209058
209058
209058
209057
209057
209057
209057
209057
209142
1.09226e+07
228058
202962
196809
209059
209057
209057
7.58966e+06
209057
209190
209057
209057
209061
200428
1.67592e+07
187368
209304
209207
1.15381e+07
1.12987e+07
9.25863e+06
236742
205862
228938
210368
206389
209057
209057
209057
209057
209057
209057
206813
222048
209057
209340
202525
207100
209057
209057
209057
226377
219914
222142
209057
209057
793398
1.82554e+07
211812
209440
225661
209057
209057
209064
291072
209057
209057
209057
209057
209057
209057
209057
209057
209057
209057
209057
209057
209057
209057
209057
209057
209057
209057
209057
209057
209057
209057
209057
209043
213183
216240
209057
209057
209057
209057
209057
210284
209659
211414
209058
209057
209058
209108
209180
209053
209054
209057
209057
209057
209057
931760
1.06094e+07
9.79006e+06
2.02501e+07
209057
209057
227726
221015
206093
193581
8.14568e+06
7.82812e+06
209065
209077
1.53265e+07
1.46873e+07
209057
209057
238764
217360
216433
226413
209057
250609
217399
233992
228763
223003
229659
223899
209057
1.24333e+07
299209
211059
214063
217326
212395
209060
212713
209068
209063
209086
209108
209075
209057
199417
209059
6.96013e+06
6.39401e+06
203510
202148
209774
210328
209493
209066
209080
214291
1.58402e+07
1.52573e+07
220841
1.0606e+06
2.33428e+06
1.34766e+06
310727
248953
567477
679703
382168
1.97128e+07
209057
9.87046e+06
218724
210428
209057
229438
223565
209057
209057
208919
209058
209058
195781
209057
209057
209057
1.93975e+07
209057
209057
209059
209057
209057
209057
209057
209057
209059
207050
202789
209057
209057
209057
209057
209057
209057
209057
209057
209057
209057
209057
209053
1.45366e+07
209040
209057
209057
209057
209057
209057
1.30578e+06
1.42628e+07
209045
209055
209057
209057
209057
209057
209057
209057
209057
209031
209057
209057
209057
209057
209057
209057
209057
209057
209057
209057
209057
209047
209051
209057
209057
209057
208354
206689
209057
207088
209057
214059
213718
209057
4.50639e+06
209052
209452
210516
209058
209046
209151
992637
209057
209057
2.87545e+06
203222
209057
213988
209289
209043
8.34438e+06
209057
209059
1.0149e+07
209057
209058
209057
209057
210451
209057
209057
209057
209057
209057
344393
209059
209058
209058
209057
209057
209057
209057
209057
9.9714e+06
9.09306e+06
212402
209057
209057
209057
209057
208931
209072
209057
5.13254e+06
209057
209057
209057
209057
209057
209056
209055
209053
9.90555e+06
209043
209057
209057
209057
209058
209156
209055
209043
209057
209057
218844
209057
209057
208388
9.92362e+06
209057
209057
209057
209057
7.80374e+06
209266
204056
214874
6.39886e+06
209072
209096
217157
209057
209057
207929
214353
200586
204699
209057
209057
209057
209057
4.86565e+06
590245
3.51134e+06
209056
209057
208858
208918
5.35509e+06
2.404e+06
211665
211553
219197
209057
209057
209057
6.32029e+06
211406
209078
4.8485e+06
215111
218782
213034
206015
9.3638e+06
209057
8.73914e+06
209058
209057
1.09584e+06
209039
209051
206186
209342
209223
206420
209057
209112
209907
210541
209577
209088
209057
231520
216693
209057
209063
209059
209057
203716
211856
209057
209057
209057
9.08008e+06
209057
209057
7.79537e+06
608388
535344
205827
209057
209057
204320
218038
208869
209393
209108
209928
209057
209057
209057
209057
223686
215324
209057
209057
209057
209057
209057
209057
209057
209054
209057
209057
209057
209057
209057
209055
209057
209040
209065
209057
209057
209057
209286
209570
209044
9.68612e+06
209061
209060
209057
209058
209058
214487
209057
209057
209057
209057
209057
215252
209057
209056
208948
215643
209057
209057
208785
209057
208671
208777
2.03396e+06
209000
209057
209057
4.84373e+06
5.17564e+06
2.63252e+06
209068
209075
209064
210955
209057
208993
908905
209057
209057
208693
208638
209057
208666
209059
209057
209087
209048
209057
8.65603e+06
302484
243633
5.3077e+06
2.56512e+06
8.79735e+06
3.66178e+06
209057
209058
209057
212786
209135
209047
209717
209063
212607
207594
209057
209057
209057
207040
208313
209056
7.72807e+06
6.12526e+06
7.03015e+06
4.47099e+06
208187
211244
209057
209057
209057
209057
209057
209057
209057
208253
209057
209057
209057
209146
208886
209027
208921
209003
209022
209057
209044
8.25115e+06
7.37788e+06
8.26959e+06
209057
209058
209057
209057
209057
208912
208507
208969
6.71555e+06
6.58786e+06
209057
209057
209451
207143
209058
209059
210978
209057
209057
209057
209057
209057
209057
209065
209064
209057
209057
209057
209057
209059
209061
212801
208099
209065
210110
207338
209057
209057
209057
209057
209345
209278
209015
209624
209057
209057
210084
209057
447195
210284
1.56191e+06
1.72374e+06
206599
208097
212981
209031
211174
209052
209057
209057
208921
208909
209057
1.03132e+06
209057
210462
209067
208886
208271
209057
209033
209152
209109
209057
209112
209921
213210
211336
211549
518548
209861
209073
209057
210272
209057
335039
209057
208805
209057
209057
209056
209057
209057
209063
208999
212360
209057
209057
209057
209057
209057
209057
209057
209057
209058
209057
209057
209057
209057
209065
209057
209072
209098
210070
209057
209060
227333
209059
209064
209071
480885
209854
376755
209057
209456
209679
209057
209323
209163
209630
209057
210547
209057
209057
209058
209058
248943
428852
211023
209057
209358
209584
209231
209057
208769
210685
209057
209238
209057
240515
209057
209057
210298
209057
209057
209060
208284
209057
299467
275675
224952
231108
215502
209059
209059
209025
209070
209057
209792
210094
1.10103e+06
209052
209041
209057
209057
207690
209057
210760
209057
209822
209071
209065
209057
209065
209057
207998
209057
209057
209057
209057
209380
208675
207900
209057
208855
208779
208962
209073
207994
209062
207644
209057
208574
208678
209057
209057
209059
208361
208917
209059
209062
209793
209057
209057
4.87918e+06
209057
209057
209057
209077
209057
209057
208069
207235
209057
209626
209057
209246
209057
211247
206288
210191
209060
209057
451557
205420
1.29434e+06
1.29792e+06
209166
209061
208474
209471
209618
209084
209071
209588
209058
209474
209094
210723
215291
269018
257839
209058
7.01065e+06
209086
3.54387e+06
3.88625e+06
1.39225e+06
321168
209150
6.58758e+06
209078
209172
209109
209248
209147
209106
209314
209296
209058
209209
6.5161e+06
6.08231e+06
209061
209063
209431
209230
209059
209057
344501
208454
209060
209057
209079
209066
209118
209057
209231
4.70695e+06
209059
259783
3.47813e+06
209058
3.67587e+06
209058
942534
906029
209198
208000
209057
209066
209062
3.32136e+06
311160
209056
209879
209058
211823
214474
209069
212378
209438
219558
209058
209014
229690
209058
209077
208545
209105
209092
209136
214938
208982
209058
209058
209058
222997
210873
210100
209059
209058
1.04962e+06
1.29725e+06
211273
393959
210416
794949
209093
209134
209076
209289
213592
210566
208861
209058
261131
240635
251247
215664
209764
209086
208964
209045
209060
209059
209062
209058
208886
209071
208988
209644
208909
209059
209143
209061
212431
215116
289512
210708
209030
208972
209049
209669
209058
209096
209058
209058
209060
209050
209058
209058
209063
209064
210750
209058
209060
209446
209068
209061
209076
209096
209071
213567
213497
209169
208982
209760
247306
209080
209983
209032
209057
209061
209063
209058
209066
209137
209084
209556
209100
209741
210214
217024
209113
209570
213610
210603
215346
209305
241006
209082
209058
209124
209058
209204
209092
209198
210428
)
;

boundaryField
{
    bullet
    {
        Cmu             0.09;
        kappa           0.41;
        E               9.8;
        type            epsilonWallFunction;
        value           nonuniform List<scalar> 
30
(
3.82358e+08
4.35645e+08
5.58798e+08
4.08771e+08
2.88285e+08
1.85321e+08
1.1858e+08
7.96289e+07
8.33745e+07
8.67855e+07
4.86793e+07
3.64522e+07
4.17751e+07
1.12388e+08
1.80399e+08
1.03562e+08
6.52097e+07
5.01822e+07
3.95488e+07
4.40787e+07
5.54235e+07
9.00074e+07
1.02394e+08
1.18794e+08
1.62547e+08
2.26035e+08
2.98569e+08
3.67385e+08
3.22194e+08
3.92273e+08
)
;
    }
    topWall
    {
        type            inletOutlet;
        inletValue      uniform 266000;
        value           nonuniform List<scalar> 
50
(
248016
233767
225186
221150
219706
218046
215764
214560
219870
254731
250598
245958
240534
231424
227794
227570
227786
227368
225044
222149
220376
228388
237149
244303
254236
266000
266000
266000
266000
228442
227435
266000
266000
266000
266000
266000
266000
266000
266000
266000
266000
266000
266000
266000
266000
266000
266000
266000
266000
266000
)
;
    }
    bottomWall
    {
        type            inletOutlet;
        inletValue      uniform 266000;
        value           nonuniform List<scalar> 
50
(
266000
266000
266000
266000
242476
266000
266000
266000
266000
266000
266000
266000
266000
266000
266000
266000
266000
266000
266000
266000
266000
266000
266000
266000
266000
248025
234069
228298
229889
238668
236733
237515
243515
256492
266000
266000
251955
236715
233630
232978
229344
231191
234623
236818
238084
238780
239240
241917
254298
266000
)
;
    }
    inlet
    {
        type            fixedValue;
        value           uniform 266000;
    }
    outlet
    {
        type            inletOutlet;
        inletValue      uniform 266000;
        value           nonuniform List<scalar> 
30
(
209057
209057
209057
209057
209057
209057
209057
209057
209059
209500
260826
252504
246031
241259
238074
260840
252545
246095
241341
238164
209437
209093
209058
209057
209057
209057
209057
209057
209057
209057
)
;
    }
    defaultFaces
    {
        type            empty;
    }
}


// ************************************************************************* //
