/*--------------------------------*- C++ -*----------------------------------*\
  =========                 |
  \\      /  F ield         | OpenFOAM: The Open Source CFD Toolbox
   \\    /   O peration     | Website:  https://openfoam.org
    \\  /    A nd           | Version:  6
     \\/     M anipulation  |
\*---------------------------------------------------------------------------*/
FoamFile
{
    version     2.0;
    format      ascii;
    class       volScalarField;
    location    "0.0005";
    object      k;
}
// * * * * * * * * * * * * * * * * * * * * * * * * * * * * * * * * * * * * * //

dimensions      [0 2 -2 0 0 0 0];

internalField   nonuniform List<scalar> 
3704
(
963.964
935.504
924.136
928.321
946.657
943.309
943.772
956.228
982.746
989.19
989.908
973.188
942.651
936.361
935.015
927.32
931.25
938.486
943.131
945.829
947.327
948.243
953.541
978.1
989.552
989.603
989.246
987.034
957.183
954.476
986.792
986.632
988.012
989.027
989.516
989.835
990.082
990.272
990.421
990.545
990.654
990.751
990.839
990.916
990.979
991.029
991.077
991.132
991.132
991.252
964.026
935.541
923.979
927.585
941.475
937.209
940.868
948.991
965.789
971.153
973.133
965.415
940.856
935.457
934.163
926.658
930.515
937.597
942.121
944.657
945.954
946.616
951.208
968.601
972.431
972.176
971.315
966.741
951.32
951.259
966.165
963.762
967.595
970.471
971.865
972.781
973.489
974.032
974.459
974.814
975.125
975.404
975.654
975.873
976.05
976.189
976.326
976.486
976.476
976.847
964.154
935.619
923.667
926.285
934.275
931.383
936.246
938.921
950.382
956.796
959.93
955.174
937.986
933.78
932.557
925.393
929.115
935.923
940.235
942.502
943.476
943.735
947.212
957.223
958.709
958.281
957.354
953.417
947.543
946.019
950.391
945.631
951.255
955.561
957.669
959.064
960.144
960.972
961.624
962.165
962.639
963.063
963.444
963.773
964.037
964.24
964.449
964.703
964.655
965.309
964.362
935.743
923.21
924.647
927.931
926.918
931.252
929.838
938.934
946.163
950.147
946.249
934.728
931.513
930.359
923.617
927.166
933.628
937.684
939.666
940.316
940.183
942.571
947.739
948.384
947.928
947.254
945.186
943.539
940.337
939.07
932.675
939.3
944.459
947.012
948.714
950.033
951.045
951.84
952.5
953.08
953.596
954.058
954.454
954.762
954.992
955.249
955.584
955.451
956.45
964.666
935.921
922.611
922.832
923.511
923.461
927.013
923.679
931.701
939.108
943.428
939.891
931.443
928.818
927.728
921.428
924.787
930.879
934.683
936.444
936.884
936.52
938.212
941.087
941.4
940.978
940.564
939.832
939.609
935.488
931.947
924.933
931.799
937.201
939.892
941.696
943.092
944.166
945.007
945.705
946.321
946.864
947.349
947.757
948.057
948.27
948.547
948.952
948.667
950.114
3981.57
2957.61
2489.48
2141.64
2308.96
2700.3
3683.89
4027.86
4450.6
5487.96
6828.81
8217.58
9426.9
8639.01
8909.93
3868.9
3008.39
2785.05
2134.18
2087.71
2811.06
3965.36
5051.55
6107.41
7711.41
9544.42
11678.5
15610.7
16970
19039.1
4041.35
3262.08
2849.57
2482.95
2506.97
3008.74
3956.46
5441.84
6689.43
8014.65
9787.89
12004.4
15678.1
23394.9
25095
3926.74
3672.7
3088.85
2751.09
2822.14
3258.44
4101.98
5406.32
6395.81
7767.99
9312.64
11800.3
15370.3
33294.3
30304.6
4846.76
4015.34
3576.08
3016.58
3052.27
3481.62
4236.69
5269.21
6179.44
7440.82
8751.37
11355.3
14692.6
44134.4
35236
8746.69
10634.3
12527
10171.4
8063.76
5975.35
4428.15
3387.88
3518.42
3602.5
2444.49
2020.16
2217.15
4331.05
5813.14
19942.7
21249.9
19334.7
14654.9
11536.5
8699.54
6135.87
4847.33
4390.92
4007.46
2380.61
2018.23
1932.64
3658.84
6127.92
27010.4
28681.8
20359.3
15225.3
11916.8
9018.31
6722.84
6024.32
4596.57
4180.42
2495.62
2638.82
2256.19
4063.9
5967.11
32766.5
34205.7
20416.1
15192.5
11378.2
8751.48
6711.9
6413.55
4766.59
4198.99
2787.33
3106.22
2886.2
4193.33
4918.9
37680.8
37169.8
20606.3
15059.6
10727.2
8327.37
6717.41
6404.12
4860.99
3989.44
3006.56
3293.86
3199.82
4256.38
6955.13
991.275
991.168
991.159
991.105
991.07
991.035
990.984
990.917
990.836
990.742
990.635
990.509
990.362
990.187
989.971
989.701
989.383
988.881
985.538
923.588
925.834
973.44
985.503
987.785
988.879
977.606
957.651
943.26
924.987
907.987
911.966
918.37
923.405
924.24
923.684
924.048
931.488
950.253
961.155
970.419
979.166
906.89
895.11
897.775
902.882
906.33
908.98
917.117
934.721
963.937
976.913
976.583
976.565
976.404
976.305
976.21
976.068
975.877
975.647
975.378
975.07
974.711
974.291
973.789
973.169
972.397
971.491
970.192
964.414
922.932
924.393
942.44
961.518
967.197
970.527
967.49
954.159
941.499
924.136
907.676
911.597
917.902
922.855
923.682
923.131
923.433
930.504
948.305
958.047
964.635
962.672
906.51
894.95
897.585
902.636
906.074
908.785
917.019
934.726
963.998
965.413
964.832
964.827
964.563
964.413
964.28
964.073
963.785
963.436
963.027
962.558
962.01
961.369
960.603
959.657
958.48
957.109
955.317
949.21
921.718
922.812
929.917
944.416
951.246
955.873
955.305
948.452
938.437
922.587
907.063
910.872
916.991
921.79
922.598
922.056
922.258
928.712
944.918
952.908
956.245
948.132
905.789
894.634
897.209
902.147
905.564
908.397
916.821
934.737
964.126
956.584
955.699
955.743
955.376
955.197
955.059
954.825
954.481
954.057
953.558
952.984
952.314
951.531
950.594
949.436
947.999
946.339
944.321
938.696
920.055
921.061
924.788
933.65
940.007
945.015
945.192
942.293
934.784
920.583
906.16
909.815
915.677
920.265
921.042
920.51
920.609
926.384
940.861
947.191
948.09
937.927
904.787
894.167
896.652
901.424
904.806
907.816
916.523
934.751
964.331
950.266
948.989
949.135
948.663
948.475
948.374
948.16
947.81
947.365
946.834
946.226
945.513
944.682
943.688
942.457
940.934
939.181
937.141
932.079
918.048
919.028
921.747
927.506
933.032
937.902
938.29
937.117
931.212
918.365
904.987
908.452
914.006
918.342
919.072
918.55
918.577
923.786
936.845
942.075
941.779
931.481
903.564
893.56
895.924
900.476
903.805
907.043
916.125
934.769
964.632
980.624
983.476
982.857
983.467
982.721
980.273
940.263
894.698
884.371
883.325
883.68
883.876
883.74
883.57
883.721
883.667
883.411
883.262
883.364
883.455
883.317
883.012
883.167
883.236
883.302
883.346
883.411
883.527
883.711
883.8
883.328
882.234
882.109
882.109
882.109
882.109
882.109
882.109
882.109
882.109
882.109
882.109
882.109
882.109
882.109
883.811
1277.57
804.108
806.13
1051.03
729.84
930.075
829.851
971.116
1207.95
4650.48
4483.6
3756.64
8456.61
8084.55
6436.45
883.019
3784.13
3147.91
3383.54
3588.2
4133.01
4898.42
5818.26
6439.04
7772.05
10283.2
13585.1
57080.2
47563.8
42434.5
903.618
882.163
882.114
882.144
882.386
884.313
896.402
940.908
957.495
882.675
882.109
50558.3
966.624
982.398
966.024
983.243
966.827
967.409
983.308
983.454
911.512
887.037
883.605
883.447
883.857
883.81
883.685
883.628
883.738
883.544
883.311
883.284
883.429
883.438
883.192
883.095
883.2
883.275
883.322
883.374
883.46
883.613
883.784
883.11
884.085
882.11
882.109
882.109
884.954
882.109
882.109
882.109
44355.4
882.109
882.109
882.109
882.109
882.109
882.109
882.109
882.109
882.109
890.493
1044.48
810.522
867.28
781.266
899.35
930.493
863.18
1073.73
1281.46
4121.69
3305.86
9528.71
3138.36
3067.84
2926.85
3509.64
3386.6
3877.6
4639.52
5331.57
5965.85
6499.13
7984.4
10663.7
14583.2
1926.66
883.034
882.114
882.112
882.121
882.13
882.209
882.891
887.955
912.616
957.777
966.762
967.473
966.914
889.607
883.512
882.975
883.247
883.373
883.275
883.179
883.258
883.132
882.895
882.783
882.906
882.946
882.865
882.696
882.746
882.773
882.802
882.829
882.887
883.003
883.164
883.281
882.109
882.109
882.109
882.109
882.109
882.109
882.109
882.109
882.109
882.109
882.109
882.986
1178.79
799.346
810.187
911.64
852.159
912.304
838.883
1005.52
1246.32
4598.96
3146.39
2462.33
884.614
10461.9
882.796
882.113
882.116
882.169
882.579
885.787
903.302
883.36
883.33
883.237
883.222
883.227
883.013
882.81
882.832
882.938
882.932
882.804
882.733
882.753
882.791
882.812
882.852
882.936
883.084
883.205
882.109
882.109
882.109
882.109
882.109
882.109
882.109
882.172
939.597
917.384
799.017
1235.6
765.717
897.558
857.839
922.922
1160.09
1898.76
4649.86
2254.99
6871.65
901.375
883.093
923.892
882.115
882.109
882.109
882.109
925.265
891.467
883.459
882.148
968.03
882.275
949.983
948.901
955.274
952.275
888.227
882.119
883.006
882.125
882.472
882.109
882.13
882.12
882.109
882.124
882.123
882.121
882.122
882.119
882.116
882.114
882.115
882.115
882.116
882.116
882.115
882.115
882.115
882.114
882.116
882.122
882.121
882.109
882.109
882.109
882.179
882.265
882.139
882.109
882.109
882.109
882.109
882.109
883.768
885.36
882.894
8636.44
923.597
882.109
882.109
882.109
882.109
882.109
882.109
882.109
882.109
882.109
882.114
882.274
909.423
950.967
914.09
868.33
857.313
864.421
860.106
1154.75
2274.26
2660.12
2170.94
2131.61
2934.07
899.847
892.851
3070.7
2630.97
8003.42
3131.06
2788.62
3041.89
882.112
883.378
882.256
882.115
882.114
922.214
892.817
882.16
882.197
882.127
882.14
885.284
882.197
882.154
901.704
883.284
884.119
882.124
882.119
890.353
895.294
956.189
3378.52
4051.25
4812.09
5513.83
5328.83
3846.12
3212.45
7318.24
2417.35
6512.73
882.109
882.109
951.189
937.429
935.009
882.109
882.109
938.609
882.145
882.109
2276.96
2368.27
2369.49
939.209
882.113
882.115
951.928
937.827
1500.86
882.109
882.115
882.118
882.119
882.125
882.109
882.109
887.403
923.02
882.124
882.122
882.123
882.12
882.114
882.112
882.115
882.116
882.116
882.116
882.116
882.115
882.115
882.115
882.115
882.118
882.126
882.119
882.161
2066.68
882.118
882.109
882.109
882.109
882.109
882.109
882.118
882.109
882.117
911.528
882.109
882.109
882.109
882.109
882.109
882.109
882.109
882.109
882.155
885.49
928.019
952.612
832.273
849.593
868.126
856.81
854.173
955.49
1575.41
3147.98
2266.84
2207.07
882.112
882.113
3105.69
948.67
909.958
882.771
882.109
882.119
951.145
935.966
937.124
882.12
882.112
882.115
882.53
934.233
882.844
4381.62
3756.37
5029.97
6148.96
4925.45
1973.23
2722.05
882.114
3010.35
1775.5
1030.15
882.119
2269.68
882.368
882.113
2129.57
2504.36
1343.62
870.438
851.914
842.421
896.436
838.992
938.397
914.597
882.375
882.113
882.113
882.109
882.109
882.115
882.116
882.112
882.112
882.112
882.113
882.113
882.113
882.113
882.112
882.112
882.113
882.112
882.113
882.112
882.113
882.116
882.124
882.117
882.118
882.117
882.112
882.112
869.274
842.526
959.844
947.029
883.886
882.144
882.109
882.109
882.109
882.109
845.829
2163.58
882.109
882.109
882.109
882.109
882.109
882.194
906.868
921.022
882.109
882.114
882.16
882.178
882.109
882.109
882.112
899.636
882.109
882.109
882.109
882.109
882.109
882.109
882.109
882.109
882.109
2978.68
882.109
882.109
882.109
882.109
882.109
882.109
882.109
882.109
882.109
882.109
1241.88
882.109
2029.1
882.109
882.109
2156.38
882.11
882.111
882.109
882.109
882.109
882.109
882.109
882.11
882.11
882.109
882.109
882.109
882.109
882.109
882.111
882.11
882.109
882.109
882.109
882.109
882.109
893.749
882.109
882.109
882.109
882.109
882.109
882.109
882.109
881.844
887.315
896.504
894.611
859.784
858.027
871.354
1922.1
818.206
815.28
882.109
882.109
851.391
892.684
1329.21
882.109
882.109
891.754
882.109
882.109
886.062
2051.2
882.109
882.109
907.213
922.088
898.558
889.123
882.172
4049.04
882.13
882.146
882.117
882.122
882.109
882.109
882.109
882.109
892.566
888.788
899.076
1058.26
1402.45
901.036
882.631
5810.2
3437.49
1184.64
882.294
882.221
882.435
884.693
876.383
882.109
882.109
882.109
882.109
882.109
882.109
2936.02
5255.18
7131.66
3041
883.56
883.008
884.582
882.145
882.113
882.108
882.086
1605.35
1417
1637.97
882.109
882.109
1868.41
1838.26
924.716
1247.19
882.109
882.109
922.846
1025.16
882.109
882.109
924.987
913.652
912.613
882.109
882.109
882.109
882.109
882.114
882.109
882.114
882.109
889.832
882.159
882.135
3209.69
882.109
882.109
882.109
868.62
868.762
882.227
882.109
882.109
882.109
882.109
882.109
882.109
882.109
882.109
882.109
882.109
882.109
882.109
878.797
878.199
882.109
884.673
882.109
876.875
860.483
893.505
886.451
1854.94
882.109
872.948
1154.16
1109.44
882.109
1979.7
887.482
884.969
1765.75
2813.34
2780.91
882.126
882.155
882.115
2312.41
2118.68
2465.36
3838.63
882.561
882.848
6127.89
882.109
1263.57
1036.11
1110.74
882.113
882.763
882.393
882.109
882.109
882.109
919.861
894.196
868.653
877.639
1919.67
882.109
882.113
882.109
882.109
882.109
882.109
882.109
882.094
879.965
882
919.011
882.109
882.109
882.109
882.109
882.109
881.054
882.432
882.109
910.846
882.113
882.111
882.108
882.109
882.109
882.109
882.109
882.112
882.112
881.712
882.109
882.109
863.274
882.163
882.126
882.338
882.286
882.109
882.109
882.109
882.109
882.109
882.109
882.109
1690.18
882.109
854.962
839.812
882.109
892.278
882.109
882.109
881.895
882.217
882.109
882.109
882.135
882.118
882.109
882.109
865.618
882.109
3206.24
882.109
882.109
874.37
857.838
871.578
882.109
882.109
882.109
882.109
882.109
882.109
1856.37
882.104
881.983
882.109
882.109
882.109
882.109
882.109
879.62
902.72
946.853
920.719
891.963
882.109
822.604
879.464
4159.98
880.774
880.646
882.109
882.109
923.876
912.123
912.977
882.109
882.109
882.117
882.109
882.109
882.109
882.109
882.109
882.109
882.109
882.109
4826.86
881.322
881.518
882.109
882.109
882.109
882.109
882.109
882.109
882.109
882.109
1652.35
855.429
894.375
903.591
864.964
882.944
882.298
882.109
882.109
882.041
881.815
882.11
882.109
1613.7
882.109
886.674
882.111
882.395
1472.42
882.113
862.293
882.109
882.109
882.109
882.109
1051.26
882.109
865.815
936.582
882.144
881.72
882.109
882.109
867.362
902.944
882.109
880.686
904.17
1729.9
882.111
882.109
3863.2
882.109
882.643
884.811
882.111
882.11
882.109
882.109
909.013
2750.44
2005.5
882.099
882.109
882.109
879.394
880.063
882.109
882.327
896.553
929.609
959.342
4691.17
1054.6
882.109
1017.14
814.969
883.498
887.003
882.109
2637.79
882.113
882.111
903.374
896.478
882.122
882.132
882.109
882.109
882.109
882.105
894.498
889.973
901.974
883.685
883.034
884.845
882.109
2681.09
882.109
882.109
882.109
882.346
882.203
2541.74
1254.65
1027.36
1272.91
882.297
882.427
893.721
882.109
882.109
882.109
882.11
959.928
882.109
893.735
882.057
1013.85
882.15
882.178
902.856
895.553
895.986
882.112
882.978
882.112
869.102
882.109
882.122
882.196
882.112
1115.14
886.455
883.896
883.265
883.076
882.024
881.64
878.152
882.109
882.089
882.09
1376.48
882.103
882.106
882.109
1714.34
882.111
882.111
882.111
882.109
882.109
882.114
881.663
897.057
867.798
882.111
932.367
882.109
2201.61
872.957
882.098
879.333
880.31
880.436
882.109
882.109
883.961
882.287
882.109
882.109
882.109
882.109
882.109
916.511
2013.49
1804.18
2075.01
882.109
882.109
882.109
882.111
882.109
882.109
882.219
882.109
882.109
882.109
3034.57
886.484
884.44
882.109
889.616
880.863
880.89
882.007
881.81
2911.32
882.109
882.109
882.109
882.109
882.111
882.112
884.79
881.779
882.109
882.08
882.097
882.109
882.109
882.109
882.109
882.109
882.109
882.109
882.109
895.966
879.867
880.118
882.891
874.35
883.352
884.617
882.66
882.092
882.04
882.109
882.109
882.109
882.109
882.109
882.109
882.109
882.109
1574.3
890.704
882.109
882.109
882.122
882.109
882.109
882.109
882.109
882.109
882.109
882.109
882.109
882.109
882.109
882.276
881.881
882.177
882.109
882.109
922.051
885.158
882.229
883.7
882.109
904.698
898.03
882.595
882.978
885.927
882.123
881.823
882.541
882.253
881.534
882.109
870.896
906.926
1568.86
882.112
897.357
882.109
882.109
882.112
882.109
882.109
864.169
871.207
882.109
936.673
882.109
863.657
882.109
1205.92
882.109
876.464
870.532
1011.61
1521.54
882.114
882.119
882.107
882.106
2670.24
2539.13
896.587
875.894
882.109
892.944
989.839
882.109
2299.8
882.111
882.11
882.109
882.099
882.109
882.109
882.096
866.197
852.35
1777.11
891.915
1223.38
882.109
882.109
882.217
882.149
887.107
884.972
890.603
887.748
890.851
885.188
1595.64
1802.54
882.109
882.109
882.109
882.109
882.109
882.127
882.141
882.109
882.109
894.721
882.109
882.526
882.165
892.726
882.368
882.143
882.109
884.378
882.114
882.263
886.521
882.109
921.18
882.109
871.043
881.874
882.762
882.398
882.221
882.31
900.171
882.082
882.107
882.101
882.109
882.04
882.109
882.109
882.109
885.607
1182.87
882.109
886.42
882.109
882.109
882.109
882.109
882.109
882.109
882.109
882.19
882.109
880.436
882.104
882.113
882.861
882.505
882.109
882.1
884.949
882.109
881.173
881.211
1868.84
881.909
881.479
882.109
882.109
882.109
882.108
882.109
876.318
1821.9
1683.12
882.787
882.383
882.109
882.109
886.999
882.109
882.109
882.109
882.109
882.109
1277.39
884.399
882.109
920.932
882.109
882.109
882.109
882.109
863.495
882.109
882.109
884.816
1049.33
1498.42
873.93
879.367
875.416
892.904
883.576
877.726
882.144
882.114
947.977
898.073
882.117
1244.94
871.991
893.24
884.467
862.352
883.739
874.505
874.584
882.143
882.125
882.162
882.902
883.751
880.154
882.944
882.111
882.073
882.091
882.023
882.108
882.11
882.105
882.109
1454.05
1664.59
890.703
887.223
887.227
885.674
882.11
882.148
882.123
985.236
999.051
882.118
882.173
884.678
882.121
882.178
882.114
881.286
873.648
865.298
882.244
1240.32
880.854
882.211
882.178
882.164
1286.94
1131.92
882.112
881.115
1338.15
1108.09
1282.02
882.538
873.957
880.643
1073.7
1127.82
882.857
882.219
882.113
913.961
885.14
882.137
882.128
882.119
883.564
882.111
882.095
882.11
950.693
925.317
882.749
884.179
882.846
881.599
881.088
882.128
882.115
882.11
881.95
882.109
882.377
876.304
872.315
882.11
882.235
882.194
1021.8
882.112
885.874
885.211
882.801
896.989
905.031
882.056
882.516
868.576
882.045
881.799
882.133
882.123
882.142
882.118
882.117
1013.11
1008.31
882.112
882.11
882.109
882.105
882.198
884.155
888.488
884.707
881.052
882.256
908.168
882.109
882.207
882.111
951.107
930.743
882.104
872.713
882.09
881.826
882.141
875.2
889.752
893.481
888.409
882.125
881.438
881.84
880.491
882.042
882.106
881.306
882.387
881.898
882.641
880.834
881.887
881.926
882.204
882.113
882.161
882.135
880.719
882.116
879.925
877.266
882.115
866.853
878.051
877.484
882.117
882.071
882.607
882.89
882.095
882.12
882.227
882.174
980.243
982.456
982.814
984.499
982.57
980.625
940.91
896.535
884.358
882.39
882.145
882.114
882.158
905.333
44584.9
48857.5
38881.3
20925.1
13627.2
9444.44
7450.5
6006.83
5306.15
4637.68
3937.29
3384.96
3174.6
3623.13
3397.02
19391.6
2788.82
5704.64
12906.9
8106.51
5105.27
2865.09
1654.19
916.973
865.976
807.591
811.304
801.259
934.101
822.016
951.959
895.548
882.109
882.109
882.109
882.109
882.109
882.109
882.109
882.109
882.109
882.109
882.109
882.109
882.11
883.538
883.922
883.846
883.663
883.501
883.397
883.301
883.207
883.131
883.133
883.104
883.357
883.582
883.642
883.519
883.063
883.257
883.439
883.488
883.786
883.681
882.884
882.881
885.856
908.125
963.634
957.78
52826
882.109
883.152
964.96
981.689
965.306
984.319
983.289
968.438
966.597
983.547
925.433
912.749
33026.1
903.486
888.066
882.908
882.211
882.122
882.114
882.875
2596.81
882.112
23505.5
14792.1
9899.79
7963.73
6375.1
5462.77
5046.18
4195.21
3762.94
3274.72
3400.01
3560.97
5246.32
10227
6828.56
3735.22
2066.79
1270.37
955.145
861.559
901.157
782.442
1142.5
964.608
841.044
1103.71
882.084
882.109
882.109
882.109
882.109
882.109
882.109
882.109
882.117
882.109
882.109
882.109
882.109
967.811
882.118
883.266
883.809
883.238
883.77
883.572
883.445
883.349
883.253
883.166
883.119
883.136
883.214
883.489
883.655
883.614
883.297
883.127
883.372
883.476
883.582
883.81
883.376
882.67
883.595
892.619
933.702
24693.7
882.112
966.855
891.635
883.489
882.278
882.13
882.112
882.153
979.83
6908.15
11751.5
4171.97
2415.33
1400.8
947.291
834.282
897.684
793.09
995.428
1137.38
821.669
1008.86
882.265
882.109
882.109
882.109
882.109
882.109
882.109
882.109
882.109
882.109
882.109
883.221
883.047
882.921
882.837
882.759
882.694
882.667
882.734
882.827
883.053
883.19
883.182
883.01
882.864
883.012
883.104
883.16
883.316
883.048
882.539
883.003
888.224
920.124
1091.71
882.108
882.109
882.109
882.109
882.109
882.109
882.109
882.109
882.109
882.109
882.109
882.877
882.797
882.724
882.672
882.696
882.756
882.941
883.132
883.195
883.127
882.852
882.937
883.059
883.124
883.282
883.235
882.742
882.625
884.219
899.005
969.436
882.623
882.17
882.584
885.86
884.981
828.152
1031.61
781.93
829.022
851.722
922.822
1041.64
1837.14
3227.12
6131.85
9048.99
6090.2
7442.13
882.109
882.976
883.134
948.988
883.411
890.604
883.311
923.913
17031.4
890.4
882.256
885.43
887.709
884.191
882.127
882.527
882.363
882.112
882.109
882.192
882.713
16131.4
920.002
882.16
882.198
882.141
2997.76
882.113
882.115
882.113
882.148
902.066
912.223
895.625
2310.6
882.109
3988.58
2238.33
3353.74
4856.44
4150.18
1271.11
3113.64
3495.74
2621.38
918.899
1668.49
1761.34
1378.66
868.578
1030.12
1101.23
952.668
858.909
907.116
884.014
847.75
865.706
856.668
863.883
933.475
893.799
878.545
882.094
868.759
891.922
895.396
885.226
893.468
916.314
900.206
847.235
864.431
925.49
926.874
882.107
882.109
882.109
882.109
882.109
882.109
882.109
882.109
882.109
882.109
882.109
882.116
882.113
882.109
882.119
882.131
882.109
882.109
882.109
882.109
882.124
882.114
946.414
932.324
882.12
882.117
882.116
882.112
882.114
882.113
882.113
882.115
882.116
882.117
882.119
882.12
882.121
882.119
882.119
882.118
882.121
882.122
882.122
882.117
882.162
883.529
898.264
956.188
881.914
882.064
950.304
18014.3
956.201
3060.88
4669.26
5710.43
5061.76
4120.3
3350.05
3442.21
4068.87
3541.15
4182.88
3369.07
5511.23
4189.13
882.125
882.114
939.407
882.109
933.321
882.132
950.738
882.109
882.109
1620.1
1163.34
952.788
940.761
937.393
4718.03
882.109
882.109
882.109
859.875
882.844
882.12
1762.55
915.367
915.843
920.24
882.109
882.109
882.109
892.518
1610.89
882.112
882.109
913.288
3564.38
859.237
907.515
850.758
884.08
882.109
882.109
882.109
882.109
882.109
882.109
882.109
882.122
882.132
882.146
951.955
882.109
935.996
882.115
882.114
882.114
882.113
882.114
882.115
882.116
882.118
882.12
882.12
882.12
882.119
882.118
882.12
882.121
882.123
882.119
882.121
882.405
887.537
940.38
881.29
4668.32
5463.5
6328.2
5626.6
3204.15
949.044
934.926
5792.28
3817.59
3297.63
3505.25
882.13
884.975
882.233
882.115
882.115
882.118
882.116
882.114
882.114
882.115
882.116
882.116
882.115
882.114
882.113
882.113
882.112
882.111
882.109
882.109
882.77
882.114
882.109
882.117
882.117
891.858
882.116
882.113
882.115
882.116
882.116
882.116
882.115
882.113
882.113
882.109
882.109
882.109
882.109
881.919
882.109
882.109
882.109
882.109
882.118
882.112
882.111
882.111
882.111
882.112
882.111
882.109
882.109
882.109
882.109
882.109
882.295
3855.24
922.619
863.78
845.641
882.112
882.109
882.109
3474.64
882.109
882.503
882.109
882.109
882.117
845.472
4609.25
816.509
882.65
882.439
3480.27
3296.72
3399.27
891.732
872.72
939.462
885.947
874.269
882.109
882.109
882.109
882.109
882.109
882.109
875.202
919.67
882.109
882.726
862.85
876.328
882.109
882.109
882.109
919.066
905.399
910.145
882.109
882.109
1070.17
5374.91
888.774
883.222
902.429
882.109
882.109
882.129
948.735
882.109
882.109
882.109
882.109
882.109
882.109
882.109
882.109
882.109
882.109
882.109
882.109
882.109
882.109
882.109
882.109
882.109
882.109
882.109
882.109
882.109
882.11
882.108
882.067
891.024
897.566
882.107
882.109
882.109
882.109
882.109
884.775
883.42
887.216
882.111
882.109
882.11
882.221
882.378
882.098
882.1
882.11
882.109
882.109
882.109
1634.57
4149.63
3965.28
5483.66
882.109
882.109
921.916
907.748
872.473
835.332
3460.41
3492.11
882.125
882.153
3816.51
3836.25
882.109
882.109
966.588
905.907
903.226
932.051
882.109
938.996
897.641
922.276
924.105
911.976
926.001
913.88
882.109
3502.46
1002.11
886.458
892.922
899.892
889.335
882.115
891.934
882.132
882.123
882.173
882.22
882.149
882.109
853.438
882.114
3316.15
3139.61
864.952
860.769
883.675
884.874
883.061
882.135
882.177
897.338
4470.88
4091.47
889.921
1131.54
1589.88
1247.91
890.484
875.723
991.594
1009.17
925.216
5381.6
882.109
3848.28
908.14
885.162
882.109
925.538
913.173
882.109
882.109
881.701
882.111
882.112
842.588
882.109
882.109
882.109
5522.9
882.109
882.109
882.114
882.109
882.109
882.109
882.109
882.109
882.114
876.215
859.508
882.109
882.109
882.109
882.109
882.109
882.109
882.109
882.109
882.109
882.11
882.109
882.097
3954.6
882.058
882.107
882.109
882.109
882.109
882.109
1908.36
3990.94
882.072
882.102
882.109
882.109
882.109
882.109
882.109
882.109
882.109
882.032
882.108
882.11
882.109
882.109
882.109
882.109
882.109
882.109
882.109
882.109
882.109
882.08
882.09
882.109
882.109
882.109
880.04
875.079
882.109
876.325
882.109
896.667
895.7
882.109
2481.65
882.093
883.247
886.368
882.11
882.076
882.317
1177.59
882.109
882.109
1846.98
864.759
882.109
895.331
882.433
882.067
3585.54
882.109
882.112
3439.29
882.109
882.111
882.109
882.109
886.149
882.109
882.109
882.109
882.109
882.109
1157.64
882.113
882.11
882.11
882.109
882.109
882.109
882.109
882.109
3461.48
3354.93
891.821
882.109
882.109
882.109
882.109
881.74
882.152
882.109
2668.71
882.109
882.109
882.109
882.109
882.109
882.106
882.101
882.097
3388.76
882.066
882.109
882.109
882.11
882.11
882.327
882.102
882.067
882.109
882.109
903.138
882.109
882.109
870.199
3360.7
882.109
882.109
882.109
882.109
3048.13
882.63
867.291
899.013
3240.4
882.142
882.195
902.108
882.109
882.109
878.726
897.498
857.072
869.226
882.109
882.109
882.109
882.109
2725.57
1447.3
2377.08
882.106
882.107
881.523
881.701
2843.85
1751.08
888.997
888.996
903.892
882.109
882.109
882.109
3153.91
887.209
882.172
2498.24
895.174
903.004
890.711
873.065
3356.18
882.109
3143.55
882.11
882.109
1248.51
882.054
882.09
873.662
882.733
882.474
874.357
882.109
882.23
883.964
885.337
883.247
882.177
882.109
882.283
881.989
882.109
882.121
882.115
882.109
866.336
887.28
882.108
882.109
882.109
3679.67
882.109
882.109
3015.33
1017.7
978.813
872.617
882.109
882.109
868.121
901.413
881.555
883.095
882.264
884.515
882.109
882.109
882.109
882.109
919.586
895.635
882.109
882.109
882.109
882.109
882.109
882.109
882.109
882.098
882.109
882.109
882.108
882.107
882.109
882.103
882.109
882.058
882.131
882.109
882.109
882.109
882.611
883.231
882.071
3367.84
882.118
882.114
882.109
882.111
882.111
893.831
882.109
882.109
882.109
882.109
882.109
895.476
882.109
882.105
881.789
896.317
882.109
882.109
881.309
882.109
880.975
881.289
1763.66
881.936
882.109
882.109
2727.98
2853.67
1865.87
882.133
882.149
882.124
887.833
882.109
881.918
1211.5
882.109
882.109
881.038
880.88
882.109
880.96
882.113
882.109
882.174
882.08
882.109
3550.25
890.021
877.01
2916.37
1882.34
3447.56
2370.77
882.109
882.112
882.109
890.178
882.313
882.078
884.019
882.121
889.792
877.737
882.109
882.109
882.109
876.183
879.923
882.104
3009.87
3120.64
3294.94
2666.66
879.543
886.861
882.109
882.109
882.109
882.109
882.109
882.109
882.109
879.118
882.109
882.109
882.109
882.365
881.6
882.018
881.706
881.95
882.005
882.109
882.068
3179.4
2965.67
3273.97
882.11
882.112
882.109
882.109
882.109
881.681
880.491
881.846
2778.93
2786.88
882.109
882.109
883.256
876.489
882.11
882.113
886.282
882.109
882.109
882.109
882.109
882.109
882.109
882.132
882.128
882.109
882.11
882.109
882.109
882.115
882.122
890.213
879.279
882.112
885.179
877.053
882.109
882.109
882.109
882.109
882.952
882.756
881.982
883.733
882.109
882.109
884.346
882.109
1298.43
884.781
1561.45
1621.37
874.871
879.272
887.28
880.447
886.709
882.094
882.109
882.109
881.708
881.673
882.109
1268.95
882.109
886.209
882.13
881.605
879.788
882.109
882.036
882.317
882.225
882.109
882.272
883.996
891.092
887.061
887.521
1037.39
884.411
882.145
882.109
885.648
882.107
893.807
882.109
881.198
882.109
882.109
882.107
882.109
882.109
882.125
881.891
891.639
882.109
882.109
882.109
882.109
882.109
882.109
882.109
882.109
882.111
882.109
882.109
882.109
882.109
882.13
882.108
882.143
882.2
885.044
882.109
882.117
924.702
882.113
882.128
882.151
1000.87
884.419
1189.9
882.109
883.32
883.977
882.109
882.693
882.341
883.362
882.109
885.351
882.109
882.109
882.112
882.111
972.734
996.091
887.855
882.109
882.771
883.263
882.492
882.109
881.262
886.867
882.109
882.648
882.109
963.377
882.109
882.109
884.813
882.109
882.109
882.116
879.838
882.109
902.36
879.564
883.333
876.88
887.671
882.113
882.115
882.015
882.138
882.109
883.715
884.368
1312.68
882.095
882.06
882.107
882.109
878.09
882.109
887.085
882.109
884.334
882.15
882.127
882.109
882.131
882.109
878.999
882.109
882.109
882.109
882.109
883.128
880.984
878.713
882.109
881.515
881.292
881.828
882.155
878.988
882.12
877.96
882.109
880.688
880.992
882.109
882.109
882.114
880.063
881.694
882.113
882.12
884.259
882.109
882.109
2405.62
882.109
882.109
882.109
882.166
882.109
882.109
879.2
876.742
882.109
883.752
882.109
882.669
882.11
888.953
873.965
885.424
882.114
882.109
1012.92
871.408
1469.81
1466.83
882.416
882.118
880.395
883.279
883.336
882.168
882.14
883.649
882.11
883.424
882.19
887.237
900.345
913.425
902.122
882.111
3207.46
882.197
2300.51
2337.06
1436.32
1096.17
882.313
2957.01
882.169
882.46
882.263
882.677
882.307
882.218
882.672
882.634
882.11
882.443
2850.26
2793.12
882.12
882.125
882.928
882.609
882.112
882.109
966.073
880.334
882.116
882.109
882.157
882.128
882.244
882.109
882.63
2405.02
882.114
986.596
2076.34
882.111
2136.06
882.112
1340.19
1313.42
882.418
878.877
882.109
882.128
882.119
2096.75
1078.6
882.106
884.199
882.112
890.31
897.654
882.144
890.006
883.265
886.285
882.111
881.983
901.836
882.111
882.168
880.601
882.254
882.212
882.346
882.254
881.886
882.112
882.111
882.111
894.938
885.028
885.154
882.113
882.113
1298.42
1403.95
884.982
1009.17
886.045
1237.34
882.189
882.279
882.15
882.8
895.091
884.942
881.534
882.112
988.502
949.041
971.129
901.349
884.123
882.172
881.835
882.072
882.117
882.113
882.123
882.111
881.605
882.139
881.907
883.829
881.673
882.113
882.362
882.12
891.944
899.405
1039.24
886.986
882.028
881.858
882.085
883.938
882.111
882.223
882.112
882.111
882.115
882.087
882.111
882.112
882.122
882.13
887.06
882.112
882.115
883.263
882.14
882.12
882.166
882.223
882.15
895.145
895.122
882.441
881.889
884.202
963.816
882.176
884.829
882.036
882.115
882.119
882.126
882.112
882.135
882.346
882.188
883.585
882.237
884.135
885.553
904.9
882.273
883.629
895.358
886.707
900.376
882.84
954.432
882.183
882.111
882.307
882.112
882.548
882.211
882.53
886.188
)
;

boundaryField
{
    bullet
    {
        type            kqRWallFunction;
        value           nonuniform List<scalar> 
30
(
8746.69
10634.3
12527
10171.4
8063.76
5975.35
4428.15
3387.88
3518.42
3602.5
2444.49
2020.16
2217.15
4331.05
5813.14
3981.57
2957.61
2489.48
2141.64
2308.96
2700.3
3683.89
4027.86
4450.6
5487.96
6828.81
8217.58
9426.9
8639.01
8909.93
)
;
    }
    topWall
    {
        type            inletOutlet;
        inletValue      uniform 1000;
        value           nonuniform List<scalar> 
50
(
963.937
934.721
917.117
908.98
906.33
902.882
897.775
895.11
906.89
979.166
970.419
961.155
950.253
931.488
924.048
923.684
924.24
923.405
918.37
911.966
907.987
924.987
943.26
957.651
977.606
1000
1000
1000
1000
925.834
923.588
1000
1000
1000
1000
1000
1000
1000
1000
1000
1000
1000
1000
1000
1000
1000
1000
1000
1000
1000
)
;
    }
    bottomWall
    {
        type            inletOutlet;
        inletValue      uniform 1000;
        value           nonuniform List<scalar> 
50
(
1000
1000
1000
1000
954.476
1000
1000
1000
1000
1000
1000
1000
1000
1000
1000
1000
1000
1000
1000
1000
1000
1000
1000
1000
1000
963.964
935.504
924.136
928.321
946.657
943.309
943.772
956.228
982.746
1000
1000
973.188
942.651
936.361
935.015
927.32
931.25
938.486
943.131
945.829
947.327
948.243
953.541
978.1
1000
)
;
    }
    inlet
    {
        type            fixedValue;
        value           uniform 1000;
    }
    outlet
    {
        type            inletOutlet;
        inletValue      uniform 1000;
        value           nonuniform List<scalar> 
30
(
882.109
882.109
882.109
882.109
882.109
882.109
882.109
882.11
882.118
883.538
991.252
976.847
965.309
956.45
950.114
991.275
976.913
965.413
956.584
950.266
883.328
882.234
882.11
882.109
882.109
882.109
882.109
882.109
882.109
882.109
)
;
    }
    defaultFaces
    {
        type            empty;
    }
}


// ************************************************************************* //
