/*--------------------------------*- C++ -*----------------------------------*\
  =========                 |
  \\      /  F ield         | OpenFOAM: The Open Source CFD Toolbox
   \\    /   O peration     | Website:  https://openfoam.org
    \\  /    A nd           | Version:  6
     \\/     M anipulation  |
\*---------------------------------------------------------------------------*/
FoamFile
{
    version     2.0;
    format      ascii;
    class       volScalarField;
    location    "0.0005";
    object      nut;
}
// * * * * * * * * * * * * * * * * * * * * * * * * * * * * * * * * * * * * * //

dimensions      [0 2 -1 0 0 0 0];

internalField   nonuniform List<scalar> 
3704
(
0.337186
0.336504
0.336677
0.337382
0.337936
0.338292
0.33751
0.33794
0.338884
0.339131
0.339133
0.338309
0.337845
0.337754
0.337726
0.337454
0.337602
0.337853
0.338043
0.338171
0.338256
0.338258
0.338264
0.338584
0.339157
0.339156
0.339206
0.339539
0.338923
0.338146
0.339225
0.339138
0.339158
0.339183
0.339193
0.339194
0.339189
0.339183
0.339176
0.339166
0.339156
0.339143
0.339129
0.339113
0.339096
0.339078
0.339064
0.339054
0.339034
0.339047
0.337192
0.336507
0.336683
0.337472
0.33871
0.338684
0.338145
0.339122
0.340309
0.34036
0.340315
0.339555
0.338158
0.337909
0.337887
0.337541
0.337715
0.338021
0.338258
0.338456
0.338625
0.338719
0.338897
0.340071
0.340456
0.340438
0.340506
0.340753
0.33901
0.33885
0.34043
0.340442
0.340527
0.340595
0.340616
0.340606
0.340582
0.340556
0.340527
0.340495
0.340459
0.340418
0.340372
0.340322
0.340268
0.340213
0.340168
0.340139
0.340077
0.340116
0.337202
0.336511
0.336687
0.337577
0.339166
0.3388
0.339042
0.340227
0.341181
0.34115
0.341003
0.340451
0.338479
0.338128
0.338126
0.337668
0.337881
0.338273
0.338583
0.33889
0.33919
0.339424
0.339847
0.341253
0.341407
0.341286
0.341193
0.340849
0.339601
0.339783
0.341172
0.34127
0.341535
0.341691
0.341726
0.341699
0.34165
0.341599
0.341546
0.341489
0.341427
0.341358
0.341281
0.341198
0.341109
0.34102
0.340948
0.340901
0.340799
0.340868
0.337216
0.336514
0.336677
0.337622
0.339008
0.338879
0.339781
0.340685
0.341461
0.341449
0.341214
0.340609
0.338631
0.338287
0.338315
0.337754
0.338004
0.338473
0.33885
0.339258
0.339679
0.340042
0.34066
0.341867
0.341904
0.341636
0.341306
0.340617
0.340091
0.340449
0.341415
0.34152
0.342046
0.342327
0.342383
0.342341
0.34227
0.342198
0.342125
0.342048
0.341966
0.341875
0.341775
0.341667
0.341552
0.341437
0.341346
0.341288
0.341152
0.341258
0.33723
0.336512
0.336642
0.337571
0.338638
0.338841
0.340049
0.340609
0.341321
0.341338
0.341068
0.340359
0.33858
0.338281
0.33833
0.337727
0.33799
0.338491
0.338896
0.339352
0.339832
0.34026
0.34096
0.341941
0.341917
0.341551
0.341071
0.340346
0.340226
0.340612
0.341266
0.341347
0.34205
0.342414
0.342485
0.342435
0.342352
0.34227
0.342187
0.3421
0.342009
0.341908
0.341798
0.341679
0.341551
0.341423
0.341325
0.341267
0.341106
0.341258
0.0137768
0.0120729
0.011115
0.0104377
0.0108854
0.0118406
0.0135699
0.01426
0.0150067
0.0166757
0.0185677
0.0203557
0.02177
0.0208475
0.0182139
0.0347135
0.0201769
0.0315377
0.0172981
0.0163176
0.0174927
0.0258694
0.0455997
0.0590045
0.0678352
0.0889215
0.113057
0.139941
0.140753
0.163282
0.0421869
0.0265644
0.0365152
0.0251054
0.024563
0.0253369
0.0348874
0.0676231
0.0865915
0.0993259
0.126817
0.147805
0.175771
0.234266
0.29696
0.0445099
0.0355208
0.042866
0.0328954
0.0336473
0.0353049
0.0459715
0.0785547
0.0955794
0.113397
0.132244
0.151568
0.179005
0.328412
0.390433
0.0552426
0.046092
0.0545342
0.0408454
0.0426395
0.0458217
0.0582835
0.0857447
0.101298
0.116984
0.127581
0.146609
0.172059
0.400871
0.455642
0.0180078
0.0233631
0.0252745
0.0227783
0.0203
0.0173399
0.0148824
0.0129726
0.013363
0.0134587
0.0110478
0.0100761
0.0105905
0.0150213
0.0168589
0.155704
0.178737
0.161096
0.131406
0.0941442
0.0658947
0.0482913
0.0438838
0.0364819
0.0224248
0.0142517
0.0138619
0.0120153
0.0222069
0.0474799
0.294032
0.301647
0.22096
0.183164
0.147494
0.0986393
0.0748096
0.0726812
0.0511489
0.028612
0.018876
0.0222594
0.0159475
0.0308013
0.0556811
0.394159
0.363399
0.232835
0.194394
0.162021
0.121671
0.0921972
0.0881883
0.0591644
0.0337671
0.0250195
0.0291398
0.0228804
0.0340507
0.0522694
0.463091
0.385221
0.232228
0.191702
0.158707
0.132884
0.105525
0.0965352
0.0644269
0.037625
0.0304828
0.033914
0.0295308
0.0365012
0.062858
0.339044
0.339031
0.339046
0.339052
0.339065
0.339083
0.339101
0.339117
0.339132
0.339147
0.339161
0.339174
0.339186
0.339197
0.339204
0.339207
0.339204
0.339209
0.339328
0.337553
0.337702
0.340576
0.339351
0.339147
0.339071
0.338325
0.337853
0.337664
0.337164
0.336695
0.336943
0.337295
0.337519
0.337509
0.337424
0.337357
0.337434
0.337866
0.33804
0.338208
0.338745
0.336655
0.336084
0.336201
0.336479
0.336491
0.336251
0.336165
0.336375
0.337179
0.340106
0.340068
0.340114
0.340131
0.340173
0.340228
0.340282
0.340333
0.340382
0.340428
0.340474
0.340519
0.340562
0.3406
0.340631
0.34065
0.340651
0.340633
0.340526
0.337685
0.337801
0.340284
0.340611
0.340325
0.34019
0.339732
0.338638
0.338129
0.337371
0.336693
0.336956
0.337335
0.337581
0.337567
0.337474
0.337426
0.337626
0.33834
0.33875
0.339298
0.340148
0.336716
0.336077
0.336193
0.33647
0.336481
0.336242
0.336159
0.336375
0.337185
0.340852
0.340786
0.340861
0.340888
0.340956
0.341045
0.341133
0.341216
0.341297
0.341374
0.341452
0.341529
0.341604
0.341673
0.341732
0.341774
0.341782
0.341705
0.341227
0.337879
0.337853
0.338989
0.340622
0.340808
0.340909
0.34078
0.339711
0.338833
0.337686
0.336681
0.336968
0.337386
0.337668
0.337648
0.33754
0.337521
0.33791
0.339045
0.339734
0.340496
0.340753
0.336804
0.336062
0.336176
0.336449
0.336457
0.336222
0.336148
0.336374
0.337195
0.341238
0.341138
0.341239
0.341269
0.341354
0.341469
0.341584
0.341692
0.341796
0.341897
0.341998
0.342099
0.3422
0.342294
0.342377
0.34244
0.342453
0.342307
0.341503
0.338029
0.337878
0.338304
0.339911
0.340667
0.341163
0.341242
0.340529
0.339443
0.337956
0.336649
0.336955
0.337406
0.337719
0.337692
0.337572
0.337578
0.338138
0.33964
0.340503
0.341221
0.340883
0.336867
0.336035
0.336145
0.33641
0.336417
0.33619
0.33613
0.336371
0.337209
0.341238
0.341095
0.341216
0.34124
0.341332
0.341461
0.341588
0.341708
0.341822
0.341933
0.342045
0.342157
0.342269
0.342376
0.34247
0.342544
0.34256
0.342374
0.341412
0.338034
0.337818
0.337992
0.339234
0.340276
0.341038
0.341229
0.340787
0.339668
0.338032
0.336587
0.336896
0.337353
0.337674
0.337643
0.337518
0.337538
0.338178
0.33984
0.340746
0.341347
0.340722
0.336852
0.335992
0.336096
0.336351
0.336356
0.336144
0.336103
0.336365
0.337222
0.337708
0.33781
0.337792
0.337815
0.337786
0.337682
0.33638
0.335462
0.335366
0.335304
0.3354
0.33544
0.335404
0.335361
0.335402
0.335397
0.335344
0.33531
0.335329
0.33535
0.335317
0.335237
0.335287
0.335305
0.335321
0.335331
0.335344
0.33537
0.335412
0.33543
0.335299
0.33502
0.334982
0.334982
0.334982
0.334982
0.334982
0.334982
0.334982
0.334982
0.334982
0.334982
0.334982
0.334982
0.334982
0.335363
0.409108
0.314854
0.315873
0.361676
0.296275
0.340968
0.293371
0.1677
0.107252
0.112996
0.111492
0.070765
0.106361
0.103587
0.085888
0.335182
0.0756382
0.0656021
0.0703442
0.0716853
0.0862231
0.103971
0.111368
0.112448
0.11442
0.134232
0.160823
0.486951
0.62818
0.555605
0.329505
0.334994
0.334983
0.334984
0.33499
0.335034
0.335273
0.336415
0.336923
0.335145
0.334982
0.61555
0.337284
0.337774
0.337265
0.337806
0.337294
0.337316
0.337809
0.337808
0.335682
0.335397
0.335342
0.335341
0.335441
0.33542
0.335393
0.335377
0.335409
0.335373
0.335322
0.335312
0.335344
0.335347
0.335285
0.335264
0.335296
0.335314
0.335325
0.335337
0.335355
0.33539
0.335428
0.335238
0.335497
0.334983
0.334982
0.334982
0.335294
0.334982
0.334982
0.334982
0.416866
0.334982
0.334982
0.334982
0.334982
0.334982
0.334982
0.334982
0.334982
0.334983
0.336726
0.364651
0.316888
0.326989
0.306968
0.333971
0.336227
0.236784
0.128
0.0991051
0.0952345
0.0761739
0.113972
0.071412
0.0624399
0.047321
0.0733123
0.0724373
0.0846222
0.103209
0.109154
0.111235
0.110183
0.112394
0.133514
0.165662
0.0851322
0.335161
0.334983
0.334982
0.334983
0.334983
0.334985
0.335003
0.335107
0.335634
0.336948
0.337292
0.337318
0.337294
0.335341
0.335263
0.335216
0.335294
0.335323
0.335298
0.335272
0.335296
0.335268
0.335212
0.335183
0.335214
0.335225
0.335201
0.335148
0.335169
0.335179
0.335188
0.335196
0.335211
0.33524
0.335279
0.335307
0.334982
0.334982
0.334982
0.334982
0.334982
0.334982
0.334982
0.334982
0.334982
0.334982
0.334982
0.335171
0.390441
0.314098
0.316773
0.333532
0.324339
0.336354
0.27321
0.151755
0.0956859
0.105959
0.0868158
0.0470442
0.335535
0.183016
0.334901
0.334983
0.334983
0.334984
0.334995
0.335064
0.335418
0.335322
0.335311
0.335289
0.335285
0.33529
0.335241
0.335191
0.335195
0.335222
0.335221
0.335182
0.335163
0.335172
0.335185
0.335192
0.335202
0.335223
0.33526
0.335288
0.334982
0.334982
0.334982
0.334982
0.334982
0.334982
0.334982
0.334997
0.345505
0.338755
0.314543
0.397063
0.304352
0.334165
0.313974
0.21285
0.120414
0.0817353
0.129615
0.057818
0.0934467
0.335467
0.335252
0.33592
0.334984
0.334982
0.334982
0.334982
0.335962
0.335175
0.335016
0.334995
0.27424
0.334987
0.336731
0.33669
0.336867
0.336813
0.335119
0.334985
0.335227
0.334988
0.334997
0.334982
0.334987
0.334985
0.334982
0.334988
0.334988
0.334987
0.334987
0.334986
0.334985
0.334984
0.334985
0.334985
0.334985
0.334985
0.334985
0.334985
0.334985
0.334984
0.334985
0.334987
0.334987
0.334982
0.334982
0.334982
0.334988
0.334989
0.334986
0.334982
0.334982
0.334982
0.334982
0.334982
0.335027
0.335059
0.335005
0.146252
0.335935
0.334982
0.334982
0.334982
0.334982
0.334982
0.334982
0.334982
0.334982
0.334982
0.334983
0.335019
0.340472
0.349092
0.34108
0.3315
0.329227
0.32935
0.273921
0.100627
0.0935085
0.0924987
0.0723101
0.0415774
0.0402979
0.335356
0.335209
0.0897336
0.0628649
0.140208
0.0889623
0.0791513
0.092293
0.334982
0.335193
0.334987
0.334984
0.334983
0.325136
0.334493
0.334984
0.334985
0.334983
0.334983
0.335057
0.335004
0.334992
0.335395
0.335013
0.335031
0.334988
0.334986
0.335159
0.335256
0.336898
0.0988467
0.122038
0.149313
0.165001
0.182917
0.11257
0.0740638
0.124688
0.0667002
0.117644
0.334982
0.334982
0.336774
0.336372
0.336288
0.334982
0.334982
0.336364
0.334994
0.334982
0.0408223
0.0386973
0.0554212
0.336381
0.334984
0.334985
0.3368
0.336385
0.12891
0.334982
0.334984
0.334986
0.334986
0.334988
0.334982
0.334982
0.335098
0.335919
0.334988
0.334987
0.334987
0.334987
0.334984
0.334983
0.334985
0.334985
0.334985
0.334985
0.334985
0.334985
0.334985
0.334985
0.334985
0.334986
0.334988
0.334986
0.334998
0.0415247
0.334986
0.334982
0.334982
0.334982
0.334982
0.334982
0.334986
0.334982
0.334986
0.335619
0.334982
0.334982
0.334982
0.334982
0.334982
0.334982
0.334982
0.334982
0.334992
0.335686
0.344388
0.34932
0.323656
0.327626
0.331111
0.328945
0.31799
0.177144
0.0872197
0.0999599
0.0811712
0.0540982
0.334984
0.334984
0.0975596
0.336683
0.335581
0.335123
0.334982
0.334986
0.336772
0.336322
0.336361
0.334983
0.334983
0.334983
0.334995
0.336263
0.335002
0.143547
0.117818
0.162663
0.222602
0.217385
0.0704967
0.0791556
0.334984
0.104035
0.0878049
0.139875
0.334986
0.0882215
0.33499
0.334982
0.0650408
0.0921944
0.0924321
0.238604
0.324702
0.325965
0.337686
0.325246
0.346571
0.341779
0.33504
0.334984
0.334983
0.334982
0.334982
0.334985
0.334985
0.334984
0.334983
0.334984
0.334984
0.334984
0.334984
0.334984
0.334984
0.334984
0.334984
0.334983
0.334984
0.334983
0.334984
0.334985
0.334987
0.334985
0.334986
0.334985
0.334984
0.334983
0.331867
0.326162
0.350771
0.348445
0.335335
0.33499
0.334982
0.334982
0.334982
0.334982
0.303146
0.0517435
0.334982
0.334982
0.334982
0.334982
0.334982
0.335
0.335524
0.335875
0.334982
0.334983
0.334993
0.334997
0.334982
0.334982
0.334982
0.338424
0.334982
0.334982
0.334982
0.334982
0.334982
0.334982
0.334982
0.334982
0.334982
0.106906
0.334982
0.334982
0.334982
0.334982
0.334982
0.334982
0.334982
0.334982
0.334982
0.334982
0.269199
0.334982
0.0923916
0.334982
0.334982
0.0592711
0.334982
0.334983
0.334982
0.334982
0.334982
0.334982
0.334982
0.334982
0.334982
0.334982
0.334982
0.334982
0.334982
0.334982
0.334982
0.334982
0.334982
0.334982
0.334982
0.334982
0.334982
0.326403
0.334982
0.334982
0.334982
0.334982
0.334982
0.334982
0.334982
0.334925
0.336085
0.338017
0.337547
0.329885
0.329636
0.332449
0.0584989
0.31927
0.316951
0.334982
0.334982
0.277947
0.196728
0.0926309
0.334982
0.334982
0.33519
0.334982
0.334982
0.335076
0.0544337
0.334982
0.334982
0.33553
0.335907
0.33533
0.335846
0.334985
0.151072
0.334983
0.334984
0.334983
0.334983
0.334982
0.334982
0.334982
0.334982
0.33521
0.33513
0.335342
0.224648
0.140841
0.333952
0.334998
0.250709
0.119464
0.249638
0.334988
0.334986
0.334992
0.334956
0.332791
0.334982
0.334982
0.334982
0.334982
0.334982
0.334982
0.238398
0.309196
0.370835
0.2475
0.335021
0.335007
0.335043
0.33499
0.334983
0.334982
0.334977
0.0877906
0.090094
0.0877258
0.334982
0.334982
0.0637769
0.0611045
0.335987
0.278042
0.334982
0.334982
0.335931
0.295104
0.334982
0.334982
0.335996
0.335708
0.335678
0.334982
0.334982
0.334982
0.334982
0.334983
0.334982
0.334983
0.334982
0.336218
0.334995
0.334988
0.118029
0.334982
0.334982
0.334982
0.310669
0.331817
0.334986
0.334982
0.334982
0.334982
0.334982
0.334982
0.334982
0.334982
0.334982
0.334982
0.334982
0.334982
0.334982
0.334276
0.334149
0.334982
0.335525
0.334982
0.333874
0.330312
0.337263
0.33573
0.0590688
0.334982
0.253358
0.106059
0.123032
0.334982
0.0765036
0.335102
0.33505
0.0671552
0.0996564
0.105238
0.334983
0.334984
0.334983
0.0769837
0.0685747
0.09251
0.152856
0.33508
0.33515
0.269548
0.334982
0.181834
0.273374
0.193399
0.334983
0.335
0.334991
0.334982
0.334982
0.334982
0.164609
0.337417
0.332068
0.334026
0.0874914
0.334982
0.334983
0.334982
0.334982
0.334982
0.334982
0.334982
0.334979
0.334456
0.334949
0.33493
0.334982
0.334982
0.334982
0.334982
0.334982
0.334758
0.335051
0.334982
0.335629
0.334983
0.334983
0.334982
0.334982
0.334982
0.334982
0.334982
0.334983
0.334983
0.334898
0.334982
0.334982
0.330741
0.334995
0.334986
0.335031
0.33502
0.334982
0.334982
0.334982
0.334982
0.334982
0.334982
0.334982
0.0843315
0.334982
0.319523
0.325614
0.334982
0.220162
0.334982
0.334982
0.334937
0.335005
0.334982
0.334982
0.334988
0.334984
0.334982
0.334982
0.331216
0.334982
0.147939
0.334982
0.334982
0.290727
0.312784
0.267209
0.334982
0.334982
0.334982
0.334982
0.334982
0.334982
0.0690142
0.334981
0.334955
0.334982
0.334982
0.334982
0.334982
0.334982
0.334451
0.339294
0.34846
0.342932
0.336783
0.334982
0.321875
0.334097
0.205235
0.334698
0.33467
0.334982
0.334982
0.335962
0.335665
0.335689
0.334982
0.334982
0.334983
0.334982
0.334982
0.334982
0.334982
0.334982
0.334982
0.334982
0.334982
0.252446
0.334815
0.334856
0.334982
0.334982
0.334982
0.334982
0.334982
0.334982
0.334982
0.334982
0.0657273
0.327585
0.33728
0.339231
0.331049
0.335169
0.335026
0.334982
0.334982
0.334968
0.334919
0.334982
0.334982
0.0649789
0.334982
0.335091
0.334983
0.335044
0.0773715
0.334982
0.330529
0.334982
0.334982
0.334982
0.334982
0.104205
0.334982
0.328198
0.336539
0.334984
0.334899
0.334982
0.334982
0.331607
0.33902
0.334982
0.334679
0.335465
0.0696081
0.334982
0.334982
0.204326
0.334982
0.334999
0.335566
0.334982
0.334982
0.334982
0.334982
0.338068
0.137478
0.0767755
0.33498
0.334982
0.334982
0.334404
0.334546
0.334982
0.335025
0.336843
0.335679
0.351048
0.259346
0.29513
0.334982
0.146004
0.320189
0.335018
0.335098
0.334982
0.115995
0.334982
0.334982
0.335445
0.335302
0.334983
0.334983
0.334982
0.334982
0.334982
0.334981
0.335254
0.335156
0.33541
0.335025
0.335008
0.33505
0.334982
0.221753
0.334982
0.334982
0.334982
0.33499
0.334985
0.200329
0.0890876
0.100087
0.0892819
0.334989
0.334992
0.336792
0.334982
0.334982
0.334982
0.334983
0.194372
0.334982
0.336968
0.334971
0.131029
0.334984
0.334985
0.335432
0.335279
0.33529
0.334983
0.335166
0.334982
0.33216
0.334982
0.334983
0.334999
0.334983
0.287694
0.335926
0.335378
0.335227
0.335187
0.334963
0.334881
0.334137
0.334982
0.334977
0.334978
0.077574
0.334981
0.334981
0.334982
0.0799783
0.334982
0.334983
0.334982
0.334982
0.334982
0.334982
0.334887
0.336616
0.331896
0.334982
0.257631
0.334982
0.148324
0.331461
0.33498
0.33439
0.334599
0.334622
0.334982
0.334982
0.335377
0.335022
0.334982
0.334982
0.334982
0.334982
0.334982
0.175998
0.0914039
0.088678
0.0943363
0.334982
0.334982
0.334982
0.334983
0.334982
0.334982
0.335023
0.334982
0.334982
0.334982
0.199287
0.335933
0.3355
0.334982
0.336499
0.334724
0.334725
0.33496
0.334917
0.211113
0.334982
0.334982
0.334982
0.334982
0.334983
0.334983
0.335549
0.334904
0.334982
0.334976
0.33498
0.334982
0.334982
0.334982
0.334982
0.334982
0.334982
0.334982
0.334982
0.335288
0.334503
0.334558
0.334869
0.332881
0.335016
0.335046
0.334999
0.334979
0.334967
0.334982
0.334982
0.334982
0.334982
0.334982
0.334982
0.334982
0.334982
0.217129
0.335176
0.334982
0.334982
0.334985
0.334982
0.334982
0.334982
0.334982
0.334982
0.334982
0.334982
0.334982
0.334982
0.334982
0.335017
0.334933
0.334995
0.334982
0.334982
0.340657
0.335631
0.334986
0.335025
0.334982
0.335478
0.338314
0.334997
0.335007
0.335811
0.334983
0.334924
0.33508
0.335015
0.334859
0.334982
0.332504
0.340199
0.0895356
0.334983
0.335324
0.334982
0.334982
0.334982
0.334982
0.334982
0.331135
0.332633
0.334982
0.236129
0.334982
0.330979
0.334982
0.091042
0.334982
0.305084
0.293266
0.343708
0.232141
0.334983
0.334983
0.334982
0.334982
0.214562
0.185155
0.337921
0.33354
0.334982
0.164595
0.123535
0.334982
0.109947
0.334982
0.334982
0.334982
0.33498
0.334982
0.334982
0.33498
0.328687
0.319806
0.0947019
0.335203
0.0919333
0.334982
0.334982
0.334986
0.334984
0.335101
0.335053
0.33517
0.335117
0.335176
0.335059
0.112925
0.129754
0.334982
0.334982
0.334982
0.334982
0.334982
0.334983
0.334984
0.334982
0.334982
0.337596
0.334982
0.334995
0.334984
0.337225
0.334991
0.33499
0.334982
0.335464
0.334982
0.334988
0.335919
0.334982
0.335459
0.334982
0.332611
0.334921
0.33513
0.335048
0.334986
0.334989
0.338776
0.334976
0.334982
0.334981
0.334982
0.334967
0.334982
0.334982
0.334982
0.335726
0.0978283
0.334982
0.335888
0.334982
0.334982
0.334982
0.334982
0.334982
0.334982
0.334982
0.334985
0.334982
0.334624
0.334981
0.334982
0.335161
0.335073
0.334982
0.33498
0.335584
0.334982
0.334782
0.334789
0.202672
0.334939
0.334847
0.334982
0.334982
0.334982
0.334982
0.334982
0.333648
0.175295
0.200147
0.335002
0.334991
0.334982
0.334982
0.336021
0.334982
0.334982
0.334982
0.334982
0.334982
0.260886
0.335518
0.334982
0.296693
0.334982
0.334982
0.334982
0.334982
0.330992
0.334982
0.334982
0.335543
0.127134
0.100734
0.333228
0.334395
0.333535
0.337259
0.335022
0.334029
0.33499
0.334982
0.344377
0.338374
0.334983
0.270071
0.280535
0.223025
0.319
0.31941
0.335302
0.333348
0.319468
0.334984
0.334983
0.334984
0.335005
0.335027
0.334563
0.335173
0.334982
0.334974
0.334978
0.334963
0.334982
0.334982
0.334981
0.334982
0.140808
0.167122
0.335173
0.335104
0.335104
0.33579
0.334982
0.334984
0.334983
0.146253
0.149951
0.334984
0.334997
0.335046
0.334985
0.334985
0.334983
0.334609
0.330719
0.327931
0.335015
0.107935
0.334712
0.335006
0.334998
0.334995
0.122963
0.288877
0.334982
0.33477
0.210303
0.289117
0.207827
0.33509
0.332153
0.334427
0.195335
0.217468
0.335137
0.334986
0.334983
0.22138
0.335057
0.334983
0.334983
0.334983
0.335022
0.334983
0.334979
0.334982
0.344905
0.341749
0.335115
0.335473
0.335153
0.334873
0.334764
0.334987
0.334983
0.334982
0.334948
0.334982
0.334991
0.33024
0.317223
0.334982
0.335011
0.335002
0.18055
0.334982
0.33574
0.335621
0.335002
0.270548
0.272086
0.334971
0.334596
0.329861
0.334968
0.334915
0.334988
0.334985
0.33499
0.334984
0.334983
0.311874
0.307114
0.334982
0.334982
0.334982
0.334981
0.335002
0.335407
0.336419
0.335571
0.334757
0.335017
0.311371
0.334982
0.334979
0.334983
0.343593
0.318936
0.334981
0.315066
0.334978
0.33488
0.334989
0.329445
0.336633
0.336857
0.336363
0.334986
0.334838
0.334925
0.334639
0.334968
0.334982
0.334809
0.335043
0.334935
0.335103
0.334719
0.334935
0.334944
0.335012
0.334983
0.334994
0.334988
0.33468
0.334984
0.334511
0.333915
0.334984
0.327344
0.333787
0.333569
0.334984
0.334974
0.335092
0.335165
0.334979
0.334985
0.335008
0.334997
0.337678
0.337776
0.33779
0.337853
0.337781
0.337708
0.336415
0.335276
0.335035
0.33499
0.334983
0.334983
0.334993
0.319229
0.573606
0.632531
0.385439
0.230758
0.174818
0.142832
0.133388
0.115491
0.103553
0.0771256
0.0577323
0.0478721
0.0464071
0.0514412
0.0417847
0.132954
0.036094
0.052967
0.139872
0.122059
0.104504
0.0898389
0.0788685
0.118639
0.310376
0.315925
0.316384
0.311428
0.343226
0.321145
0.348504
0.337565
0.334982
0.334982
0.334982
0.334982
0.334982
0.334982
0.334982
0.334982
0.334982
0.334982
0.334982
0.334982
0.334982
0.335358
0.335455
0.335442
0.3354
0.335363
0.335341
0.33532
0.335299
0.335281
0.33528
0.335255
0.335313
0.335369
0.335387
0.335359
0.335232
0.335287
0.335333
0.335341
0.335424
0.335406
0.335194
0.335163
0.335262
0.335606
0.337168
0.336948
0.62333
0.334982
0.335266
0.337224
0.337747
0.337238
0.337846
0.337808
0.337353
0.337286
0.337813
0.335967
0.335638
0.375266
0.335422
0.335109
0.335003
0.334985
0.334983
0.334983
0.335112
0.0707686
0.334983
0.247608
0.17564
0.141031
0.135852
0.123702
0.111142
0.0986932
0.0705234
0.0572585
0.0485814
0.0531833
0.0524171
0.062105
0.131109
0.118634
0.0958194
0.0820088
0.0830932
0.228871
0.325497
0.336461
0.308149
0.382424
0.349687
0.325239
0.378596
0.334977
0.334982
0.334982
0.334982
0.334982
0.334982
0.334982
0.334982
0.334983
0.334982
0.334982
0.334982
0.334982
0.33733
0.334986
0.335301
0.33543
0.335295
0.335425
0.335379
0.335351
0.335331
0.33531
0.33529
0.335278
0.335276
0.33528
0.335344
0.335389
0.335382
0.335297
0.335251
0.335318
0.33534
0.335367
0.335433
0.335331
0.335132
0.335219
0.335339
0.336242
0.341079
0.334983
0.337293
0.335178
0.335016
0.334987
0.334983
0.334982
0.334996
0.284842
0.0642625
0.138765
0.0974104
0.0853397
0.0778383
0.169198
0.315729
0.335675
0.31166
0.352272
0.383418
0.321095
0.359973
0.335008
0.334982
0.334982
0.334982
0.334982
0.334982
0.334982
0.334982
0.334982
0.334982
0.334982
0.335292
0.33525
0.335219
0.335199
0.335179
0.335161
0.335151
0.335165
0.335187
0.335243
0.335277
0.335275
0.335231
0.335189
0.335233
0.335255
0.335267
0.335312
0.335249
0.335103
0.335158
0.335245
0.335862
0.376424
0.334982
0.334982
0.334982
0.334982
0.334982
0.334982
0.334982
0.334982
0.334982
0.334982
0.334982
0.335209
0.335189
0.33517
0.335155
0.335157
0.335168
0.335215
0.335262
0.335277
0.335263
0.335184
0.335211
0.335245
0.335258
0.335302
0.335295
0.335164
0.335115
0.3352
0.335405
0.337391
0.33453
0.334984
0.334995
0.335065
0.334581
0.322525
0.361817
0.307259
0.321219
0.325255
0.285743
0.095313
0.0801719
0.0923934
0.114092
0.126916
0.0863257
0.120335
0.334982
0.335233
0.335271
0.336697
0.335152
0.335164
0.335013
0.335945
0.243143
0.336729
0.334987
0.33506
0.335104
0.335032
0.334983
0.334994
0.33499
0.334982
0.334982
0.335003
0.335109
0.216294
0.298027
0.334984
0.334985
0.334983
0.0495707
0.334984
0.334984
0.334983
0.334991
0.335403
0.335638
0.335263
0.0674727
0.334982
0.135818
0.10359
0.0892215
0.122994
0.130141
0.107859
0.122899
0.132433
0.113674
0.218868
0.0945331
0.0933562
0.0980387
0.322903
0.150851
0.128648
0.190082
0.329702
0.292967
0.316311
0.327354
0.330086
0.326407
0.330525
0.34555
0.337232
0.334062
0.334511
0.33183
0.336917
0.337724
0.335298
0.337233
0.342174
0.338813
0.327441
0.331165
0.344076
0.344387
0.334982
0.334982
0.334982
0.334982
0.334982
0.334982
0.334982
0.334982
0.334982
0.334982
0.334982
0.334983
0.334982
0.334982
0.334986
0.33499
0.334982
0.334982
0.334982
0.334982
0.334988
0.334984
0.336605
0.3362
0.334987
0.334985
0.334985
0.334983
0.334984
0.334984
0.334984
0.334984
0.334985
0.334985
0.334986
0.334987
0.334987
0.334986
0.334986
0.334986
0.334987
0.334987
0.334987
0.334985
0.334986
0.335023
0.335328
0.336951
0.334951
0.334973
0.336734
0.253309
0.336898
0.0850721
0.155628
0.126179
0.113856
0.0890067
0.0730181
0.0679296
0.074099
0.0660042
0.078028
0.0626986
0.141358
0.137982
0.334988
0.334984
0.336388
0.334982
0.336231
0.33499
0.336759
0.334982
0.334982
0.0729213
0.0976835
0.336831
0.336482
0.336369
0.127839
0.334982
0.334982
0.334982
0.330162
0.335002
0.334983
0.0749169
0.341859
0.263875
0.335859
0.334982
0.334982
0.334982
0.334183
0.0720406
0.334984
0.334982
0.341536
0.0890653
0.329879
0.335535
0.328113
0.335415
0.334982
0.334982
0.334982
0.334982
0.334982
0.334982
0.334982
0.334987
0.33499
0.334994
0.336801
0.334982
0.336322
0.334985
0.334984
0.334984
0.334984
0.334984
0.334985
0.334985
0.334986
0.334986
0.334987
0.334986
0.334986
0.334986
0.334987
0.334987
0.334988
0.334986
0.334985
0.334994
0.335109
0.336469
0.334811
0.107603
0.124231
0.173466
0.124819
0.133857
0.336697
0.336285
0.129723
0.0853288
0.0731198
0.0693063
0.334984
0.335054
0.334988
0.334984
0.334985
0.334986
0.334985
0.334984
0.334984
0.334985
0.334985
0.334985
0.334985
0.334984
0.334984
0.334984
0.334983
0.334983
0.334982
0.334982
0.335003
0.334984
0.334982
0.334985
0.334985
0.335193
0.334985
0.334984
0.334985
0.334985
0.334985
0.334985
0.334985
0.334984
0.334984
0.334982
0.334982
0.334982
0.334982
0.334943
0.334982
0.334982
0.334982
0.334982
0.334985
0.334984
0.334983
0.334983
0.334983
0.334983
0.334983
0.334982
0.334982
0.334982
0.334982
0.334982
0.334988
0.122467
0.335924
0.330853
0.327016
0.334982
0.334982
0.334982
0.143166
0.334982
0.335068
0.334982
0.334982
0.334983
0.320984
0.11409
0.320235
0.334998
0.334992
0.0944782
0.0865722
0.112322
0.302299
0.332979
0.346963
0.335799
0.333309
0.334982
0.334982
0.334982
0.334982
0.334982
0.334982
0.333334
0.342815
0.334982
0.334999
0.330852
0.333731
0.334982
0.334982
0.334982
0.335818
0.335483
0.335609
0.334982
0.334982
0.129915
0.142428
0.33564
0.335214
0.324797
0.334982
0.334982
0.334986
0.278312
0.334982
0.334982
0.334982
0.334982
0.334982
0.334982
0.334982
0.334982
0.334982
0.334982
0.334982
0.334982
0.334982
0.334982
0.334982
0.334982
0.334982
0.334982
0.334982
0.334982
0.334982
0.334982
0.334982
0.334973
0.335173
0.335305
0.334982
0.334982
0.334982
0.334982
0.334982
0.335045
0.335015
0.335095
0.334982
0.334982
0.334982
0.334986
0.33499
0.33498
0.33498
0.334982
0.334982
0.334982
0.334982
0.258076
0.146073
0.144546
0.133646
0.334982
0.334982
0.335902
0.335546
0.332417
0.324413
0.132303
0.140204
0.334983
0.334984
0.0855329
0.0901805
0.334982
0.334982
0.352174
0.339806
0.339244
0.345319
0.334982
0.316646
0.333572
0.327163
0.335969
0.335659
0.336034
0.335714
0.334982
0.0887977
0.302061
0.335084
0.335218
0.335361
0.335141
0.334983
0.3366
0.334983
0.334983
0.334985
0.334986
0.334984
0.334982
0.328719
0.334983
0.142198
0.138746
0.330856
0.329873
0.335024
0.335049
0.335008
0.334988
0.334998
0.338182
0.113571
0.098747
0.32275
0.108651
0.0974583
0.103999
0.229676
0.277242
0.155942
0.134851
0.201592
0.132226
0.334982
0.135033
0.339353
0.335108
0.334982
0.33602
0.335695
0.334982
0.334982
0.334894
0.334982
0.334983
0.326363
0.334982
0.334982
0.334982
0.141525
0.334982
0.334982
0.334983
0.334982
0.334982
0.334982
0.334982
0.334982
0.334983
0.333725
0.327868
0.334982
0.334982
0.334982
0.334982
0.334982
0.334982
0.334982
0.334982
0.334982
0.334982
0.334982
0.33498
0.0968244
0.334971
0.334982
0.334982
0.334982
0.334982
0.334982
0.251012
0.100505
0.334974
0.334981
0.334982
0.334982
0.334982
0.334982
0.334982
0.334982
0.334982
0.334966
0.334982
0.334982
0.334982
0.334982
0.334982
0.334982
0.334982
0.334982
0.334982
0.334982
0.334982
0.334976
0.334978
0.334982
0.334982
0.334982
0.334538
0.333441
0.334982
0.333748
0.334982
0.338043
0.337852
0.334982
0.122997
0.334979
0.335214
0.335881
0.334982
0.334975
0.334989
0.12573
0.334982
0.334982
0.106773
0.331178
0.334982
0.337148
0.334858
0.334973
0.138662
0.334982
0.334982
0.104896
0.334982
0.334983
0.334982
0.334982
0.335819
0.334982
0.334982
0.334982
0.334982
0.334982
0.350213
0.334982
0.334982
0.334983
0.334982
0.334982
0.334982
0.334982
0.334982
0.108146
0.111404
0.337007
0.334982
0.334982
0.334982
0.334982
0.334903
0.334991
0.334982
0.124886
0.334982
0.334982
0.334982
0.334982
0.334982
0.334982
0.334981
0.334979
0.104339
0.334973
0.334982
0.334982
0.334982
0.334982
0.334989
0.334981
0.334973
0.334982
0.334982
0.335442
0.334982
0.334982
0.327044
0.102431
0.334982
0.334982
0.334982
0.334982
0.107154
0.335043
0.331758
0.338525
0.147685
0.334983
0.334985
0.337276
0.334982
0.334982
0.334222
0.338204
0.329592
0.332195
0.334982
0.334982
0.334982
0.334982
0.13741
0.319396
0.14483
0.334982
0.334982
0.334857
0.334895
0.135921
0.114794
0.336043
0.33622
0.33546
0.334982
0.334982
0.334982
0.141646
0.335103
0.334996
0.115852
0.33527
0.335435
0.335172
0.332994
0.108263
0.334982
0.101769
0.334983
0.334982
0.128021
0.33497
0.334978
0.333174
0.335001
0.334994
0.333325
0.334982
0.334986
0.335032
0.335061
0.335014
0.334985
0.334982
0.302601
0.323091
0.334982
0.334983
0.334983
0.334982
0.331582
0.334443
0.334982
0.334982
0.334982
0.134206
0.334982
0.334982
0.104973
0.153215
0.161068
0.332956
0.334982
0.334982
0.331966
0.335397
0.334863
0.335193
0.335018
0.335415
0.334982
0.334982
0.334982
0.334982
0.340242
0.335284
0.334982
0.334982
0.334982
0.334982
0.334982
0.334982
0.334982
0.33498
0.334982
0.334982
0.334982
0.334982
0.334982
0.334981
0.334982
0.334971
0.334987
0.334982
0.334982
0.334982
0.334997
0.335013
0.334974
0.105389
0.334983
0.334983
0.334982
0.334982
0.334983
0.335238
0.334982
0.334982
0.334982
0.334982
0.334982
0.335277
0.334982
0.334981
0.334913
0.335297
0.334982
0.334982
0.334812
0.334982
0.33474
0.334808
0.137635
0.334943
0.334982
0.334982
0.138276
0.141607
0.119024
0.334983
0.334984
0.334983
0.336291
0.334982
0.334941
0.145335
0.334982
0.334982
0.334754
0.33472
0.334982
0.334736
0.334983
0.334982
0.334985
0.334975
0.334982
0.131052
0.23569
0.284129
0.144218
0.124317
0.121594
0.138143
0.334982
0.334983
0.334982
0.335161
0.335013
0.334976
0.335376
0.334983
0.335151
0.334007
0.334982
0.334982
0.334982
0.333717
0.334515
0.334981
0.105504
0.143089
0.138986
0.143144
0.334428
0.335096
0.334982
0.334982
0.334982
0.334982
0.334982
0.334982
0.334982
0.334
0.334982
0.334982
0.334982
0.335035
0.33487
0.334962
0.334894
0.334948
0.33496
0.334982
0.334972
0.11026
0.10729
0.116656
0.334982
0.334983
0.334982
0.334982
0.334982
0.33489
0.334636
0.334925
0.103494
0.106105
0.334982
0.334982
0.335222
0.333784
0.334982
0.334982
0.335081
0.334982
0.334982
0.334982
0.334982
0.334982
0.334982
0.334987
0.334986
0.334982
0.334982
0.334982
0.334982
0.334984
0.334985
0.335164
0.33437
0.334973
0.335628
0.333899
0.334982
0.334982
0.334982
0.334982
0.33516
0.33512
0.334953
0.335308
0.334982
0.334982
0.335039
0.334982
0.339299
0.335049
0.140489
0.137257
0.333428
0.334366
0.332677
0.333764
0.335093
0.334979
0.334982
0.334982
0.334896
0.334889
0.334982
0.140521
0.334982
0.335847
0.334983
0.334874
0.33448
0.334982
0.334965
0.334989
0.334986
0.334982
0.335019
0.335033
0.335181
0.335101
0.33511
0.186783
0.335444
0.334984
0.334982
0.335724
0.334982
0.214602
0.334982
0.334695
0.334982
0.334982
0.334982
0.334982
0.334982
0.334986
0.33491
0.336936
0.334982
0.334982
0.334982
0.334982
0.334982
0.334982
0.334982
0.334982
0.334983
0.334982
0.334982
0.334982
0.334982
0.334987
0.334982
0.334983
0.334985
0.335589
0.334982
0.334984
0.338519
0.334982
0.334986
0.334992
0.187481
0.33546
0.338225
0.334982
0.335263
0.335405
0.334982
0.334999
0.33499
0.335017
0.334982
0.335062
0.334982
0.334982
0.334982
0.334982
0.342082
0.208225
0.336199
0.334982
0.335002
0.335014
0.334994
0.334982
0.334801
0.33599
0.334982
0.335103
0.334982
0.34729
0.334982
0.334982
0.33505
0.334982
0.334982
0.334983
0.334497
0.334982
0.244711
0.252569
0.312177
0.299438
0.329075
0.334983
0.334984
0.334962
0.334983
0.334982
0.335026
0.335039
0.140851
0.334979
0.334972
0.334982
0.334982
0.334121
0.334982
0.336036
0.334982
0.335448
0.334991
0.334983
0.334982
0.334987
0.334982
0.334318
0.334982
0.334982
0.334982
0.334982
0.335239
0.334741
0.334258
0.334982
0.334855
0.334807
0.334922
0.334992
0.334317
0.334983
0.334097
0.334982
0.334678
0.334742
0.334982
0.334982
0.334983
0.334545
0.334892
0.334982
0.334983
0.335437
0.334982
0.334982
0.106745
0.334982
0.334982
0.334982
0.334994
0.334982
0.334982
0.334357
0.333827
0.334982
0.335318
0.334982
0.335106
0.334982
0.336673
0.333241
0.335684
0.334983
0.334982
0.204492
0.332692
0.150216
0.149195
0.335041
0.334983
0.334615
0.335207
0.335016
0.334985
0.334984
0.335302
0.334982
0.335313
0.334985
0.33621
0.338871
0.279131
0.28407
0.334983
0.132071
0.335003
0.134404
0.126489
0.13336
0.336715
0.334989
0.11946
0.334995
0.335064
0.335017
0.335108
0.334989
0.334986
0.334999
0.334998
0.334982
0.334993
0.112208
0.115439
0.334985
0.334986
0.335006
0.335085
0.334982
0.334982
0.243822
0.334602
0.334983
0.334982
0.334984
0.334983
0.334987
0.334982
0.3351
0.110596
0.334983
0.337218
0.111557
0.334982
0.111714
0.334982
0.171505
0.17136
0.334992
0.334222
0.334982
0.334983
0.334983
0.11913
0.336498
0.334982
0.335254
0.334982
0.336784
0.338132
0.33499
0.335676
0.33525
0.321988
0.334982
0.334955
0.318681
0.334983
0.334995
0.334658
0.335016
0.335005
0.335035
0.325923
0.334934
0.334983
0.334983
0.334983
0.323243
0.3343
0.335626
0.334983
0.334983
0.144558
0.136748
0.333631
0.232661
0.335795
0.173332
0.334985
0.334988
0.334984
0.335135
0.337592
0.334722
0.334859
0.334983
0.336775
0.336863
0.337828
0.339039
0.335379
0.334985
0.334923
0.334973
0.334984
0.334983
0.334985
0.334982
0.334875
0.334983
0.334939
0.335349
0.334889
0.334983
0.335037
0.334985
0.337054
0.338438
0.33574
0.336043
0.334965
0.334928
0.334977
0.335391
0.334983
0.335007
0.334982
0.334983
0.334983
0.334978
0.334983
0.334983
0.334983
0.334987
0.336032
0.334982
0.334983
0.335235
0.334989
0.334985
0.334994
0.335007
0.334991
0.337671
0.337766
0.335055
0.334936
0.335446
0.338062
0.334997
0.335565
0.334967
0.334986
0.334984
0.334986
0.334983
0.334988
0.335034
0.334999
0.335304
0.33501
0.335426
0.335746
0.339575
0.335018
0.335315
0.337765
0.336
0.338809
0.335141
0.340177
0.334998
0.334982
0.335025
0.334983
0.335081
0.335005
0.335076
0.335885
)
;

boundaryField
{
    bullet
    {
        type            nutkWallFunction;
        Cmu             0.09;
        kappa           0.41;
        E               9.8;
        value           nonuniform List<scalar> 
30
(
0.00151966
0.00201299
0.00218101
0.00199143
0.00180421
0.0015844
0.00141963
0.00139651
0.00146586
0.0013346
0.00120425
0.00120205
0.00125243
0.00173353
0.00200431
0.00160838
0.00138788
0.00133585
0.00118223
0.00120718
0.00120012
0.00130094
0.00144308
0.00143664
0.00152324
0.00168022
0.0018168
0.00192194
0.00177928
0.00152275
)
;
    }
    topWall
    {
        type            calculated;
        value           nonuniform List<scalar> 
50
(
0.337179
0.336375
0.336165
0.336251
0.336491
0.336479
0.336201
0.336084
0.336655
0.338745
0.338208
0.33804
0.337866
0.337434
0.337357
0.337424
0.337509
0.337519
0.337295
0.336943
0.336695
0.337164
0.337664
0.337853
0.338325
0.338346
0.338346
0.338346
0.338346
0.337702
0.337553
0.338346
0.338346
0.338346
0.338346
0.338346
0.338346
0.338346
0.338346
0.338346
0.338346
0.338346
0.338346
0.338346
0.338346
0.338346
0.338346
0.338346
0.338346
0.338346
)
;
    }
    bottomWall
    {
        type            calculated;
        value           nonuniform List<scalar> 
50
(
0.338346
0.338346
0.338346
0.338346
0.338146
0.338346
0.338346
0.338346
0.338346
0.338346
0.338346
0.338346
0.338346
0.338346
0.338346
0.338346
0.338346
0.338346
0.338346
0.338346
0.338346
0.338346
0.338346
0.338346
0.338346
0.337186
0.336504
0.336677
0.337382
0.337936
0.338292
0.33751
0.33794
0.338884
0.338346
0.338346
0.338309
0.337845
0.337754
0.337726
0.337454
0.337602
0.337853
0.338043
0.338171
0.338256
0.338258
0.338264
0.338584
0.338346
)
;
    }
    inlet
    {
        type            calculated;
        value           uniform 0.338346;
    }
    outlet
    {
        type            calculated;
        value           nonuniform List<scalar> 
30
(
0.334982
0.334982
0.334982
0.334982
0.334982
0.334982
0.334982
0.334982
0.334986
0.335358
0.339047
0.340116
0.340868
0.341258
0.341258
0.339044
0.340106
0.340852
0.341238
0.341238
0.335299
0.33502
0.334983
0.334982
0.334982
0.334982
0.334982
0.334982
0.334982
0.334982
)
;
    }
    defaultFaces
    {
        type            empty;
    }
}


// ************************************************************************* //
