/*--------------------------------*- C++ -*----------------------------------*\
  =========                 |
  \\      /  F ield         | OpenFOAM: The Open Source CFD Toolbox
   \\    /   O peration     | Website:  https://openfoam.org
    \\  /    A nd           | Version:  6
     \\/     M anipulation  |
\*---------------------------------------------------------------------------*/
FoamFile
{
    version     2.0;
    format      ascii;
    class       volScalarField;
    location    "0.0005";
    object      p;
}
// * * * * * * * * * * * * * * * * * * * * * * * * * * * * * * * * * * * * * //

dimensions      [1 -1 -2 0 0 0 0];

internalField   nonuniform List<scalar> 
3704
(
100000
100000
100000
100000
100000
100000
100000
100000
100000
100000
100000
100000
100000
100000
100000
100000
100000
100000
100000
100000
100000
100000
100000
100000
100000
100000
100000
100000
100000
100000
100000
100000
100000
100000
100000
100000
100000
100000
100000
100000
100000
100000
100000
100000
100000
100000
100000
100000
100000
100000
100000
100000
100000
100000
100000
100000
100000
100000
100000
100000
100000
100000
100000
100000
100000
100000
100000
100000
100000
100000
100000
100000
100000
100000
100000
100000
100000
100000
100000
100000
100000
100000
100000
100000
100000
100000
100000
100000
100000
100000
100000
100000
100000
100000
100000
100000
100000
100000
100000
100000
100000
100000
100000
100000
100000
100000
100000
100000
100000
100000
100000
100000
100000
100000
100000
100000
100000
100000
100000
100000
100000
100000
100000
100000
100000
100000
100000
100000
100000
100000
100000
100000
100000
100000
100000
100000
100000
100000
100000
100000
100000
100000
100000
100000
100000
100000
100000
100000
100000
100000
100000
100000
100000
100000
100000
100000
100000
100000
100000
100000
100000
100000
100000
100000
100000
100000
100000
100000
100000
100000
100000
100000
100000
100000
100000
100000
100000
100000
100000
100000
100000
100000
100000
100000
100000
100000
100000
100000
100000
100000
100000
100000
100000
100000
100000
100000
100000
100000
100000
100000
100000
100000
100000
100000
100000
100000
100000
100000
100000
100000
100000
100000
100000
100000
100000
100000
100000
100000
100000
100000
100000
100000
100000
100000
100000
100000
100000
100000
100000
100000
100000
100000
100000
100000
100000
100000
100000
100000
100000
100000
100000
100000
100000
100000
100000
100000
100000
100000
100000
100000
9299.56
10340
10247.4
13613.9
17452.4
27680.4
67964.6
82964.4
172982
280119
332259
363174
382610
283708
364818
11921.1
11823.2
12855.6
17776.6
31295.1
33493.3
77855.6
92655.1
204872
281840
315507
335695
340750
296226
369824
16345.5
15209.8
15005.3
23580.4
40495.6
47754.3
101119
110367
214004
276399
306384
322877
333470
288680
375574
17981.2
18040.2
19187.3
28386.3
46626.9
61936
107403
125466
215291
273535
301573
318091
330375
280813
391448
20623.6
23188.7
24757.5
30305.1
49042.1
69783.4
109401
141171
221226
274672
300015
315065
329908
299121
425553
407952
321337
403745
385802
344456
258977
171029
54008.8
26325
23240.4
12544.6
4777.02
4112.38
5581.77
5976.26
407288
328439
376602
368903
344246
274641
176753
79359.3
34577
29264.8
14208
8957.4
5427.89
7441.67
7317.04
407760
328403
369751
361875
338292
278516
176988
87012.1
49522.1
44842.9
18689
17237.4
8425.18
13717.1
8251.73
421906
352713
370860
361035
334907
272387
178709
94519.7
64935
63440.7
28978.4
21169.2
12173.8
17268.2
9084.54
461882
370021
379327
362844
331889
268641
184137
105420
78601.6
63135.3
35297.3
23085.3
13527.3
18079.7
8337.59
100000
100000
100000
100000
100000
100000
100000
100000
100000
100000
100000
100000
100000
100000
100000
100000
100000
100000
100000
100000
100000
100000
100000
100000
100000
100000
100000
100000
100000
100000
100000
100000
100000
100000
100000
100000
100000
100000
100000
100000
100000
100000
100000
100000
100000
100000
100000
100000
100000
100000
100000
100000
100000
100000
100000
100000
100000
100000
100000
100000
100000
100000
100000
100000
100000
100000
100000
100000
100000
100000
100000
100000
100000
100000
100000
100000
100000
100000
100000
100000
100000
100000
100000
100000
100000
100000
100000
100000
100000
100000
100000
100000
100000
100000
100000
100000
100000
100000
100000
100000
100000
100000
100000
100000
100000
100000
100000
100000
100000
100000
100000
100000
100000
100000
100000
100000
100000
100000
100000
100000
100000
100000
100000
100000
100000
100000
100000
100000
100000
100000
100000
100000
100000
100000
100000
100000
100000
100000
100000
100000
100000
100000
100000
100000
100000
100000
100000
100000
100000
100000
100000
100000
100000
100000
100000
100000
100000
100000
100000
100000
100000
100000
100000
100000
100000
100000
100000
100000
100000
100000
100000
100000
100000
100000
100000
100000
100000
100000
100000
100000
100000
100000
100000
100000
100000
100000
100000
100000
100000
100000
100000
100000
100000
100000
100000
100000
100000
100000
100000
100000
100000
100000
100000
100000
100000
100000
100000
100000
100000
100000
100000
100000
100000
100000
100000
100000
100000
100000
100000
100000
100000
100000
100000
100000
100000
100000
100000
100000
100000
100000
100000
100000
100000
100000
100000
100000
100000
100000
100000
100000
100000
100000
100000
100000
100000
100000
100000
100000
100000
100000
100000
100000
100000
100000
100000
100000
100000
100000
100000
100000
100000
100000
100000
100000
100000
100000
100000
100000
100000
100000
100000
100000
100000
100000
100000
100000
100000
100000
100000
100000
100000
100000
100000
100000
100000
100000
100000
100000
100000
100000
100000
100000
100000
100000
100000
100208
171776
81784
83958.7
133818
68678.1
103006
87106.1
95638.2
82522.5
73534.6
33264.9
32046.9
29405.7
19472.4
22942.9
100106
30922.4
38477.9
57324.6
79074.8
117444
165545
243117
291555
308893
312327
331950
325794
476473
284562
100771
100004
100000
100000
100000
100000
100000
100000
100000
100000
100000
33446.2
100000
100000
100000
100000
100000
100000
100000
100000
100000
100000
100000
100000
100000
100000
100000
100000
100000
100000
100000
100000
100000
100000
100000
100000
100000
100000
100000
100000
100000
100000
100000
100000
100000
100000
100000
100000
100000
100000
100000
100000
19045.2
100000
100000
100000
100000
100000
100000
100000
100000
99999.5
101195
131384
83314.8
92642
72526.8
94672.4
104758
88916.8
91028.9
54556.7
67907.6
38954.1
29435.4
50085.3
33246.2
24947
36591.1
68646.9
100322
148047
223100
268196
307673
312944
313930
334501
116258
100062
100000
100000
100000
100000
100000
100000
100000
100000
100000
100000
100000
100000
100000
100000
100000
100000
100000
100000
100000
100000
100000
100000
100000
100000
100000
100000
100000
100000
100000
100000
100000
100000
100000
100000
100000
100000
100000
100000
100000
100000
100000
100000
100000
100000
100000
99999.9
100085
163325
82186.7
85109.1
102577
87523.1
101516
87346.3
93599.1
74973.7
71326
41789.1
31331.4
100441
224943
100283
100001
100000
100000
100000
100000
100000
100000
100000
100000
100000
100000
100000
100000
100000
100000
100000
100000
100000
100000
100000
100000
100000
100000
100000
100000
100000
100000
100000
100000
100000
100000
100000
100007
107240
105578
82482.9
160983
72366.8
98362.1
92678.8
95401
96766.2
46499.1
20587.9
40221.9
28042
100000
100000
100000
100000
100000
100000
100000
100000
100000
100000
100016
102787
100000
100000
100000
100000
100000
100000
100000
100000
100000
100000
100000
100000
100000
100000
100000
100000
100000
100000
100000
100000
100000
100000
100000
100000
100000
100000
100000
100000
100000
100000
100000
100000
100000
100000
100000
100000
100000
100000
100000
100000
100000
100000
100000
100000
100000
100000
217773
100000
100000
100000
100000
100000
100000
100000
100000
100000
100000
100001
100037
104349
112334
106255
97057.2
94947
96442.5
91415.1
91902.6
97975
56125
46869.8
28843
24680.1
100000
100000
56516.3
35387.3
220540
45424.8
41950.4
56848.7
100000
100207
100000
100001
100000
102545
100577
100000
100000
100000
100000
100000
100013
100003
100000
100000
100000
100000
100000
100000
100000
100000
72866.3
112467
157906
220259
239933
204217
153560
193647
152401
200368
100000
100000
100000
100000
100000
100000
100000
100000
100000
100000
26749.8
26752.5
33772.5
100000
100000
100000
100000
100000
111291
100000
100000
100000
100000
100000
100000
100000
100000
100000
100000
100000
100000
100000
100000
100000
100000
100000
100000
100000
100000
100000
100000
100000
100000
100000
100000
100000
100000
27764.3
100000
100000
100000
100000
100000
100000
100000
100000
100000
100000
100000
100000
100000
100000
100000
100000
100000
100000
100011
100435
107912
112743
91622.2
94418.4
97412.8
95279
93674.1
94613.9
95761.6
89643.6
48686.2
39962.2
100000
100000
63543.4
100000
100000
100044
100000
100000
100000
100000
100000
100000
100000
100000
100000
100000
100000
129513
94326.3
170130
227305
227769
154377
152498
100000
91640.4
95544.3
97531.4
100000
135653
100000
100000
43495.5
88353.1
98311.2
90605.7
94070.6
92600.4
102849
91816.5
110014
105507
100037
100000
100001
100000
100000
100000
100000
100000
100000
100000
100000
100000
100000
100000
100000
100000
100000
100000
100000
100000
100000
100000
100002
100000
100000
100000
100000
100000
97275
91705.8
114487
111604
100147
100005
100000
100000
100000
100000
91443.5
37372.5
100000
100000
100000
100000
100000
100015
100000
100000
100000
100001
100010
100014
100000
100000
100000
103142
100000
100000
100000
100000
100000
100000
100000
100000
100000
71973.8
100000
100000
100000
100000
100000
100000
100000
100000
100000
100000
110507
100000
83274.6
100000
100000
36740.5
100000
100000
100000
100000
100000
100000
100000
100000
100000
100000
100000
100000
100000
100000
100000
100000
100000
100000
100000
100000
100000
100216
100000
100000
100000
100000
100000
100000
100000
99968.7
101011
102735
102263
95412.9
95735.8
97846.6
40200.5
88343.2
87891.7
100000
100000
91336.8
92002.2
96465.8
100000
100000
100000
100000
100000
100000
33400.6
100000
100000
100000
100000
100000
100453
100000
109516
100000
100000
100000
100000
100000
100000
100000
100000
100000
100000
100000
107560
118774
101476
100000
121169
88962.4
112265
100000
100000
100000
100300
99246.6
100000
100000
100000
100000
100000
100000
127170
126294
113344
131686
100000
100000
100000
100002
100000
99999.6
99995.5
88743.5
96599.8
83409
100000
100000
40511
41047.2
100000
108157
100000
100000
100000
107086
100000
100000
100000
100000
100000
100000
100000
100000
100000
100001
100000
100001
100000
101142
100008
100004
84778.9
100000
100000
100000
96039.6
97762.2
100000
100000
100000
100000
100000
100000
100000
100000
100000
100000
100000
100000
100000
99413.7
99282.2
100000
100424
100000
99054.3
96280.9
102054
100864
36684.2
100000
93924.2
101838
104637
100000
47519.1
100000
100000
41991.4
63305
68187.4
100000
100000
100000
40812.8
37959.5
51695.8
107821
100034
100102
116889
100000
115125
108943
112945
100001
100000
100000
100000
100000
100000
92543.8
102153
97483.1
99186.9
75462.6
100000
100001
100000
100000
100000
100000
100000
99999
99678.8
99671.4
102610
100000
100000
100000
100000
100000
99814.8
100058
100000
100000
100001
100000
99999.9
100000
100000
100000
100000
100001
100001
99944.2
100000
100000
96206.3
100006
100001
100043
100034
100000
100000
100000
100000
100000
100000
100000
73328.2
100000
94441.3
92538.3
100000
95862.1
100000
100000
99968.2
100021
100000
100000
100003
100002
100000
100000
96863.4
100000
100148
100000
100000
96501.3
94698.6
95442.3
100000
100000
100000
100000
100000
100000
40488.5
99999.7
99981.9
100000
100000
100000
100000
100000
99555.2
103280
112377
107954
101608
100000
89153.1
98893.6
122842
99761.5
99746.2
100000
100000
100000
100000
100000
100000
100000
100000
100000
100000
100000
99999.9
100000
100000
100000
100000
132366
99857.4
99896.2
100000
100000
100000
100000
100000
100000
100000
100000
45708.6
94904.6
102227
103383
96897.9
100076
100018
100000
100000
99990.9
99944.7
100000
100000
43539.8
100000
100000
100000
100051
54978.4
100000
96325
100000
100000
100000
100000
88379.9
100000
96805.1
102937
100000
99910.8
100000
100000
96748.2
103413
100000
99747.3
100000
48010.6
100000
100000
120167
100000
100000
100231
100000
100000
100000
100000
102154
79702.2
44283.9
99998.7
100000
100000
99516.3
99615.2
100000
99958.7
101365
102457
113868
130544
108783
100000
104961
88051.8
100000
100000
100000
74404.9
100000
100000
100000
100000
100000
100000
100000
100000
100000
99999.1
100000
100000
100000
100000
100000
100000
100000
136609
100000
100000
100000
100000
100000
136837
84010.6
80567.3
86012.2
100000
100000
102257
100000
100000
100000
100000
104915
100000
101578
99989.8
99266.3
100000
100000
100000
100000
100000
100000
100190
100000
97823.2
100000
100000
100031
100000
108994
100358
100167
100200
100168
99987.8
99929.7
99279
100000
99996.7
99997
62909.8
99999.2
99999.4
100000
52651.1
100000
100000
100000
100000
100000
100000
99940.3
101024
97550.9
100000
104776
100000
81414.8
98261.6
99996.6
99511.4
99630.7
99697.4
100000
100000
100317
100022
100000
100000
100000
100000
100000
95716.2
51010.5
53584.4
50566.3
100000
100000
100000
100000
100000
100000
99968.8
100000
100000
99999.9
120526
100399
100224
100000
100960
99760.3
99746.8
99988
99940.3
130755
100000
100000
100000
100000
100000
100000
100570
100080
100000
99994.7
99997.8
100000
100000
100000
100000
100000
100000
100000
100000
100000
99597
99640.9
100096
98595.8
100000
100000
100000
99997.9
99988.1
100000
100000
100000
100000
100000
100000
100000
100000
131720
100000
100000
100000
100001
100000
100000
100000
100000
100000
100000
100000
100000
100000
100000
100031
99946.4
100017
100000
99999.9
104512
100566
100000
100000
100000
100000
103097
100000
100000
100301
100000
99885.8
100037
100014
99907
100000
97861.7
104702
71451.3
100001
100000
100000
100000
100000
100000
100000
96713.7
97861.9
100000
105100
100000
96765
100000
79522.8
100000
97798.8
96364.5
105226
131456
100000
100000
99999.6
99999.6
127882
100421
101018
98894.9
100000
88120.8
91113.6
100000
63336.3
100000
100000
100000
99998
100000
100000
99996.4
97052.4
94345.1
52291
100000
86622.1
100000
100000
100000
100000
100000
100000
100000
100000
100000
100000
64719.5
72891.9
100000
100000
100000
100000
100000
100000
100000
100000
100000
101214
100000
100000
100000
101850
100000
100003
100000
100386
100000
100000
100798
100000
102934
100000
98112
100062
100054
100027
100000
100000
103063
99986.8
99999.6
99999.1
100000
99987
100000
100000
100000
100624
81426.6
100000
100858
100000
100000
99999.9
100000
100000
100000
100000
100000
100000
99687.8
99998.6
100000
100081
100035
100000
99998.5
100604
100000
99889.1
99811
125849
99979.7
99880.3
100000
100000
100000
99999.6
100000
99041.9
102063
117518
100000
100000
100000
100000
100869
100000
100000
100000
99999.9
100000
125896
100269
100000
106005
100000
100000
100000
100000
96568.4
100000
100000
100513
97554.3
70859.3
98453.6
99538.3
98689.9
101960
100000
99159.7
100003
100000
104237
101142
100000
125097
95279.7
94972
99692.8
96187.8
100276
98550.7
98357.1
100000
100000
100000
100000
100000
99639.4
100066
100000
99996.3
99996.4
99982.1
99999.8
99999.9
99999
100000
88101.7
104814
100000
100000
100000
100272
100000
100000
100000
95459.9
93788.3
100001
100007
100000
100002
100000
100000
99866.9
98830.5
97026.4
100016
82096.2
99771.3
100010
100007
100006
86224.2
117204
100000
99876.5
116158
115278
115582
100066
98750
99835.7
104015
112784
100089
100000
100001
96619.8
100000
100000
100000
100000
100000
100000
99998.4
100000
104643
102888
100069
100243
100066
99943.2
99799.7
100003
100000
100000
99979.5
99999.9
100000
98943.9
97672.6
100000
100018
100011
100976
100000
100747
100514
100000
97114.8
98145.4
99992.3
100085
97810.6
99991
99941.6
100003
100003
100003
100001
100000
109637
111156
100000
100000
99999.9
99999.3
100010
100306
100744
100228
99828.6
100024
100018
99999.9
100059
100000
103562
106359
99999.2
97003
99997.8
100045
100003
98422.1
101213
101301
100664
100002
99883.9
99976.5
99790.1
99988.5
99999.6
99816.8
100023
99959.9
100083
100050
99975.4
99985.6
100046
100001
100008
100003
99729.7
100001
99719.1
99588
100001
97221
99350.8
99188.4
100001
99995.5
100082
100130
99997.5
100002
100015
100008
100000
100000
100000
100000
100000
100000
100000
100000
100000
100000
100000
100000
100003
100763
282963
488369
383978
384535
353367
331811
275911
186344
122524
93954.2
68218.8
41959.6
25175.4
21049.8
18568.5
4544.93
18760.5
12842.9
106410
99877.3
86796.5
98186.3
99679.3
86156.6
93970.4
84502.3
82657.5
81314.5
107123
88284.5
113024
101498
100000
100000
100000
100000
100000
100000
100000
100000
100000
100000
100000
100000
100000
100000
100000
100000
100000
100000
100000
100000
100000
100000
100000
100000
100000
100000
100000
100000
100000
100000
100000
100000
100000
100000
100000
100000
100000
100000
100000
100000
41935.7
100000
100000
100000
100000
100000
100000
100000
100000
100000
100000
100000
100000
19726.8
100000
100000
100000
100000
100000
100000
100056
117306
100001
391352
355075
339092
290124
234112
159832
112333
81620.2
58184.4
35530.7
23662.5
21116
15624.3
105506
93965.9
92383.7
95099.5
101980
106446
94686.5
99187.1
76947.2
147607
109485
91975.2
144977
99994.8
100000
100000
100000
100000
100000
100000
100000
100000
100000
100000
100000
100000
100000
100000
100000
100000
100000
100000
100000
100000
100000
100000
100000
100000
100000
100000
100000
100000
100000
100000
100000
100000
100000
100000
100000
100000
100000
100000
100000
100000
227329
100000
100000
100000
100000
100000
100000
100000
100013
102827
11995.6
107200
85862.6
97596.2
97124.1
100881
89345
101147
78632.4
123507
149469
88382
125009
99985.2
100000
100000
100000
100000
100000
100000
100000
100000
100000
100000
100000
100000
100000
100000
100000
100000
100000
100000
100000
100000
100000
100000
100000
100000
100000
100000
100000
100000
100000
100000
100000
100000
100000
135704
99999.9
100000
100000
100000
100000
100000
100000
100000
100000
100000
100000
100000
100000
100000
100000
100000
100000
100000
100000
100000
100000
100000
100000
100000
100000
100000
100000
100000
100000
100000
100000
100000
100216
100000
100000
100000
99899.7
89179.7
121059
77890
86583.3
92415.9
102654
92835.9
97604.1
97539.7
89674.5
100418
21803.6
96391.6
100000
100000
100000
100000
100178
100000
100000
100000
196256
101290
100000
100000
100000
100000
100000
100000
100000
100000
100000
100011
100038
166977
102500
100000
100000
100000
22691.6
100000
100001
100000
100002
100000
100000
100000
112078
100000
79971.2
82921
26187.1
69782.2
68351.6
101537
82592.1
80390.1
81581.4
94322.7
95663.3
84681.9
101575
96345.9
97113.5
99899.7
95753.3
95845.2
99959.3
98305.4
93766.8
96491.2
95099.8
96710.9
109201
102400
99442.4
99357.4
98587.6
101959
102961
100611
101707
105956
103081
94054.7
96467.7
107896
108016
99999.8
100000
100000
100000
100000
100000
100000
100000
100000
100000
100000
100000
100000
100000
100000
100000
100000
100000
100000
100000
100000
100000
100000
100000
100000
100000
100000
100000
100000
100000
100000
100000
100000
100000
100000
100000
100000
100000
100000
99999.9
100000
100000
100000
100000
100000
100000
100000
100000
99954.7
99992.5
100000
208613
100000
144407
209167
182854
138083
83685.4
55304.2
45758.2
46806.9
27698.5
40420.6
26877.4
50376.5
46203.2
100000
100000
100000
100000
100000
100000
100000
100000
100000
115223
114083
100000
100000
100000
51029.4
100000
100000
100000
95847.9
100000
100000
110492
105710
98818.8
100000
100000
100000
100000
100573
112409
100000
100000
105657
30382.2
95406.1
100000
93846.5
100197
100000
100000
100000
100000
100000
100000
100000
100000
100000
100000
100000
100000
100000
100000
100000
100000
100000
100000
100000
100000
100000
100000
100000
100000
100000
100000
100000
100000
100000
100000
100000
100000
100000
100000
99843.1
118195
174887
191779
209974
145008
100000
100000
202828
72609.9
50921.7
45159.1
100000
100000
100000
100000
100000
100000
100000
99999.7
100000
100000
100000
100000
100000
100000
100000
100000
100000
100000
100000
100000
100000
100000
100000
100000
100000
100000
100000
99999.6
100000
100000
100000
100000
100000
100000
100000
100000
100000
100000
100000
99867.5
100000
100000
100000
100000
100000
100000
100000
100000
100000
100000
100000
100000
100000
100000
100000
100000
100000
47760.6
100000
96137.7
93498.7
100000
100000
100000
63913.3
100000
100031
100000
100000
100000
92601
124720
88075.8
100000
100000
34728.6
34604.8
40998.4
99629.6
98340.6
110175
100685
98519.4
100000
100000
100000
100000
100000
100000
99177.3
107382
100000
100000
96815.5
98852.8
100000
100000
100000
100000
100000
100000
100000
100000
107233
204120
100471
100109
101624
100000
100000
100005
105349
100000
100000
100000
100000
100000
100000
100000
100000
100000
100000
100000
100000
100000
100000
100000
100000
100000
100000
100000
100000
100000
100000
99999.7
99992.4
100000
100000
99999.6
100000
100000
100000
100000
100000
100000
100000
100000
100000
100000
100000
100000
99998.5
99998.4
100000
100000
100000
100000
116066
211155
209006
173821
100000
100000
100000
100000
97531.8
91304.7
44366.2
52782.5
100000
100000
51954.2
62384.2
100000
100000
116064
103591
104291
109062
100000
104178
101299
102789
100000
100000
100000
100000
100000
46476.8
104984
100000
100000
100000
100000
100000
101617
100000
100000
100000
100000
100000
100000
94455.4
100000
73319.4
79077.2
96499.3
96468.2
100000
100000
100000
100002
100007
102530
107046
88027.5
100271
94811
88955.7
93050.3
95181.8
96038
101070
96177.4
99052.1
153169
100000
50539.6
104340
100181
100000
100000
100000
100000
100000
99960.4
100000
100000
92798.5
100000
100000
100000
172035
100000
100000
100001
100000
100000
100000
100000
100000
100004
98969.5
95532.2
100000
100000
100000
100000
100000
100000
100000
100000
100000
100000
100000
99998.4
63339.8
99991.3
99999.6
99999.9
99999.9
100000
100000
119800
77439.9
99992
99998.5
100000
100000
100000
100000
100000
100000
100000
99985.3
99999.7
100000
100000
100000
100000
100000
100000
100000
100000
100000
100000
99994.5
100002
100000
100000
100000
99561.7
98478.7
100000
98890.9
100000
102813
102365
100000
85372.9
99997
100231
100796
99996.8
99991.1
100000
93798.5
99999.9
100000
88338
96833.9
100000
102199
100070
99996.8
56329.5
100000
100000
127207
100000
100000
100000
100000
100583
100000
100000
100000
100000
100000
109612
100000
100000
100000
100000
100000
100000
100000
100000
54999.3
48326.7
101512
100000
100000
100000
100000
99924.4
100013
100000
178009
100000
100000
100000
100000
100000
99999.3
99998.4
99996.8
63380.5
99993.1
100000
100000
100000
100000
100000
100000
99990.8
100000
100000
100000
100000
100000
97499.9
85671.6
100000
100000
100000
100000
158455
100316
97513
103124
61974.5
100000
100000
101994
100000
100000
99348.7
102919
95500.2
97770.6
100000
100000
100000
100000
182004
111701
181863
99999.6
99999.6
99896.4
99921.8
90320.5
95503.8
100695
100611
100000
100000
100000
100000
59080.7
100000
100006
163212
100000
100000
100000
98552.6
62866.9
100000
71450.2
100000
100000
94536.4
99989
99998
98490.9
100000
100000
98625.1
100000
100000
100000
100000
100000
100000
100000
99057.4
99636.9
99999.9
100000
100001
100000
97100.3
100910
100000
100000
100000
65004
100000
100000
147341
96442.5
96513.1
98298.2
100000
100000
97442.7
100000
99946.1
100088
100020
100285
100000
100000
100000
100000
102185
100000
100000
100000
100000
100000
100000
100000
100000
99998.1
100000
100000
99999.9
99999.7
100000
99998.2
100000
99992.3
100003
100000
100000
100000
100000
100000
99992.4
123130
100000
100000
100000
100000
100000
100000
100000
100000
100000
100000
100000
100000
100000
99999.1
99942.7
100000
100000
100000
99837.1
100000
99793
99846.9
146370
99979.7
100000
100000
90709.2
85351.1
88071.6
100000
100000
100000
100623
100000
99971.9
94788
100000
100000
99809.9
99776.7
100000
99802.6
100001
100000
100000
99994.8
100000
74870.4
96527.1
97440.7
84812.8
86652.4
75788.3
91102.4
100000
100001
100000
100000
100016
99996.7
100295
100000
100000
99181.5
100000
100000
100000
98949.6
99625.6
99999.4
121986
72424.1
80995.3
105368
99559.3
100000
100000
100000
100000
100000
100000
100000
100000
99412.5
100000
100000
100000
100059
99905.5
99985.2
99927.3
99982.3
99981.1
100000
99992.9
89729
111042
87475.1
100000
100000
100000
100000
100000
99945.4
99708.2
99955.3
144836
141728
100000
100000
100172
98974.2
100000
100000
100000
100000
100000
100000
100000
100000
100000
100004
100003
100000
100000
100000
100000
100001
100002
100000
99482.8
100003
100552
99044.5
100000
100000
100000
100000
100144
100116
99983.9
100302
100000
100000
100000
100000
114647
100000
134776
139758
98681.2
99538.7
100822
99689.9
100000
99997.1
100000
100000
99915.2
99925.5
100000
94752.2
100000
100756
100000
99905.8
99558.4
100000
99986.3
100000
100000
100000
100017
100000
100000
100000
100000
100566
100233
100000
100000
100641
99999.7
94902.1
100000
99877.1
100000
100000
99999.5
100000
100000
100003
100036
100656
100000
100000
100000
100000
100000
100000
100000
100000
100000
100000
100000
100000
100000
100004
99999.9
100000
100000
100502
100000
100002
102669
100000
100002
100005
99350.8
100405
114124
100000
100166
100168
100000
100000
100000
100000
100000
100000
100000
100000
100000
100000
107334
99924.1
101017
100000
100000
100000
100000
100000
99875
100877
100000
100057
100000
102592
100000
100000
100000
100000
100000
100000
99601.1
100000
96886.4
95065.4
99732.2
98007.9
100996
100000
100001
99988.6
100000
99999.9
100000
100000
98830.2
99998.6
99990.8
99999.7
100000
99150.9
100000
100920
100000
100395
100007
100000
100000
100006
100000
99422.7
100000
100000
100000
100000
100186
99798.4
99391.5
100000
99914.7
99843.6
99950.9
100008
99452.3
100000
99254.4
100000
99710.1
99823.7
100000
100000
100001
99586.6
99938.1
100000
100000
100336
100000
100000
138585
100000
100000
100000
100010
100000
100000
99411.6
99013
100000
100226
100000
100052
100000
100583
98557.6
100595
100000
100000
100520
98106.8
136088
134534
100128
100000
99676.8
100198
100000
100000
100000
100315
100000
100195
100000
100455
101319
100484
100223
100000
99596.9
100017
108380
112450
103039
108480
100000
93376
100005
100052
100017
100055
100000
100000
100000
100000
100000
100000
119928
101797
100001
100003
100000
100053
100000
100000
102029
99683.9
100000
100000
100000
100000
100000
100000
100084
135295
100000
105375
112297
100000
126794
100000
128737
128308
100000
99373.6
100000
100000
100000
113827
108898
99999.7
100373
100000
100730
101362
100003
101442
100129
100219
100000
99985.8
101942
100000
100010
99741.2
100028
100011
100030
99802.6
99939.9
100000
100000
100000
101269
100570
100547
100001
100000
110439
115278
100564
107079
100710
118831
100000
100000
100000
100083
102082
100578
99922.5
100000
106162
107033
108062
103233
100403
100000
99951.6
99973.6
100001
100001
100002
100000
99919.5
100000
99941.3
100255
99920.9
100001
100026
100001
100885
101602
108609
101120
99989.6
99961.3
99998
100174
100000
100020
100000
100000
100000
99998.3
100001
100000
100000
100003
100903
100000
100000
100103
100003
100001
100005
100017
100004
101203
101280
100032
99967.9
100219
106647
100008
100272
99995.7
99977.2
100001
100004
100000
100004
99987.7
100007
100294
100024
100170
100426
101714
100016
100255
101124
100582
102010
100058
106817
100013
100000
100027
100000
100068
100018
100055
100532
)
;

boundaryField
{
    bullet
    {
        type            zeroGradient;
    }
    topWall
    {
        type            zeroGradient;
    }
    bottomWall
    {
        type            zeroGradient;
    }
    inlet
    {
        type            fixedValue;
        value           uniform 100000;
    }
    outlet
    {
        type            waveTransmissive;
        gamma           1.3;
        fieldInf        100000;
        lInf            1;
        value           nonuniform List<scalar> 
30
(
100000
100000
100000
100000
100000
100000
100000
100000
100000
100000
100000
100000
100000
100000
100000
100000
100000
100000
100000
100000
100000
100000
100000
100000
100000
100000
100000
100000
100000
100000
)
;
    }
    defaultFaces
    {
        type            empty;
    }
}


// ************************************************************************* //
