/*--------------------------------*- C++ -*----------------------------------*\
  =========                 |
  \\      /  F ield         | OpenFOAM: The Open Source CFD Toolbox
   \\    /   O peration     | Website:  https://openfoam.org
    \\  /    A nd           | Version:  6
     \\/     M anipulation  |
\*---------------------------------------------------------------------------*/
FoamFile
{
    version     2.0;
    format      ascii;
    class       surfaceScalarField;
    location    "0.0005";
    object      phi;
}
// * * * * * * * * * * * * * * * * * * * * * * * * * * * * * * * * * * * * * //

dimensions      [1 0 -1 0 0 0 0];

internalField   nonuniform List<scalar> 
5786
(
0.150621
-4.80171e-15
0.150621
-5.80092e-15
0.150621
-5.93969e-15
0.150621
-1.72085e-15
0.150621
-3.71925e-15
0.150621
-4.19109e-15
0.150621
1.7486e-15
0.150621
-3.27516e-15
0.150621
4.71845e-16
0.150621
8.32667e-15
0.150621
9.52016e-15
0.150621
-1.79579e-14
0.150621
-2.3534e-13
0.150621
-1.4371e-12
0.150621
-6.81616e-12
0.150621
-2.66167e-11
0.150621
-1.69158e-10
0.150621
-1.01642e-09
0.150621
-9.16232e-10
0.150621
-3.96629e-10
0.150621
-5.63746e-11
0.150621
-8.06349e-12
0.150621
-1.20068e-12
0.150621
-1.07664e-13
0.150621
5.14866e-14
0.150621
7.52731e-14
0.150621
8.06022e-14
0.150621
7.55507e-14
0.150621
2.41751e-14
0.150621
-2.45359e-14
0.150621
-9.4369e-16
0.150621
9.77551e-14
0.150621
1.84186e-13
0.150621
3.88717e-13
0.150621
8.74245e-13
0.150621
2.09166e-12
0.150621
5.12088e-12
0.150621
1.24148e-11
0.150621
3.02287e-11
0.150621
7.25009e-11
0.150621
1.76873e-10
0.150621
4.23727e-10
0.150621
9.62617e-10
0.150621
2.2325e-09
0.150621
4.80761e-09
0.150621
1.07121e-08
0.150621
2.32377e-08
0.150621
3.81902e-08
0.150621
5.77165e-08
8.36478e-08
0.150621
-3.33067e-15
0.150621
-4.27436e-15
0.150621
-7.29972e-15
0.150621
-4.60743e-15
0.150621
-3.83027e-15
0.150621
-4.02456e-15
0.150621
-1.66533e-15
0.150621
-1.55431e-15
0.150621
3.88578e-16
0.150621
7.29972e-15
0.150621
8.77076e-15
0.150621
-1.46827e-14
0.150621
-2.35589e-13
0.150621
-1.53516e-12
0.150621
-7.2953e-12
0.150621
-2.39262e-11
0.150621
-2.12506e-10
0.150621
-1.62661e-09
0.150621
-1.39143e-09
0.150621
-4.96542e-10
0.150621
-7.32642e-11
0.150621
-1.09169e-11
0.150621
-1.67785e-12
0.150621
-1.80023e-13
0.150621
5.36238e-14
0.150621
8.58202e-14
0.150621
9.60343e-14
0.150621
9.42302e-14
0.150621
4.56302e-14
0.150621
-2.83662e-14
0.150621
-3.9968e-15
0.150621
1.16046e-13
0.150621
2.11359e-13
0.150621
4.32293e-13
0.150621
9.33031e-13
0.150621
2.20898e-12
0.150621
5.35941e-12
0.150621
1.27632e-11
0.150621
3.08167e-11
0.150621
7.27698e-11
0.150621
1.79146e-10
0.150621
4.32108e-10
0.150621
9.65855e-10
0.150621
2.26167e-09
0.150621
4.80659e-09
0.150621
1.08544e-08
0.150621
2.40117e-08
0.150621
3.74262e-08
0.150621
5.62851e-08
8.06895e-08
0.150621
-4.88498e-15
0.150621
-4.91274e-15
0.150621
-6.05072e-15
0.150621
-3.08087e-15
0.150621
-3.66374e-15
0.150621
-3.69149e-15
0.150621
-7.99361e-15
0.150621
-2.30371e-15
0.150621
-8.32667e-16
0.150621
8.9373e-15
0.150621
1.86517e-14
0.150621
-7.91034e-15
0.150621
-2.39531e-13
0.150621
-1.67116e-12
0.150621
-7.61952e-12
0.150621
-1.5728e-11
0.150621
-2.68597e-10
0.150621
-2.61522e-09
0.150621
-2.11474e-09
0.150621
-6.23542e-10
0.150621
-9.48269e-11
0.150621
-1.47752e-11
0.150621
-2.35462e-12
0.150621
-2.81941e-13
0.150621
4.24383e-14
0.150621
9.52849e-14
0.150621
1.05471e-13
0.150621
1.12438e-13
0.150621
7.02771e-14
0.150621
-1.99007e-14
0.150621
-1.05749e-14
0.150621
1.36058e-13
0.150621
2.38476e-13
0.150621
4.82059e-13
0.150621
9.99284e-13
0.150621
2.32545e-12
0.150621
5.62753e-12
0.150621
1.31229e-11
0.150621
3.14199e-11
0.150621
7.3131e-11
0.150621
1.81796e-10
0.150621
4.42243e-10
0.150621
9.73816e-10
0.150621
2.27779e-09
0.150621
4.8414e-09
0.150621
1.09911e-08
0.150621
2.48131e-08
0.150621
3.66777e-08
0.150621
5.51585e-08
7.7805e-08
0.150621
-3.05311e-16
0.150621
-6.96665e-15
0.150621
-6.88338e-15
0.150621
-5.63438e-15
0.150621
-2.83107e-15
0.150621
-5.55112e-16
0.150621
-2.83107e-15
0.150621
-4.08007e-15
0.150621
-5.27356e-16
0.150621
1.74305e-14
0.150621
2.72837e-14
0.150621
-1.30451e-15
0.150621
-2.46914e-13
0.150621
-1.81397e-12
0.150621
-7.03421e-12
0.150621
3.31232e-12
0.150621
-3.31076e-10
0.150621
-4.2372e-09
0.150621
-3.24243e-09
0.150621
-7.59879e-10
0.150621
-1.22296e-10
0.150621
-1.99319e-11
0.150621
-3.32179e-12
0.150621
-4.32182e-13
0.150621
3.60822e-14
0.150621
9.76441e-14
0.150621
1.18461e-13
0.150621
1.31506e-13
0.150621
9.4369e-14
0.150621
-2.10942e-15
0.150621
-2.04559e-14
0.150621
1.39083e-13
0.150621
2.76501e-13
0.150621
5.45036e-13
0.150621
1.073e-12
0.150621
2.42362e-12
0.150621
5.94935e-12
0.150621
1.35935e-11
0.150621
3.20975e-11
0.150621
7.37998e-11
0.150621
1.84914e-10
0.150621
4.54643e-10
0.150621
9.87356e-10
0.150621
2.28407e-09
0.150621
4.90647e-09
0.150621
1.11341e-08
0.150621
2.56197e-08
0.150621
3.59618e-08
0.150621
5.41721e-08
7.5283e-08
0.150621
-3.19686e-15
0.150621
-4.92711e-15
0.150621
-4.7838e-15
0.150621
-4.56224e-15
0.150621
-4.16334e-15
0.150621
-5.76622e-15
0.150621
-2.13715e-15
0.150621
-3.09471e-15
0.150621
-1.55434e-15
0.150621
2.26418e-14
0.150621
4.52028e-14
0.150621
5.3702e-14
0.150621
-3.97526e-14
0.150621
-1.42589e-12
0.150621
-2.22092e-12
0.150621
9.52038e-11
0.150621
-2.57555e-10
0.150621
-7.64379e-09
0.150621
-4.76032e-09
0.150621
-9.56267e-10
0.150621
-1.58822e-10
0.150621
-2.67673e-11
0.150621
-4.72621e-12
0.150621
-6.5752e-13
0.150621
1.4222e-14
0.150621
1.02932e-13
0.150621
1.26522e-13
0.150621
1.53192e-13
0.150621
1.13306e-13
0.150621
3.26254e-14
0.150621
-5.75175e-14
0.150621
1.26761e-13
0.150621
3.30371e-13
0.150621
5.85338e-13
0.150621
1.09745e-12
0.150621
2.32099e-12
0.150621
6.25047e-12
0.150621
1.34118e-11
0.150621
3.1082e-11
0.150621
6.9928e-11
0.150621
1.79114e-10
0.150621
4.65057e-10
0.150621
9.89142e-10
0.150621
2.24186e-09
0.150621
5.06464e-09
0.150621
1.11888e-08
0.150621
2.6573e-08
0.150621
3.52898e-08
0.150621
5.31972e-08
7.33636e-08
-0.00476506
-0.0102509
0.0260051
-0.0209478
0.0308775
-0.0235558
0.00244057
-0.0506678
0.0142418
-0.0641875
-0.0274028
-0.256221
0.148455
-0.395338
0.216452
-0.364874
0.0380153
-0.379397
-0.0741853
-0.498487
0.0851921
-0.548033
0.0345033
-0.312134
-0.24775
-0.071004
-0.25205
0.0369532
-0.144548
-0.0402887
0.0444331
-0.0289048
0.00285961
0.0300226
-0.0383561
0.0534829
-0.0161814
-0.0182601
-0.0632702
0.0437887
-0.114541
0.0589938
-0.212693
0.194605
-0.302292
0.403981
-0.311767
0.065804
-0.530741
0.0720836
-0.669368
0.205986
-0.513445
-0.133309
-0.185541
-0.586001
0.453822
-0.905533
0.00921266
0.264863
-0.0272525
-0.0356301
-0.0427279
0.0273969
0.0503573
-0.0281018
0.0501782
-0.0252933
-0.0142488
-0.114989
0.102139
-0.145209
0.114758
-0.234479
0.24445
-0.222923
0.442852
-0.283552
0.130221
-0.534645
0.269273
-0.505517
0.158993
-0.436884
-0.21375
-0.267743
-0.76604
-0.0896424
-1.09894
0.00340046
0.144774
-0.0126773
-0.0348445
-0.0702633
0.03967
0.0942332
-0.0438779
0.0414295
-0.0423751
0.00704222
-0.146505
0.162347
-0.185634
0.168223
-0.255781
0.296383
-0.246043
0.411788
-0.284497
0.157319
-0.348751
0.304366
-0.349367
0.152858
-0.306458
-0.262744
-0.307888
-0.778089
-0.0637611
-1.3622
0.0150271
0.0269022
0.0204262
-0.0359549
-0.0971472
-0.00199494
0.170757
-0.0757236
0.0350501
-0.0516069
0.0124602
-0.137898
0.208237
-0.174864
0.209141
-0.287299
0.403776
-0.282824
0.391654
-0.275127
0.136025
-0.290398
0.304714
-0.287006
0.149642
-0.267979
-0.282502
-0.398163
-0.660623
-0.0679643
-1.7175
0.0569647
-0.184657
-0.0381963
0.0946878
-0.0778871
0.0930896
0.0289506
-0.139017
0.355932
-0.401892
0.525662
-0.243224
0.405292
0.0210719
0.358037
0.078421
0.235843
0.0944414
0.204638
0.00223304
0.269706
0.0183116
0.1052
0.235846
0.0400148
0.0886701
0.0300178
0.00838903
0.00550564
0.0250007
-0.0156594
0.00847324
-0.00756626
-0.0780755
0.101523
-0.10708
-0.164816
0.272894
-0.828848
0.559551
-0.577846
0.61453
-0.082574
0.371166
0.262368
0.250164
0.238913
0.218165
-0.0106406
0.263859
0.0488903
0.078258
0.490176
0.0631567
0.119956
0.038423
0.0154921
0.00620779
0.0582847
-0.00168839
0.0149068
0.0044763
-0.0828449
0.108466
-0.00986931
-0.30683
0.248801
-1.12725
0.395995
-0.754827
0.451065
-0.208197
0.392234
0.246858
0.304382
0.345138
0.213152
0.071691
0.242341
0.109957
0.0890464
0.705099
0.0822726
0.164532
0.0217849
0.0473566
0.00472305
0.0722696
-0.011921
0.0352781
0.0222076
-0.107358
0.134496
0.0112516
-0.497958
0.276557
-1.44239
0.344558
-0.842483
0.345503
-0.272338
0.335137
0.174347
0.311437
0.401477
0.225085
0.175248
0.241633
0.244306
0.195864
0.588249
0.150844
0.24683
0.0283905
0.142459
0.00777367
0.083833
-0.0131656
0.0583777
0.0891886
-0.146073
0.209807
0.0391901
-0.713364
0.459779
-1.90435
0.344607
-0.747621
0.365968
-0.348165
0.343545
0.161403
0.266782
0.498928
0.231093
0.218464
0.159608
0.45326
0.228437
0.368251
0.158156
0.342315
0.0404867
0.211253
0.0118935
0.103533
-0.0100876
0.0866332
0.0605184
-0.150621
1.49636e-07
-0.150621
1.04402e-07
-0.150621
8.2757e-08
-0.150621
4.907e-08
-0.150621
2.26061e-08
-0.150621
9.21598e-09
-0.150621
3.9313e-09
-0.150621
1.54224e-09
-0.150621
6.27508e-10
-0.150621
2.53825e-10
-0.150621
1.02077e-10
-0.150621
4.00378e-11
-0.150621
1.54647e-11
-0.150621
5.83292e-12
-0.150621
2.32064e-12
-0.150621
9.75747e-13
-0.150621
3.74534e-13
-0.150621
1.36086e-13
-0.150621
1.49047e-14
-0.150621
-1.99563e-14
-0.150621
-1.83464e-14
-0.150621
2.55629e-14
-0.150621
4.33542e-14
-0.150621
4.54081e-14
-0.150621
3.72202e-14
-0.150621
-9.57567e-14
-0.150621
-8.51319e-13
-0.150621
-4.69894e-12
-0.150621
-3.18942e-11
-0.150621
-1.92968e-10
-0.150621
-1.06555e-09
-0.150621
-3.66931e-09
-0.150621
-4.59042e-09
-0.150621
-1.54083e-09
-0.150621
-5.71901e-10
-0.150621
-1.68128e-10
-0.150621
-4.04565e-11
-0.150621
-8.49654e-12
-0.150621
-1.52811e-12
-0.150621
-2.00923e-13
-0.150621
-4.996e-15
-0.150621
5.4956e-15
-0.150621
-1.66533e-16
-0.150621
1.08247e-15
-0.150621
-4.91274e-15
-0.150621
-4.88498e-15
-0.150621
-5.93969e-15
-0.150621
-7.91034e-15
-0.150621
-6.10623e-15
-4.4964e-15
-0.150621
1.45287e-07
-0.150621
1.02245e-07
-0.150621
8.19891e-08
-0.150621
5.06807e-08
-0.150621
2.33622e-08
-0.150621
9.15139e-09
-0.150621
3.92651e-09
-0.150621
1.49814e-09
-0.150621
6.17293e-10
-0.150621
2.53088e-10
-0.150621
1.02752e-10
-0.150621
4.02745e-11
-0.150621
1.55534e-11
-0.150621
5.78165e-12
-0.150621
2.35553e-12
-0.150621
1.03936e-12
-0.150621
4.00457e-13
-0.150621
1.54016e-13
-0.150621
2.14828e-14
-0.150621
-1.29341e-14
-0.150621
-9.32587e-15
-0.150621
3.01703e-14
-0.150621
4.92939e-14
-0.150621
5.25691e-14
-0.150621
4.14946e-14
-0.150621
-1.98147e-13
-0.150621
-1.45756e-12
-0.150621
-7.10962e-12
-0.150621
-4.68664e-11
-0.150621
-2.66128e-10
-0.150621
-1.32157e-09
-0.150621
-4.57944e-09
-0.150621
-5.90172e-09
-0.150621
-1.84547e-09
-0.150621
-7.3212e-10
-0.150621
-2.09572e-10
-0.150621
-4.76663e-11
-0.150621
-9.5054e-12
-0.150621
-1.62967e-12
-0.150621
-1.99701e-13
-0.150621
1.02696e-15
-0.150621
1.31839e-14
-0.150621
3.05311e-15
-0.150621
-1.91513e-15
-0.150621
-5.60663e-15
-0.150621
-1.13798e-15
-0.150621
-5.2458e-15
-0.150621
-7.35523e-15
-0.150621
-7.38298e-15
-1.83187e-15
-0.150621
1.40181e-07
-0.150621
1.00197e-07
-0.150621
8.08829e-08
-0.150621
5.223e-08
-0.150621
2.40219e-08
-0.150621
9.13749e-09
-0.150621
3.90801e-09
-0.150621
1.45621e-09
-0.150621
6.10819e-10
-0.150621
2.54504e-10
-0.150621
1.03923e-10
-0.150621
4.06016e-11
-0.150621
1.5649e-11
-0.150621
5.74571e-12
-0.150621
2.41526e-12
-0.150621
1.11125e-12
-0.150621
4.30295e-13
-0.150621
1.66311e-13
-0.150621
2.56739e-14
-0.150621
-4.4964e-15
-0.150621
5.05151e-15
-0.150621
4.32432e-14
-0.150621
5.8481e-14
-0.150621
5.50116e-14
-0.150621
3.64986e-14
-0.150621
-3.75311e-13
-0.150621
-2.47738e-12
-0.150621
-1.07884e-11
-0.150621
-6.90023e-11
-0.150621
-3.68031e-10
-0.150621
-1.67134e-09
-0.150621
-5.64263e-09
-0.150621
-7.35202e-09
-0.150621
-2.15879e-09
-0.150621
-9.48588e-10
-0.150621
-2.65141e-10
-0.150621
-5.74794e-11
-0.150621
-1.094e-11
-0.150621
-1.8025e-12
-0.150621
-2.02061e-13
-0.150621
9.99201e-15
-0.150621
1.66256e-14
-0.150621
1.28786e-14
-0.150621
3.4972e-15
-0.150621
-1.77636e-15
-0.150621
-3.9968e-15
-0.150621
-5.10703e-15
-0.150621
-5.52336e-15
-0.150621
-2.66454e-15
9.15934e-16
-0.150621
1.33977e-07
-0.150621
9.86178e-08
-0.150621
7.93629e-08
-0.150621
5.35458e-08
-0.150621
2.4619e-08
-0.150621
9.16627e-09
-0.150621
3.88577e-09
-0.150621
1.41364e-09
-0.150621
6.09809e-10
-0.150621
2.58907e-10
-0.150621
1.05823e-10
-0.150621
4.10552e-11
-0.150621
1.57559e-11
-0.150621
5.73733e-12
-0.150621
2.50569e-12
-0.150621
1.20007e-12
-0.150621
4.62436e-13
-0.150621
1.72584e-13
-0.150621
3.49998e-14
-0.150621
1.22125e-14
-0.150621
2.51743e-14
-0.150621
5.17086e-14
-0.150621
6.5975e-14
-0.150621
5.95912e-14
-0.150621
2.5896e-14
-0.150621
-6.80844e-13
-0.150621
-4.2297e-12
-0.150621
-1.62946e-11
-0.150621
-1.0165e-10
-0.150621
-5.11906e-10
-0.150621
-2.12282e-09
-0.150621
-6.8523e-09
-0.150621
-8.80348e-09
-0.150621
-2.41934e-09
-0.150621
-1.23596e-09
-0.150621
-3.39317e-10
-0.150621
-7.06442e-11
-0.150621
-1.27877e-11
-0.150621
-2.05011e-12
-0.150621
-2.14911e-13
-0.150621
1.2379e-14
-0.150621
1.94289e-14
-0.150621
1.59595e-14
-0.150621
5.93969e-15
-0.150621
-2.10942e-15
-0.150621
-5.66214e-15
-0.150621
-1.06859e-14
-0.150621
-5.10703e-15
-0.150621
-7.02216e-15
-7.21645e-16
-0.150621
1.28042e-07
-0.150621
9.67777e-08
-0.150621
7.74383e-08
-0.150621
5.44978e-08
-0.150621
2.54701e-08
-0.150621
9.03521e-09
-0.150621
3.73986e-09
-0.150621
1.26185e-09
-0.150621
5.74472e-10
-0.150621
2.51426e-10
-0.150621
1.0161e-10
-0.150621
3.82727e-11
-0.150621
1.43375e-11
-0.150621
5.00467e-12
-0.150621
2.41283e-12
-0.150621
1.26973e-12
-0.150621
4.90298e-13
-0.150621
1.73395e-13
-0.150621
4.38792e-14
-0.150621
3.10411e-14
-0.150621
4.66763e-14
-0.150621
6.05699e-14
-0.150621
7.57155e-14
-0.150621
6.29213e-14
-0.150621
1.04893e-14
-0.150621
-1.45011e-12
-0.150621
-8.40374e-12
-0.150621
-2.48735e-11
-0.150621
-1.5775e-10
-0.150621
-7.26132e-10
-0.150621
-2.59501e-09
-0.150621
-8.15396e-09
-0.150621
-1.07104e-08
-0.150621
-1.98637e-09
-0.150621
-1.64155e-09
-0.150621
-4.15874e-10
-0.150621
-7.27264e-11
-0.150621
-1.01836e-11
-0.150621
-1.11229e-12
-0.150621
2.84264e-14
-0.150621
6.68863e-14
-0.150621
3.21318e-14
-0.150621
1.91928e-14
-0.150621
1.30447e-14
-0.150621
-2.80332e-15
-0.150621
-4.81569e-15
-0.150621
-8.61143e-15
-0.150621
-8.74975e-15
-0.150621
-1.00502e-14
-3.88135e-15
7.45574
-6.83741e-15
2.5894
4.86634
4.06428
3.39146
4.04997
3.40577
3.91886
3.53688
7.45574
-6.35726
6.35726
6.39537
-6.39537
-6.50148
6.50148
-6.58921
6.58921
6.53891
-6.53891
6.51654
-6.51654
6.50645
-6.50645
6.5301
-6.5301
6.67243
-6.67243
6.74255
-6.74255
6.73524
-6.73524
6.7262
-6.7262
6.71679
-6.71679
6.71046
-6.71046
6.70926
-6.70926
6.71197
-6.71197
6.71943
-6.71943
6.72515
-6.72515
6.71754
-6.71754
6.70519
-6.70519
6.69427
-6.69427
6.63561
-6.63561
6.4654
-6.4654
6.61361
-6.61361
-7.45574
-2.522
-4.93374
-4.08574
-3.36999
-3.96449
-3.49124
-4.1353
-3.32044
-7.45574
-2.22301e-07
6.66983
-6.66983
-1.23651e-07
6.79068
-6.79068
-9.14088e-09
-6.64684
6.64684
-1.67472e-10
-6.69619
6.69619
-7.87858e-12
-6.70645
6.70645
-5.11752e-13
-6.70564
6.70564
-3.16067e-13
-6.69664
6.69664
-1.931e-13
-6.69532
6.69532
-2.70377e-12
-6.70649
6.70649
1.93922e-06
-6.70422
6.71735
-0.37395
-78.6153
25.6685
-0.109532
-4.23601
9.13675
0.460174
-4.04239
4.00495
-1.76909
-37.6218
64.962
0.680783
-2.77268
3.77881
-0.00416452
-11.1885
10.1399
0.0156846
-2.65926
2.99316
-0.0284083
-3.3622
3.96587
-0.237092
-0.785069
0.425179
0.475453
-1.53932
0.237393
-0.520982
-0.547213
-0.0214026
0.809372
-0.354869
0.132684
0.28442
-0.55573
0.620409
-0.0707211
0.140402
0.0380105
-0.437775
2.06671
1.26675
-3.33358
0.614329
-0.480878
-0.658401
0.833854
1.18266
-0.963338
1.51074
-1.17887
1.86942
-1.40273
2.05544
-1.94705
3.36938
-3.10507
3.39115
-3.2385
1.91389
-2.20408
1.39706
-2.10487
1.52653
-3.32411
-0.00427395
-0.243504
0.0432741
-0.0397521
-0.0587333
-0.13443
0.862139
-1.44615
1.44782
-0.000216528
-1.81253
1.81252
2.19873e-06
2.28517
-2.28517
-6.10341e-09
2.80432
-2.80432
-3.97123e-10
-3.55054
3.55054
3.31995e-14
-4.50692
4.50692
9.71467e-13
-5.72963
5.72963
1.94682e-14
-6.53303
6.53303
-5.64781e-15
1.09848
-9.97773
-0.785903
-0.022821
-4.11511
6.70451
3.34062
7.4049
4.06631
3.38942
7.45777
7.43939
3.40908
4.04666
3.07862
4.37712
6.64291
-6.64291
6.38768
-6.38768
6.57634
-6.57634
-6.56587
6.56587
-6.52339
6.52339
-6.5139
6.5139
-6.50329
6.50329
-6.59554
6.59554
-6.72297
6.72297
-6.74563
6.74563
-6.73434
6.73434
-6.72221
6.72221
-6.71845
6.71845
-6.71287
6.71287
-6.71174
6.71174
-6.72131
6.72131
-6.72169
6.72169
-6.71732
6.71732
-6.71265
6.71265
-6.70677
6.70677
-6.67597
6.67597
-6.55698
6.55698
-6.4767
6.4767
-0.0128781
-6.19075
6.19075
-4.46275
-2.99299
-3.51308
-3.94265
-3.45344
-4.0023
-0.113794
-2.50716
-4.94858
-7.02461
0.35478
-7.02461
-4.37057e-08
-0.0562082
-0.233937
6.66492
-6.66492
-1.22e-09
6.67748
-6.67748
-1.88808e-11
6.70697
-6.70697
-1.79412e-12
6.70945
-6.70945
-4.54241e-13
6.69814
-6.69814
8.57561e-14
6.69541
-6.69541
-3.16894e-13
6.69771
-6.69771
-4.63595e-09
6.70728
-6.70679
0.000362558
6.74881
-6.70452
-0.510649
50.6014
-32.5733
0.690002
3.75278
-4.12443
-0.168188
3.98436
-18.5242
-1.62721
10.0126
-5.76912
0.24725
3.02168
-13.1664
-0.0887855
10.0247
-9.66323
0.0047892
2.91382
-6.08641
-0.152958
2.99581
-3.58919
0.150141
0.108258
-0.279082
0.328844
4.15287
-0.0794891
-4.00814
0.33561
-0.803848
0.44112
0.0701306
-0.745235
0.781338
0.554272
0.578586
0.383034
0.609475
0.176844
0.532558
0.705002
0.621222
1.36187
0.302609
-1.32072
-0.831042
-0.662819
-3.60263
1.27584
-1.28788
0.012652
1.62575
-1.62584
2.81833e-05
-2.03818
2.03818
7.32064e-08
0.246989
-2.59944
2.59944
-2.45645e-09
0.204882
3.07029
-3.07029
-3.85453e-11
3.99718
-3.99718
3.47134e-13
5.08862
-5.08862
4.74206e-13
6.40825
-6.40825
1.42986e-14
0.922704
7.32793
7.45242
6.6155
0.00768167
-0.0748586
0.0233462
0.015514
0.00263587
0.00316304
-0.0654446
-0.0505366
-0.00308779
0.000903724
0.00399145
-0.00165683
-0.00240994
-0.00248525
-0.0093385
-0.00225931
0.00783229
0.00489518
-0.00158152
0.0183004
0.0786241
-0.0112966
0.422868
-7.59883
-7.41793
-6.64246
-0.125761
0.0306363
0.0107845
0.00299736
-0.00749339
-0.00122756
0.00238734
0.000910798
0.000568233
0.764968
0.243125
-0.000922797
0.219109
-2.89406
-0.302547
-0.770225
-1.04921
-0.664048
1.48905
-0.272887
-0.173563
-0.602316
2.66882
1.42999
0.179361
0.225651
0.314271
0.265966
0.446636
0.581706
0.678623
0.00685325
0.00745574
-0.0268105
-0.0768937
-0.0195811
0.0103928
0.00813353
0.00542235
0.00798291
0.0036149
-0.000225931
0.00188276
-0.00346428
-0.000225931
0.00745574
0.0125015
0.0403664
0.0915775
-0.136914
-7.83274
-7.4339
-7.32274
-0.00381071
-0.00150621
-9.03726e-05
0.00878119
0.00419417
0.0153944
3.47422
0.0355955
-0.0506909
-0.0948638
-0.48505
-0.634948
-0.941004
-2.11671
0.174533
0.0373276
-0.570173
-0.19855
0.247546
0.0269611
-0.285653
-7.92673
-0.000519642
0.0187071
-0.0180745
0.124782
0.641005
0.509739
0.186691
0.171654
0.480255
3.70844
3.69646
4.53098
2.08452
5.4756
3.86599
3.58644
6.22449
-6.2168
-4.16595
-3.76078
-3.78699
-6.53401
6.56097
6.56647
-6.64133
6.552
-6.67776
6.60141
-6.57807
0.0674029
-4.24375
-3.35508
-6.51609
6.51872
6.49267
-6.4895
6.50161
-6.56706
-6.75993
6.70934
6.74473
-6.74782
6.73215
-6.73125
-6.72123
6.72523
6.7195
-6.72116
6.71114
-6.71355
6.71528
-6.71777
6.71604
-6.72538
6.72869
-6.73095
-6.72937
6.7372
-6.71604
6.72093
6.70783
-6.70941
6.71543
-6.69713
-6.60684
6.68546
-6.35379
6.3425
-4.34112
-3.49162
-8.50707
-7.73536
-6.63335
6.62047
-0.0668757
0.0423998
6.71787
-6.71839
-5.73448
-3.73035
-3.68758
-2.14484
-4.49762
6.71163
-6.71544
-6.52038
6.40659
-0.295895
-0.234743
-2.8213
2.83994
-7.6355
7.76028
-6.70861
6.7194
0.00926319
-6.71449
6.71749
-0.0028618
-6.70471
6.72342
0.0146855
-6.70689
6.70539
6.70488
-6.70497
-6.70345
6.71223
-6.71776
6.72064
-6.70377
6.71287
-6.54735
6.84146
-12.6358
11.5784
-5.40106
11.5087
-12.1774
3.57276
-5.46864
6.96834
4.6604
-6.07661
-4.90591
3.09822
3.18359
-5.40886
5.22389
-5.16896
-1.45787
2.84922
0.967369
-1.11244
-0.504836
0.209302
0.168828
6.40342
-6.15588
0.186619
1.63966
-1.0382
-0.658165
1.14998
-1.23154
1.10683
-1.22383
0.461683
0.638486
2.49324
-2.24626
1.74001
-1.56067
3.75158
-3.27132
-2.0109
2.23655
0.482348
-1.34662
1.5243
0.393826
-3.09661
3.36257
0.654968
-2.84701
3.0519
0.51556
5.30295
-4.72124
-1.78659
1.97329
0.449954
6.65397
-5.97535
-4.20914
4.71888
1.09381
6.51985
-6.513
0.00376552
-5.26834
5.90934
1.38564
5.78904
1.69427
-1.14343
-1.97535
2.63261
3.2172
-2.57593
3.22365
-1.85967
1.63754
-1.28465
0.230774
-1.56923
-1.24027
0.566959
0.24041
-3.83099
-0.996412
-0.941751
-6.90077
6.66683
-0.348763
3.60037
3.72757
7.46636
8.25855
-6.6698
6.70043
0.0536211
7.56012
-7.54777
-7.87932
0.668081
-0.603707
0.248503
0.424406
-1.84646
6.7308
0.00135547
6.73893
3.68735
3.75204
7.27379
0.289325
-7.52454
6.73976
0.00496787
6.75015
6.51044
0.0505333
6.52595
-0.857711
-0.000903726
1.1881
7.27446
-6.50795
6.51541
-6.49349
6.46668
-6.6812
6.60421
6.74879
-6.76838
0.0189027
0.0176979
-6.72681
6.73223
-6.71905
6.72703
-6.71408
6.71769
-6.71122
6.71099
-6.72809
6.72997
6.72289
-6.72635
6.71913
-6.71935
-6.71476
6.72221
-6.71024
6.72274
6.70956
-6.66919
6.57543
-6.48386
6.37345
-6.51036
-7.1249
-0.484237
-0.179663
3.67139
-7.40174
-3.65135
-3.9669
-3.46699
-8.14897
-7.32199
0.0107694
-7.15457
-0.000828509
1.78493
6.59025
-6.60833
-6.69575
-0.0111459
-6.69698
6.71047
-6.71797
0.0079076
-0.00497049
6.70482
-6.70244
6.71595
-6.71504
6.71603
-6.71921
6.73092
-6.671
10.7567
-12.178
13.4155
-13.0093
3.47532
-2.934
8.51873
-6.67425
6.20228
-2.30268
5.47707
3.7033
-4.17583
-5.53447
2.68891
-5.65374
5.77465
-2.33663
4.13882
-0.512667
0.38601
-0.836195
0.00308773
-0.0064767
0.774477
4.85805
1.11859
0.412557
-0.0875108
0.0129534
3.8934
3.56437
7.60184
7.31641
2.52515
0.526752
-0.00158152
2.83942
-3.74248
4.18911
8.55452
0.9764
1.23353
1.54373
0.657001
-0.216291
-1.06592
1.57881
-1.01954
0.742574
-0.751448
-0.601839
-0.94007
-1.56649
0.221639
-0.826505
0.917794
0.59316
-0.364532
0.23915
-1.48692
-1.59643
-1.3854
-0.99002
-0.0825727
0.0698559
0.133255
0.00712045
0.0102592
0.102723
-0.00203123
0.0125015
-0.000150621
-0.167867
0.201606
0.0462406
-0.00240994
0.00617546
0.0178486
0.00233462
-0.0120497
0.00406677
-0.00293711
0.000451863
-0.000979036
0.0256056
-0.0143843
0.0128028
-7.53105e-05
0.000964259
-0.156081
-0.100392
0.0259067
-0.0591222
0.0134806
0.0110706
-0.420048
-0.0230726
0.0715825
0.0304354
1.5493e-05
-0.00938823
0.0921047
-0.0125768
0.00557304
0.00979036
-0.837012
-0.969573
6.72974
-6.74232
6.78608
-6.73245
-6.7494
6.7671
-6.7381
6.75158
-6.50728
6.51805
-6.85345
6.7896
-5.56318
7.34812
2.99133
-4.22492
-3.17682
-6.47328
6.37282
6.70102
-6.85677
-0.148701
-6.75415
6.77305
-6.49312
6.54365
3.0122
-2.41904
7.93043
-8.30069
-6.75362
6.75264
-6.74955
6.76062
6.75746
-6.75701
0.0193548
-6.73261
6.74541
-6.73554
6.73961
-6.7384
6.76401
6.75068
-6.76273
-0.00293711
-0.950677
2.13632
6.75475
-6.76122
6.74684
-6.74691
0.0112966
6.75189
-6.74571
0.0192795
6.73908
-6.75347
-0.0236475
6.74232
-6.74473
0.00391614
6.74383
-6.74586
0.734184
-1.5618
-6.58733
6.78894
1.27377
-1.68049
-6.0814
5.91353
-3.21244
-4.10954
1.78242
-1.07303
6.43784
-6.43867
-0.0354677
-2.00145
-6.14752
-6.22637
-7.00523
6.76514
-6.76378
0.0157397
6.77191
-6.76697
0.0176973
-6.74398
6.73901
-0.0142337
-3.89061
-3.26396
-7.10306
-6.44078
6.60428
-6.53687
0.111158
-6.74827
6.75384
-0.00444331
-6.74887
6.74601
-0.00986567
-6.72199
6.72989
3.42891
-6.48926
-6.74066
6.75045
-6.73374
6.74624
0.0201079
-6.67605
6.76815
0.110029
6.80167
-6.69894
0.214334
-6.67399
6.74258
7.00434
-7.08181
-5.15659
6.49072
-6.72813
5.50477
-8.07457
4.3377
-4.1415
5.19321
-0.350206
0.823332
-1.67691
-4.43534
4.09988
-1.73349
6.58176
-6.36012
0.500363
2.15688
-5.18679
2.6327
-3.79982
-4.43798
3.44542
6.74993
-6.74684
0.00421739
-5.70198
5.8886
-6.75158
6.75068
-0.00557297
-4.92463
6.11273
0.429411
6.75196
-6.75354
0.00240972
-5.41776
6.53635
2.84079
0.834365
1.80309
-1.4093
3.8207
-3.16574
1.35914
-0.131643
-3.06316
3.57872
0.757548
-2.77802
3.30477
0.800701
-6.48762
6.40011
0.280532
6.53898
-6.53522
0.0317056
6.70866
-5.32302
1.78403
2.0251
1.43571
-1.14759
0.485159
0.653866
4.93073
-3.95433
-0.510639
1.15157
1.73368
-0.381615
0.449511
-1.46645
4.31324
-3.39545
1.14751
1.53528
-8.85185
8.59349
-1.58596
6.46623
-6.815
-0.538997
-0.414885
-6.66385
5.9124
-0.750318
-2.59467
0.625039
-1.69551
0.841621
-1.09566
0.322945
-0.461358
5.55791
-4.4641
1.60359
1.64862
2.06216
-1.61221
2.3889
-1.90655
6.49935
-6.67693
-0.353483
2.6197
-1.47887
-1.14192
-0.881369
-6.74835
6.75761
0.00233462
-1.02976
0.423451
-0.60292
3.58621
3.68758
-0.968127
0.428818
-0.0138571
4.47736
3.12448
-1.11054
6.75678
-0.00203338
6.77463
3.21531
4.25105
6.80151
7.09184
0.00926032
-6.49877
6.52467
0.0192792
0.00361484
-0.303776
0.000677794
-6.8047
6.80542
6.74624
-6.74917
-0.944148
1.54955
0.512619
-0.0188332
1.04825
-6.7668
6.76913
-0.000677794
-6.725
6.77124
-1.92462
-0.437431
6.69103
-6.75791
0.0135555
0.0860063
0.00557297
6.47587
0.0677794
6.48883
-6.73313
0.0111459
-6.73328
6.73532
-6.74646
6.77719
-6.7625
0.00240994
0.0171708
-0.00700387
-6.35918
0.00824489
-6.4648
6.74804
-6.75742
-0.0152004
0.00218357
6.30038
-6.14107
4.29582
-4.89797
-7.68181
7.4871
-0.0346875
-0.945236
0.0447344
-1.53708
6.46535
-1.68646
2.84432
0.0277896
-0.88528
0.279602
6.50389
-0.615287
6.20799
-0.578331
-0.98142
1.55684
1.46241
-6.61279
6.65519
0.0782476
0.118313
1.24885
-0.679524
0.562307
0.634236
1.03916
1.96207
0.552686
1.02306
-0.0141584
0.254196
-1.25672
-1.21633
-0.780655
0.77669
6.55969
-6.79444
-0.198217
-4.71444
-3.02093
-7.30911
-7.13047
-1.542
-0.0064863
-0.00967529
-0.00581511
-1.49545
0.0390108
0.0382822
0.0079076
0.0722981
-0.00489518
-0.0463913
-0.0165683
-0.0137187
-0.172894
-0.00409908
-1.81556
0.844728
6.81748
-6.82238
-6.78721
6.82622
-6.81432
6.82223
-6.78404
6.79534
-6.81424
6.81131
6.75628
-6.67843
-6.84879
6.88542
6.80347
-6.7979
7.46869
2.31725
-1.54056
-6.79359
6.8092
-6.49602
6.51533
-7.49738
1.27101
-8.03638
-6.79745
6.8168
6.7796
-6.79617
6.81338
-6.8042
0.0197086
-6.51077
6.21716
-6.77169
6.78886
0.031781
5.08552
-6.44975
-1.79876
2.31138
0.518492
6.88811
-6.90489
0.0471016
6.80061
-6.80129
0.0165683
-6.78472
6.804
6.7851
-6.80874
-0.0291452
6.80061
-6.79669
0.0134053
-1.21898
0.217307
-6.55804
6.98685
-3.60664
2.84738
10.5122
-2.94014
-6.42323
6.37684
2.8047
-4.18769
-6.78239
6.77538
-0.00278649
6.89133
-6.99095
-0.00909046
6.79391
-6.79323
-0.00278649
6.81657
-6.80049
0.0118528
-6.80272
6.78849
-0.0273377
5.42837
-6.16405
6.80242
-6.80686
-0.90849
1.74605
-6.8037
6.79383
-0.0152127
2.60459
-4.72051
-1.90972
-1.35859
6.79941
-6.797
-0.00188276
6.80069
-6.79707
0.00323816
6.7857
-6.79956
-0.023045
0.585945
-1.60526
-6.79781
6.80052
-0.00746057
6.47181
-6.40403
0.0485752
6.91516
-6.80513
6.97044
-6.7561
0.4124
6.60972
-6.58609
6.80749
-12.014
-13.5348
15.5677
0.133796
10.3465
-7.10598
-6.80182
6.82961
-3.61632
2.88236
-0.238667
1.971
-1.00136
-6.67257
6.67686
-0.00180213
-6.80212
6.84685
0.0153633
4.04711
3.2693
7.17159
6.95688
6.8159
-6.81349
0.0188256
3.79136
-2.99065
-6.70941
6.98994
0.205748
6.49252
-6.46081
-0.00346461
-6.77854
6.78969
0.0103175
6.81409
-6.81612
0.0122756
2.1018
-1.0848
6.6627
-7.00968
-0.315904
6.8031
-6.81725
-0.0112213
-6.80792
6.80234
-0.0140831
6.79918
-6.79496
0.0144596
-6.80603
6.80837
-0.00369021
0.906313
-1.84449
-7.11039
5.08073
10.8605
-7.00614
-0.110204
-0.39885
-1.50089
2.05338
0.810498
-6.78894
6.80905
0.0134806
6.22543
-6.25963
-0.281495
6.58884
-6.47768
0.184812
0.0505538
-0.0140077
-4.81189
6.59592
1.6743
-3.21487
0.0575852
-1.26677
1.03303
2.75832
-1.03602
0.0107694
-0.0064767
-5.16976
0.0198067
-1.69381
2.46054
-0.00594953
-2.53097
-0.038606
-1.18019
-6.69985
6.77809
-0.825923
0.00610015
0.0111459
-5.99696
-2.4133
-8.02372
6.86206
-6.78977
-0.00711067
3.57815
3.22336
-1.02889
1.53483
2.10922
-3.64405
0.041722
1.05179
-0.083972
-4.13289
5.73647
0.743325
1.3103
1.10565
-6.80598
6.81947
0.0346428
-0.00421739
0.547892
-1.65714
0.985102
0.561617
-1.2665
-6.50181
6.58822
-0.00632612
0.105962
-6.56203
-0.0261087
-6.59663
0.0364503
-0.00799058
-1.26772
1.72596
-0.886896
0.022615
1.13227
1.26661
6.60751
-6.10715
4.04129
-5.21225
-0.00374303
-0.586443
5.77654
-6.39183
-3.82284
-3.28022
2.03193
6.62205
-6.50374
0.14437
2.88206
4.07482
6.46021
-3.94853
0.957874
-3.19098
-5.46212
4.7118
1.1454
-2.59731
0.0137698
6.96057
-4.93547
2.14868
2.53322
6.24557
-4.59695
2.11268
1.99897
0.879702
-2.05433
0.929805
5.64173
-6.05662
-2.39465
0.933323
6.86161
-7.05983
0.161767
-1.76431
0.638515
-2.8132
-1.50879
-2.1405
-3.42821
4.96349
2.30827
-3.07919
-3.66182
-3.46865
-6.25913
-7.29148
0.00314248
-1.76792
0.0059473
-1.69561
0.330649
-1.97654
-3.82344
0.632457
-2.67593
4.45296
2.71863
6.98618
6.79346
-0.898448
2.57275
-6.68058
7.12042
4.33766
-3.30462
8.18804
-6.61696
-6.8778
6.87185
0.274356
-7.29384
6.95531
-6.8575
6.87636
-0.503744
-2.31228
0.61735
-1.56873
6.46491
-7.39189
-0.919136
6.84399
-6.86523
6.753
-6.90014
0.108783
-6.85122
6.86779
-6.85564
6.85446
-0.0108185
-1.87079
0.254404
-6.85875
6.85211
-0.00414844
6.83465
-6.84113
-1.0735
0.351052
4.50183
-2.96701
3.60338
1.37065
-6.84745
6.86086
6.91561
-6.87389
0.885726
-6.51691
6.85347
1.96393
6.5079
-5.01717
-6.51168
2.36918
-6.85077
6.88541
-1.03841
1.54585
3.26834
-6.09079
-6.84622
6.86513
-6.79045
6.73527
0.0367174
0.150519
6.84888
-6.85167
0.0014309
6.88017
-7.12517
0.00894174
6.86184
-6.87585
6.83638
-6.86372
6.85446
-6.84369
0.00278649
-6.85295
6.87276
3.14493
-2.91348
0.497996
-1.5968
-0.832235
-0.886253
6.87118
-6.86003
-6.86255
6.85509
-0.0104087
6.85899
-6.85596
0.00602494
6.83608
-6.85913
6.7173
-6.59376
-6.87128
6.86494
-0.0161916
-6.31178
6.36037
-0.747738
1.82162
-1.99464
0.726557
-1.37712
-6.35477
7.23447
-2.00182
1.11399
-6.69998
6.66762
-0.000421891
6.58531
-6.57052
0.0723584
-1.08478
2.23806
7.28252
-6.87012
0.92775
-6.86244
6.84723
-0.0260574
6.87436
-6.86832
0.0169025
-7.31602
6.86731
-0.0288114
-8.44999
6.86855
-6.86463
0.00250783
-6.86365
6.87901
-0.00180745
6.98136
-6.87539
0.111234
-6.86312
7.06887
0.0524914
-6.84248
6.8397
-0.00783229
5.26774
-4.43338
-6.66434
6.72566
-0.00495537
-7.87399
5.06026
-4.04928
-7.0517
6.46525
-1.27516
-0.594576
6.30166
-6.30486
-0.267533
6.87931
-6.86703
0.0285427
6.85995
-6.86184
0.00873603
6.84527
-6.87442
-0.0325341
6.88255
-6.87645
0.015514
-2.04235
2.89756
-1.12408
6.87389
-6.88511
-0.00256056
3.09124
-6.8757
6.86161
-0.0284674
6.86734
-6.85288
0.0236475
-6.87524
6.87155
-0.0136312
-6.83104
6.86282
0.0401405
-6.86673
6.88021
-0.00180745
-5.66036
5.33102
1.17229
-2.08045
6.44485
-6.26003
0.133083
1.50684
-2.01397
0.0437879
2.28756
6.53401
-4.53505
-0.038333
2.65846
8.73715
-0.176113
-4.21972
6.33241
2.31429
-1.275
-6.39785
6.67221
0.00164674
-2.49951
0.930675
-1.68902
-0.0235648
-0.0132546
5.28075
-8.93236
9.51318
-1.59993
0.0203369
5.88182
0.00512111
-0.024024
-6.78005
7.71337
0.288816
-5.34551
-0.0902245
-6.25238
0.0201832
-2.53706
0.01092
-0.480969
-0.0042927
2.59891
-1.89036
6.84994
-6.85416
-4.1764
3.00708
-2.13636
-0.539656
1.76109
-3.64857
0.343943
-2.69069
6.28325
0.0771632
6.19931
1.43807
0.806039
-0.901958
-3.84695
-6.85627
6.89272
-1.05796
-1.94123
-4.28833
0.0325341
0.81669
6.40147
-6.2571
0.141435
-3.13126
-5.31873
-0.105338
0.00459394
6.85258
-6.84226
-0.0011424
-2.38854
-3.14978
-4.42348
0.0465694
4.75774
0.641957
-5.11373
-5.17074
-2.12074
7.04371
-6.88195
0.645863
6.68576
-4.53708
2.15072
2.4491
-1.99347
6.75121
4.46674
5.47605
-1.4587
1.55758
0.324227
0.0114472
-8.302
-0.00918788
0.0136312
-4.77536
2.08467
-4.1429
0.0173214
0.0205598
1.74157
-2.28391
6.87253
-6.91087
8.03766
-5.72337
-1.85535
-8.36659
6.35935
3.10588
3.22653
1.40222
-7.37425
6.91719
-7.29721
0.415112
5.41415
-7.30013
7.34982
6.89648
-6.89505
-7.08544
7.00787
-5.22756
8.14156
-8.26568
-2.14973
0.77263
-1.21914
-3.2559
6.48242
4.78176
-0.211758
6.8862
-6.8833
6.90376
5.96668
-5.83355
-6.9742
6.88917
-6.90439
6.92171
-6.88744
6.89889
6.9007
-6.88014
-7.24663
0.442765
-2.07925
6.87999
-6.90401
8.17969
6.90591
-6.89498
6.8955
-6.89303
6.89909
-6.89927
-6.89467
-6.88804
6.90167
-6.90424
3.5588
6.91267
-6.92684
6.91869
-6.90658
-3.87224
4.21618
-2.15788
0.882724
-1.38517
-6.90853
6.88247
5.94848
-6.20516
-1.02862
2.48907
-1.14002
5.69144
-5.79477
-0.504843
6.8885
-6.89633
-6.89934
2.31079
-6.18748
-0.981877
1.98137
1.50509
7.37222
-7.96679
0.490271
-6.89656
6.91501
-1.26567
2.96866
-2.50989
1.60772
-4.86245
3.56869
6.88654
-6.89987
6.89068
6.91019
-6.3022
-7.05507
-3.49147
0.202202
-5.11775
-2.93483
-6.94657
-8.03566
-2.49074
-6.16314
-1.13855
2.54078
6.40689
-5.99178
-2.76664
1.49937
-1.02709
-1.78757
1.75598
-1.27479
-3.27834
-4.02669
4.96845
-3.22779
2.31054
-5.7395
-1.82248
5.63255
-2.07375
3.84498
4.40868
-6.20016
0.476791
-4.04944
-5.66061
-1.62743
3.89815
0.318036
-5.82775
5.90509
0.13907
0.111647
-5.84102
5.98248
0.565885
0.148969
-1.73489
2.02988
0.0310476
4.45356
2.3399
6.90266
6.80664
-0.6766
5.2688
6.64382
-5.99795
0.652038
-3.84128
0.879939
-3.27057
2.71539
-3.85394
1.32163
4.31589
2.26276
0.452626
-2.13821
6.91998
-0.250558
-2.38976
-3.69974
-5.0116
1.77982
-3.25671
6.33093
-2.37968
0.752279
-1.94657
1.26877
0.561731
-1.94692
-1.81794
-0.625298
0.17922
2.61873
-0.869889
-4.7252
5.04324
4.89685
-5.47476
-1.1949
2.65147
1.2801
2.70624
1.56883
-2.24563
-5.36349
2.92485
-6.07347
-4.14346
4.15995
-1.42578
6.28689
-1.40412
-8.13617
-4.31634
2.00046
2.31588
-2.68459
2.85321
1.54417
5.37581
5.95284
6.02785
7.16911
-4.5669
4.78888
-4.63986
0.701892
-2.49546
1.62718
-0.991176
5.13085
-2.65205
1.62476
-1.08326
5.32368
-5.21118
-0.153
1.63746
-0.880229
4.29172
0.751523
-5.76035
5.89976
-5.69521
6.26111
-7.6459
-1.2847
-3.64668
-4.25189
4.99361
-2.80414
0.558606
-2.05187
0.514627
0.332646
8.02293
4.53375
-3.75374
0.781129
-3.26789
-0.971289
-4.2556
-4.28366
3.31245
0.692045
-0.180478
2.27261
-2.45309
0.220728
5.07261
3.02712
-1.73284
1.56491
5.40526
6.15679
3.19985
2.95694
1.62129
2.52457
-1.96593
-2.80541
1.81085
-1.18108
-4.23486
4.92986
1.44126
-4.03076
0.377159
-1.34202
4.54188
-5.65633
3.65159
-0.102206
-2.45192
4.57826
-3.58237
0.294597
-4.6396
-0.962966
-2.79023
0.824299
-3.5712
3.92656
2.5249
-2.61706
0.0506594
-0.810416
-2.56951
-5.36342
1.13005
-2.05127
-3.10222
4.23398
2.05541
-4.1066
1.87055
2.67135
4.80197
0.120043
3.00456
-1.56339
1.82398
-3.3458
3.39838
-4.03871
0.93286
-1.98285
-2.41721
3.39796
0.253632
-2.90182
1.33841
-2.07752
4.02533
0.200692
1.32043
4.13327
3.19098
0.407366
-4.60423
-2.96598
-1.14059
3.23084
-1.40599
2.05042
-3.38883
7.45574
2.65055
4.80518
3.58199
3.87374
4.00787
3.44786
3.27917
4.17657
7.45574
-6.51743
6.51743
-5.49931
5.49931
4.07815
-4.07815
3.08697
-3.08697
2.44388
-2.44388
-2.04412
2.04412
-1.64693
1.64693
1.31164
-1.31061
-0.0946934
1.40917
0.141962
0.0126516
-0.838034
-4.18544
2.00781
-2.77568
1.94081
-2.98531
2.46752
-3.03838
3.16599
-1.59529
1.99288
-1.27597
1.51712
-1.06306
1.70868
-1.02618
1.27668
-0.868724
1.23328
-0.688801
0.737397
-0.364011
0.409031
0.370154
-0.253958
0.0454745
0.218964
0.119576
0.275986
2.5013
-0.888873
-3.19662
3.9012
3.55092
-6.90487
3.85619
-4.03632
6.09895
-5.41663
5.39983
-4.13766
3.65812
-4.63391
6.93245
-4.79727
3.48384
-3.99611
25.6905
-3.10377
40.145
-15.6483
5.00855
-4.36637
25.3519
-19.2648
6.74242
-11.3919
6.71374
-6.71374
6.70251
-6.70251
6.69152
-6.69152
6.68652
-6.68652
6.64841
-6.64841
6.54184
-6.54184
6.46293
-6.46293
6.82669
-6.82669
-7.45574
-3.01686
-4.43887
-3.52076
-3.93497
-3.39394
-4.06179
-3.54411
-3.91163
-7.45574
6.36501
-6.36502
6.42135
-6.42135
-6.556
6.556
-6.70504
6.70504
-6.7253
6.7253
-6.7262
6.7262
-6.72711
6.72711
-6.72131
6.72131
-6.70896
6.70896
-6.70903
6.70903
-6.7082
6.7082
-6.70617
6.70617
-6.70226
6.70226
-6.70527
6.70527
-6.72726
6.72726
-6.74963
6.74963
-6.66445
6.66445
-6.52151
6.52151
-6.47226
6.47226
-6.49078
6.49078
-6.45983
6.45983
-6.39958
6.39958
-6.32525
6.32525
-6.75836
6.75836
10.1063
0.938308
-0.0389625
-10.4726
-1.09072
-3.21922
8.02441
4.23652
7.81851
3.51918
3.93655
3.29898
4.15676
7.30685
7.43593
2.57743
4.87831
6.38587
0.13156
6.38587
-0.00859111
0.886555
-4.81425
4.81425
-3.46229
3.46229
-2.7279
2.7279
2.22744
-2.22744
1.84453
-1.84453
-1.45786
1.45786
1.22096
-1.1996
0.197604
-5.21948
-0.996656
-1.14829
-0.572074
1.53371
0.749061
0.475802
0.673011
0.349237
0.397873
0.287862
0.12198
-0.188143
0.382908
-0.266017
-3.02582
3.3799
6.08539
-4.57096
-4.24256
3.81047
-4.28039
4.91544
-6.4236
7.44679
-9.9871
10.7888
-4.78664
6.35316
-20.273
6.25562
-2.98472
1.71077
-48.4936
49.8701
-39.6495
5.28908
-4.88705
8.49649
-35.6247
49.4445
-6.7076
6.71422
-6.7068
6.7068
-6.69494
6.69494
-6.69268
6.69268
-6.67108
6.67108
-6.61151
6.61151
-6.46981
6.46981
-6.59875
6.59875
0.183321
-6.43801
6.43801
-3.88459
-3.57115
-4.06225
-3.39349
-4.0502
-3.40554
7.39293
-3.06958
-4.38616
-6.66001
0.294991
-6.66001
-0.238659
6.42594
-6.42594
6.65888
-6.65888
6.72455
-6.72455
6.72809
-6.72809
6.72741
-6.72741
6.71988
-6.71988
6.71295
-6.71295
6.70391
-6.70391
6.70489
-6.70489
6.70354
-6.70354
6.70241
-6.70241
6.69819
-6.69819
6.70918
-6.70918
6.73765
-6.73765
6.72372
-6.72372
6.58342
-6.58342
6.48627
-6.48627
6.47964
-6.47964
6.4877
-6.4877
6.43724
-6.43724
6.3303
-6.3303
6.50344
-6.50344
6.33346
-6.33346
2.83672
-6.61369
6.75399
0.685062
0.615866
0.359073
0.216435
0.199588
0.189074
0.121366
-0.0781171
-0.132878
-0.683472
-0.438219
-0.232152
-0.288056
-0.338563
-0.00356407
4.95533
0.00399151
0.11304
0.498366
0.00358362
0.00693609
0.00757623
-0.00115978
0.0154386
0.0369021
0.0720345
-0.135822
0.388685
-7.58301
-7.44414
0.00459394
0.102874
0.0195054
0.00278649
0.00120497
-0.00722981
-0.00835946
-0.0050458
-0.00414208
-0.00466925
-0.00376552
-0.00406677
0.00391612
0.0103927
-0.025906
-0.0810343
-0.0352453
0.00738043
-0.00308773
-0.0225931
-0.0692856
0.178185
-0.424902
0.0110487
0.000640194
0.0042927
0.0034191
0.0061604
0.0226685
0.0696622
0.00688338
-0.227942
-7.81956
-7.45528
-7.31717
0.000753105
-0.00188276
-0.000301242
0.0014309
-0.00399146
0.00512111
0.00331366
0.00263587
-0.000150621
0.00707918
0.0180745
0.0119743
-0.0592683
-0.0619052
-0.0140078
0.0111459
-0.0278649
-0.0376552
-0.0050458
0.254926
7.38442
0.147284
0.284018
0.375317
0.7361
0.780427
-0.0104448
0.0484443
0.141195
-3.13826
-0.628222
-0.633718
-0.453769
-0.310119
-0.521833
-0.104672
0.347387
-0.632301
-0.160789
-8.01002
0.0461653
0.130061
4.78515
3.03336
-1.42551
1.57278
5.69171
-5.00665
-3.66934
4.2852
7.82145
-7.68989
4.25709
-4.15257
-6.69334
6.61114
-3.00998
3.36905
-4.29282
5.02892
1.39889
1.35958
-2.37913
2.59557
3.83224
-3.45692
0.822262
2.18985
-1.99026
-4.09463
-3.48838
1.75913
-1.57007
0.333516
-0.992641
1.379
-1.25569
-2.73351
3.01752
0.635545
0.638392
-0.262576
-4.51772
-2.09597
-1.76088
1.95848
0.428969
0.388403
-5.87189
6.75844
1.94956
1.7518
-1.53331
0.543293
-4.30399
-3.70603
-1.48024
1.65638
-2.01332
1.60626
0.469593
-1.2145
1.32551
-0.656662
-0.0987778
-4.45571
3.89122
-2.31206
1.78404
-0.516354
-0.714936
-4.16025
4.14407
-2.9963
3.19443
-0.816792
-1.08363
-6.94454
5.34996
-3.87729
3.19087
-1.39722
-1.19187
-7.89674
8.30715
4.83286
-5.42983
-1.12585
-11.1075
4.73003
-7.03732
4.99016
-1.67135
-0.634886
-12.8447
8.98858
8.37895
-6.87117
-0.194056
-5.82282
4.13581
9.02682
-3.53171
-0.00867746
-5.23963
9.36048
8.31922
-4.33176
0.0138757
8.95674
-10.935
0.0237401
5.06729
-4.11655
0.0518811
10.6384
-10.5862
0.0378926
-6.72379
6.7277
-6.71871
6.72565
-6.70441
6.71199
6.70069
-6.70185
-6.68599
6.70143
6.69359
-6.65669
-6.49929
6.57133
6.31203
-6.44785
-4.25745
-3.56211
-8.56145
-7.65674
2.3266
-2.14328
0.336344
-4.03459
6.7546
-6.70843
-5.47688
-3.84663
-3.59751
-3.58335
-3.73382
-7.42998
-8.25154
6.25612
-6.25152
6.73923
-6.73848
4.00614
4.01827
8.79129
-6.41939
6.18073
-0.163273
-6.72907
6.74857
0.0101669
6.73404
-6.73592
-6.73072
6.73042
-6.72643
6.72786
-6.71212
6.70813
-6.71099
6.71611
-6.70949
6.7128
-6.70587
6.70851
-6.70467
6.70451
-6.70105
6.70813
-6.7134
6.73148
-6.7549
6.76688
-6.76068
6.70149
-6.55645
6.49455
-6.46804
6.45403
-6.49312
6.50426
-6.4767
6.44884
6.43355
-6.4712
-6.24971
6.24467
-6.52482
6.77975
3.52634
3.85808
6.71196
-6.66107
-0.000362996
3.77283
-1.13028
5.81662
-1.45869
0.384152
1.04619
-1.50726
2.47228
-1.5286
2.39607
-1.93207
-1.47503
2.00073
-1.11207
1.66575
-1.10282
1.97388
1.92053
-1.54909
-0.565321
0.59868
0.258809
0.303814
0.589132
-1.34812
-0.295835
-6.6228
6.72568
0.131793
-1.87327
-7.74062
7.79109
-7.57284
3.48446
3.95147
6.59117
0.102422
6.66083
0.521127
-1.41854
-0.960225
3.04781
4.25903
6.57415
7.7435
-1.43144
-7.35194
6.70024
0.000451863
6.7064
-0.00202603
0.82828
0.452285
0.262083
-0.0382934
-1.05368
7.36619
-6.52089
-0.831051
3.84392
-7.3323
-3.61136
0.317957
-0.919997
0.0401405
0.161541
0.0409285
-0.78676
-0.152282
0.841369
-0.194964
6.64568
-6.43863
6.72037
-6.71973
6.70968
-6.70539
6.69884
-6.69542
0.0204091
-6.67914
6.7018
-6.39932
6.4062
-6.74883
-6.5667
0.315174
-6.43664
-7.27785
4.72686
2.66607
-7.20887
7.76022
-1.09712
-6.72854
6.73133
-6.73358
6.73479
6.72304
-6.73027
6.72184
-6.7302
6.70534
-6.71039
6.70866
-6.7128
6.70933
-6.714
6.7125
-6.71626
6.70022
-6.70429
6.70429
-6.70037
6.73412
-6.72373
6.75491
-6.7808
6.57786
-6.65888
6.46292
-6.49816
6.45569
-6.44831
6.55668
-6.55977
-6.46013
6.43754
6.37322
-6.44251
6.32969
-6.15151
6.52415
-0.00501715
0.94916
0.801469
0.394073
0.629119
1.93574
-0.968699
4.88072
8.83219
0.465242
0.908423
0.73734
0.987193
-0.0265846
0.0799797
-0.0979789
-0.0391614
0.063562
-0.012351
-0.0935329
-0.182657
2.11038e-05
0.0207105
0.00323828
-0.00444331
0.00662732
-0.000150621
-0.00233462
-0.00677794
-0.00459394
-0.00768167
-0.436801
0.172009
-0.197841
-0.110932
0.0222919
0.0559557
-0.044132
0.62824
-0.164323
-0.0792305
0.0431565
0.031103
0.00384089
-0.0117484
-0.00549766
4.32645e-14
0.0057236
-0.0416467
-0.00301242
0.00527173
0.00165683
-0.00304719
0.00798253
0.0202585
0.0165683
0.045111
0.289042
-0.022066
-0.00240994
-0.00316304
0.00549766
-0.00715449
-0.00112966
-6.6759
6.77832
6.43219
-6.37624
6.76514
-6.72003
0.0892429
-6.71867
6.73524
-3.0229
3.84516
-1.58848
1.23435
5.71426
2.04596
-11.0366
4.27094
-4.68241
5.81892
-2.161
2.49734
6.15121
-6.98226
-2.41024
-1.19252
1.32258
-3.12132
-4.21099
1.81817
-1.48481
-6.75204
6.76002
6.73509
-6.75716
-2.19465
2.64693
-5.49933
3.73946
1.46329
-0.746919
-2.98932
3.57098
4.26665
-3.43837
1.24375
-1.01574
0.23077
-0.809117
-1.40019
4.73495
-4.65715
-5.91699
5.97316
-13.3636
8.69619
6.05413
-6.8587
0.00875642
-6.73178
6.75204
6.75994
-6.75829
0.0281661
6.74398
-6.73871
0.0253043
-6.72199
6.7424
11.0205
-3.91496
0.0993605
6.8775
-6.58846
-6.53846
6.34061
5.49012
-4.7909
0.0141707
-6.42993
6.60194
6.73532
-6.73486
0.01333
6.524
2.2673
7.36536
7.98155
6.75603
-6.59449
0.326094
-1.14642
-1.20456
1.56328
-1.30542
1.62408
0.512365
0.471795
6.76574
-6.76687
6.76386
-6.77101
6.75665
-6.76456
-1.57321
0.659924
5.73158
-5.89485
5.43553
-6.53266
-2.81601
-0.801077
-6.76808
6.77824
-0.00421739
-6.75392
6.75942
0.0118237
5.93868
-6.37548
-1.04358
6.76582
-6.7735
-6.76152
6.75693
-0.026434
-6.24527
6.20362
0.35667
-0.171858
-6.73193
6.73765
6.7369
-6.7369
6.73622
-6.74172
6.73848
-6.75023
-6.72095
6.72477
-6.72556
6.75667
-6.74923
6.79249
-6.90067
6.81979
-5.75523
6.38347
1.61014
6.40777
-6.50123
-6.4099
6.39755
0.0222928
6.74541
-6.72312
0.0253796
6.00066
-5.92068
-0.537792
0.462783
6.37503
-6.41419
-6.44658
6.33564
-0.071545
-6.56451
6.46653
-0.223898
-6.60356
6.4395
-0.195559
-6.23578
6.55096
0.641721
-6.77696
6.8171
0.00128028
-1.51136
0.528698
2.15518
-1.43559
1.01752
2.02457
-1.20124
-6.7604
6.89219
0.0567088
5.73971
3.09247
7.68927
3.54897
-9.29968
-0.631217
0.342179
-1.06779
-0.255064
-6.45102
6.42444
0.015514
1.52408
-0.840777
1.62321
-0.65981
6.75227
-6.75275
0.000225892
14.1743
-16.9078
-0.116844
12.3176
-6.68297
-0.00850707
0.0192795
-1.56954
0.602764
-1.1005
-0.971931
5.11464
2.62886
8.20711
6.3602
0.213957
8.98906
0.656105
0.635118
-0.840136
-4.40016
5.79906
-5.15327
6.90507
2.536
2.5049
0.0102422
-6.45122
-0.594245
2.96778
-2.32939
0.773137
-2.69163
3.32718
1.15353
0.997788
0.183833
-0.00927915
0.485933
1.33002
0.305804
0.992102
-5.15039
-0.0493274
-3.86072
5.2203
1.93834
1.78192
2.10348
-1.71508
0.618648
0.000241127
0.582073
0.916676
1.31962
-1.96779
-3.2652
2.50361
1.52832
-2.01572
-1.86853
2.96157
-4.77431
-2.53412
-4.82722
3.57673
-1.94108
-1.65752
0.782889
0.00173214
-0.814486
7.02935
-8.32553
-1.25221
0.01333
6.7381
8.78406
3.69368
-6.815
-3.51519
6.7498
-6.64703
1.9274
0.569941
2.35637
-0.00900704
0.303727
-6.73991
0.00798291
-6.74225
0.334677
6.73336
-6.73637
-0.00150621
0.00270529
-0.00112966
-0.0115978
-3.183
-4.24698
-6.69819
-7.06299
-0.0145142
-0.0122571
-1.00421
-6.47542
0.0991842
-6.41186
6.75731
-6.76047
-6.75927
6.75686
-6.73765
6.73087
-0.00534704
6.74789
-6.74804
-6.74134
6.74797
-6.73667
6.73223
6.72903
-6.72579
6.75999
-6.73926
6.82097
-6.82044
0.480879
6.64467
-6.82693
-6.43853
-0.0626544
-6.48265
-0.0850905
-0.00956443
-0.0762142
-0.940097
0.448684
-0.25472
0.0722461
-4.82725
-2.82949
-7.23749
-7.04047
0.0344644
0.00806114
-0.00286183
0.0109953
0.00337538
0.0533147
0.0308904
-0.0118987
1.20135e-13
-0.00233462
0.00534704
-0.0166436
-0.0262834
-0.0118237
0.00625077
-0.0179994
-0.387599
6.40536
-6.79119
6.77041
-6.78836
6.79828
-6.80987
-6.77998
6.79331
-7.03531
5.99947
5.09872
-7.00094
-6.72809
6.91192
-6.65272
6.27884
-6.7921
6.82027
8.51244
-8.05243
0.0139515
6.80423
-6.82087
1.06505
-2.8273
6.79983
-6.76493
7.1538
-6.59179
0.00778905
-7.21459
6.93997
-0.819012
-3.08216
4.32591
-3.47994
1.65681
6.13571
-6.03651
6.78495
-6.79677
-1.69563
-6.17046
5.86293
6.19866
-6.27487
5.51573
-7.70844
-1.6262
6.80094
-6.81051
0.356883
-2.64083
-6.77064
6.79594
-2.42748
2.91342
-1.45625
2.54693
6.80656
-6.81612
-6.80851
6.81119
6.77614
-6.77764
-0.00384083
-8.02727
5.89778
7.21376
-6.91004
-6.81944
6.81522
-0.0211622
-2.78641
-4.02858
6.41532
-5.75922
0.615791
-1.58834
6.31418
-6.30394
6.79859
-6.81309
-0.00986443
6.78909
-6.81552
-6.81138
6.8232
-0.00481987
6.8583
-6.76906
0.130212
2.11406
-1.50176
0.651168
-8.85498
6.29521
5.24605
-6.28963
-1.99143
-6.81899
6.82433
-0.0147609
-6.91201
6.90771
0.0373613
6.78811
-6.79346
-3.15897
3.54618
-6.79346
6.80445
-0.00851009
-6.78193
6.78193
-6.7976
6.79474
-0.0271895
-6.7703
6.77852
-6.75973
6.79087
0.0406346
1.62045
-1.10156
6.49829
-6.56051
6.82192
-6.79654
0.052868
-6.40101
6.32947
-0.086833
6.61535
-6.83925
-6.38635
6.18808
0.111386
-6.46879
7.11051
0.744971
3.74316
5.04091
-6.83646
6.83774
-0.0212376
-6.58179
4.7263
1.58375
-1.51272
6.81206
-6.81033
0.0199573
-6.78065
6.78864
0.00745574
-3.11769
3.76285
-7.06463
8.40623
-0.329541
-0.185835
-1.08999
1.48723
-6.44138
6.45689
0.173967
-1.65076
0.80477
6.78856
-6.78969
0.01092
7.83537
-6.02617
-0.0665156
5.01608
-5.10705
-0.00812161
6.81018
-6.80997
-0.000150621
-6.87878
6.93549
-0.0410442
-1.29676
2.49476
-0.6613
-0.440878
-6.16774
6.19007
-0.0319968
-6.76108
6.84574
0.129911
-1.97472
0.601293
-2.40115
0.72414
-1.69756
-0.92907
4.12219
4.86686
4.4507
-5.25178
-2.61229
1.16355
-0.444273
-4.48271
6.98761
2.06732
-1.44869
0.405678
-5.00626
7.54227
3.20085
3.05956
-0.901989
0.825689
0.00670263
0.659631
0.00112981
-6.77945
6.79873
-2.73403
-6.34115
-0.218445
-6.42607
0.00954131
5.14981
-3.36788
2.06765
-5.95143
6.75862
6.66385
-6.30718
2.85773
1.46818
-4.06722
6.00556
2.92039
2.63767
4.01126
6.79519
-6.78186
4.25929
-5.9841
-2.43726
0.162151
0.152956
0.641283
-6.61331
6.93941
-0.0356715
-2.17595
-0.0120696
0.298606
-6.81236
6.81002
-1.86948
0.0245512
1.3513
2.54203
3.88977
-2.4437
1.85372
0.0140811
0.0546005
-0.0232709
-0.10836
5.52734
2.45422
-0.00790703
-1.24013
1.75226
0.827031
0.65135
-3.46375
-3.23443
-6.25017
-5.84673
0.0384083
-0.78798
7.86535
0.01333
-0.0108447
6.77772
-6.804
-5.89576
5.7239
0.768092
-0.565732
0.0109953
-0.235856
0.0138571
-6.79677
6.80302
-6.78049
-0.00780569
-6.79231
-0.00203664
0.0208488
0.00820884
6.83666
-6.78092
-0.600741
0.002184
0.0254549
0.00625019
-6.2287
-0.610542
-6.7665
0.0731518
1.27332
2.79138
-2.01825
0.3639
0.00625077
2.03703
0.876387
2.60697
7.13747
-4.61111
-2.42936
-6.60254
-6.45795
-0.0378059
0.632231
7.49512
-0.022066
-0.013628
0.10317
8.06771
-6.83804
6.87645
-6.83345
6.84437
6.81784
-6.74234
6.82682
-6.86462
-6.71758
6.77446
0.0860899
-1.37615
1.66304
-6.83324
6.86662
6.88134
-6.86139
0.0433035
-2.22596
0.551982
-2.02226
-1.40525
-2.45241
3.4502
1.55885
1.43195
1.00447
-1.7945
7.08415
-7.0587
6.76424
-6.64083
-3.34605
1.08796
-6.85069
6.90356
-6.83932
6.85318
-6.70695
6.79951
0.0690082
-6.87065
6.87178
7.59188
-8.28211
6.83096
-6.85827
6.84625
-6.85476
-2.66366
4.13183
6.83612
-6.84753
-5.33868
6.68998
-2.20521
0.812207
2.34893
-4.48098
-2.84918
-0.656284
-1.38454
0.20731
-1.279
-3.24967
6.87313
-6.87795
6.85508
-6.86576
-0.0155892
4.11301
3.38212
-7.15922
7.19713
5.62656
-5.65818
-7.3216
6.88191
6.28059
-6.12764
2.26308
4.8744
-7.35301
5.57779
6.84655
-6.8403
0.013104
6.85197
-6.87313
6.47053
-6.28563
0.0244654
5.95179
-5.7896
2.01623
-1.0655
-1.5452
1.27792
-1.28986
-3.36563
-6.35831
7.02287
6.37609
-6.88127
6.86003
-0.0292958
-6.80039
7.09899
6.96637
-6.83616
0.165984
6.85619
-6.83164
0.0158905
-6.88888
4.95611
-6.84904
6.86003
-0.00278727
6.87072
-6.88549
-7.11662
7.1878
0.498855
-6.82459
6.84877
0.0294328
-6.13697
5.90226
-0.508987
-6.84591
6.83833
-0.00817515
-1.00396
2.17834
1.15551
1.01802
-6.85922
6.85717
-0.0284343
-6.86914
6.87735
0.00158152
-6.83879
6.8455
5.25828
-5.8508
-3.02586
0.925828
3.25723
-0.570732
2.37898
6.84286
-6.8467
0.00353959
6.54708
-7.32112
0.0155216
-6.17749
6.09066
0.1031
5.33718
6.86726
-6.86508
0.0165683
-7.47577
8.22074
-0.391614
-6.86297
6.8763
0.0101669
6.86326
-6.87518
-0.00383733
-6.8586
6.86485
-0.0014547
-6.84617
6.85363
0.0138571
2.35477
-1.71349
0.906085
3.85206
4.0133
6.79765
-6.4775
-0.0347527
6.83075
-7.27982
0.00837646
6.87871
-6.87886
0.0173214
-6.92691
6.88586
-0.0668757
7.03635
-6.91545
0.163462
0.296636
-7.71089
6.73047
-6.87547
6.8522
-0.0486506
-1.42932
0.0448097
-1.56125
0.160871
4.94677
2.61255
-0.909852
1.85999
6.0717
-6.28203
-0.165013
4.46137
-7.05888
-2.90183
7.23417
0.293966
-0.172838
0.0148362
-6.55895
-0.0722958
-6.76721
0.00316304
-2.73731
2.88206
0.0183252
-2.33402
3.89287
-0.860715
-0.101228
-0.00707918
0.00331157
4.64553
-2.57788
1.98187
-0.000602484
-1.15483
1.98175
-3.88888
6.80927
3.59314
4.47457
7.60643
7.53413
4.95753
-3.64685
-1.0466
1.79781
0.0100894
-0.0117712
-0.0191243
-2.67711
-0.0118991
-2.51571
-4.24337
-2.0068
6.15347
-0.0628089
-6.20808
0.418502
6.83503
-6.85709
-0.00233462
6.86338
-6.87093
-1.43502
1.72785
-0.724852
6.6884
0.410593
7.32063
0.0674029
4.56743
-5.13316
-2.03511
2.47342
-6.71679
-3.98453
-3.83473
0.89348
-0.029597
-5.99999
6.76808
1.32064
1.63492
-0.0117312
-6.55081
0.42317
-6.37684
7.16121
-0.591107
-6.88059
6.86975
-0.00352874
1.06589
3.3465
-2.9826
2.32216
-1.41607
1.16734
1.43977
6.53884
-1.99997
-4.68318
1.03231
-1.96157
-0.762349
-0.028392
7.22182
-7.83236
0.844983
-2.8856
3.64525
-0.0115978
-0.0157399
2.14966
1.19683
3.02605
-1.67542
1.8154
-4.77033
1.29325
7.29435
-7.3526
-6.88707
6.9019
-3.10038
5.73806
3.70889
3.16018
6.91425
-6.87095
-6.71309
5.84413
7.1673
6.8656
0.934799
6.88323
-6.89482
-0.923221
6.88217
-6.89791
-6.89452
6.89392
3.73096
3.87548
-6.89573
6.89889
-6.90266
-1.55064
6.62025
-6.62566
6.90055
4.91404
-3.962
2.02161
-6.14694
3.65749
-3.22848
-3.39325
2.67405
-1.78057
1.25798
-4.72525
5.02023
6.10007
-5.6769
5.55302
-5.61583
7.37621
4.34858
0.792171
-3.63375
6.15729
-5.73869
1.43263
-0.18564
-6.90763
-6.77405
6.81615
6.89264
-6.89543
-7.20918
-6.89686
-8.38681
-6.88157
6.90723
4.29729
-2.49948
7.05268
-6.88669
-6.9076
6.89528
6.6294
-6.87984
7.29043
6.88616
-6.91546
6.95357
-6.88202
1.18909
-1.9144
6.7051
-6.71537
6.53251
5.25077
-5.75177
-1.49374
-0.728117
6.89826
-6.90579
-6.52218
6.78612
2.34223
-7.75193
7.61525
-1.84318
6.89746
6.90719
-5.59835
5.70145
0.501718
6.91041
-0.89155
3.43798
6.89882
6.8888
6.07888
-0.357165
-7.41958
5.07196
-1.02692
-1.74826
0.824393
6.28275
-7.31819
-2.11253
4.45476
8.21946
-3.80592
6.61617
2.99454
-1.04697
2.19392
2.18476
1.87837
5.66668
-5.1421
8.22405
4.41944
-2.43757
1.91997
-3.47526
0.0856276
-0.559359
-6.83089
1.15398
2.35155
-1.52798
0.667402
5.21352
-3.70399
1.58273
1.24548
0.934601
-2.38612
-2.33666
1.30979
-4.10623
1.54776
-2.63202
-2.83949
0.892302
-5.9859
-1.07716
-1.16929
-2.00806
1.24555
-0.698258
-0.669069
4.49423
-1.33405
2.05665
2.23815
-2.83567
6.54456
-5.22542
5.31104
-4.54054
6.7787
1.60445
-0.575648
0.379365
2.66268
-1.4047
1.4934
4.83101
-6.8648
2.12918
2.32559
-6.01964
0.743284
-4.29874
6.5114
-5.10763
5.60935
4.38473
6.37292
-5.21894
1.26529
1.55976
1.61841
-2.17802
2.53739
-2.09047
4.27522
2.17426
-1.2896
-2.4335
3.28326
-1.68492
3.8141
-0.214124
0.383933
3.47748
-1.25857
3.31907
5.21051
-8.03863
5.66471
-0.353659
4.71188
-2.79191
2.62141
1.08952
1.13898
5.47908
-3.65166
2.5903
2.47223
-1.80973
1.17631
2.41638
-0.92298
-6.90948
0.0898018
5.69121
-4.19598
3.52242
4.65858
-3.2255
4.38857
-3.44995
1.48949
2.32461
1.71811
-2.03426
1.36523
-0.316133
-0.812777
2.57563
4.97759
-6.51035
-1.7646
3.01008
1.75782
3.24731
0.545125
4.59155
-4.03396
-1.86409
1.60538
4.74795
-5.10161
-4.17761
1.07648
-2.85465
-4.41742
-3.32683
-6.06106
-0.204663
-2.43833
4.49498
2.77218
1.70307
-2.35171
2.44077
-3.4286
-0.1099
0.455784
-4.83645
4.10734
3.23759
-0.912982
-1.16749
2.28278
-2.72692
-0.457296
-2.90473
-3.90854
-5.62077
4.33193
-0.176416
-2.43599
-1.32207
2.92745
1.92525
2.00447
3.92639
-1.33608
4.06249
-4.23753
6.035
2.09521
-4.55657
-3.51516
-0.499283
1.30928
1.92831
-1.69766
-0.654257
3.23453
2.63036
-1.45673
1.44696
0.958354
3.67364
-3.79199
3.35174
-6.57702
-0.885424
-1.09788
0.629779
3.0134
-2.51046
-4.71684
3.38076
4.81144
-4.42751
-2.09544
-5.29267
4.19484
-0.544752
-0.290168
3.93957
0.8221
2.41244
-0.249342
-5.20486
0.777352
-2.56355
3.19295
2.82658
-2.37371
4.30202
3.36567
-0.953224
2.71141
-4.29293
3.74809
-0.822616
2.26069
-1.88361
-2.02321
0.147837
-4.68677
3.79925
1.73772
-1.32576
2.26542
0.488451
-4.28571
-0.49229
4.28455
4.50764
-4.7978
0.214727
0.639689
3.34879
3.77977
3.5635
3.71149
2.99039
-1.25147
2.16629
0.92774
2.38149
-2.87459
-3.64755
-0.641736
-1.56545
2.48989
0.610671
-0.429934
4.17801
4.15811
3.28161
2.03005
1.30338
)
;

boundaryField
{
    bullet
    {
        type            calculated;
        value           uniform 0;
    }
    topWall
    {
        type            calculated;
        value           nonuniform List<scalar> 
50
(
3.437e-15
4.00983e-15
8.01966e-15
5.15549e-15
7.44682e-15
2.29133e-15
2.86416e-15
3.437e-15
0
3.437e-15
1.77005e-13
1.33413e-12
7.30304e-12
3.3812e-11
1.34494e-10
4.47043e-10
1.262e-09
3.50733e-09
2.89657e-09
8.5417e-10
1.40778e-10
2.21085e-11
3.15688e-12
5.19559e-13
4.46809e-14
-3.51168e-14
-3.51168e-14
-3.01001e-14
-1.50501e-14
2.86416e-14
2.17676e-14
-8.36114e-15
-1.13712e-13
-3.39462e-13
-8.84609e-13
-2.21403e-12
-5.68558e-12
-1.49246e-11
-3.8687e-11
-9.87769e-11
-2.48625e-10
-6.22731e-10
-1.55261e-09
-3.87046e-09
-9.22329e-09
-2.17617e-08
-4.76955e-08
-8.33111e-08
-1.06438e-07
-1.54016e-07
)
;
    }
    bottomWall
    {
        type            calculated;
        value           nonuniform List<scalar> 
50
(
-6.68891e-14
-6.68891e-14
-5.51835e-14
-5.01669e-15
2.4059e-14
-1.67223e-15
-7.52503e-14
-1.50501e-13
-3.39462e-13
-7.89292e-13
-1.92306e-12
-4.76585e-12
-1.17892e-11
-2.90098e-11
-7.06065e-11
-1.71683e-10
-4.10641e-10
-9.51546e-10
-2.18403e-09
-4.80987e-09
-1.05537e-08
-2.25736e-08
-3.8994e-08
-5.95291e-08
-8.65953e-08
9.16532e-15
1.08838e-14
1.67223e-15
0
0
5.72833e-16
0
0
1.67223e-15
-8.36114e-15
-1.67223e-15
1.31751e-14
2.09657e-13
1.26539e-12
5.93913e-12
2.55661e-11
1.39399e-10
6.56862e-10
6.12229e-10
3.14063e-10
4.29304e-11
5.96147e-12
8.66123e-13
5.95746e-14
-5.01669e-14
)
;
    }
    inlet
    {
        type            calculated;
        value           nonuniform List<scalar> 
30
(
-7.45574
-7.45574
-7.45574
-7.45574
-7.45574
-7.45574
-7.45574
-7.45574
-7.45574
-7.45574
-0.150621
-0.150621
-0.150621
-0.150621
-0.150621
-0.150621
-0.150621
-0.150621
-0.150621
-0.150621
-7.45574
-7.45574
-7.45574
-7.45574
-7.45574
-7.45574
-7.45574
-7.45574
-7.45574
-7.45574
)
;
    }
    outlet
    {
        type            calculated;
        value           nonuniform List<scalar> 
30
(
7.45574
7.45574
7.45574
7.45574
7.45574
7.45574
7.45574
7.45574
7.45574
7.45574
0.150621
0.150621
0.150621
0.150621
0.150621
0.150621
0.150621
0.150621
0.150621
0.150621
7.45574
7.45574
7.45574
7.45574
7.45574
7.45574
7.45574
7.45574
7.45574
7.45574
)
;
    }
    defaultFaces
    {
        type            empty;
        value           nonuniform 0();
    }
}


// ************************************************************************* //
