/*--------------------------------*- C++ -*----------------------------------*\
  =========                 |
  \\      /  F ield         | OpenFOAM: The Open Source CFD Toolbox
   \\    /   O peration     | Website:  https://openfoam.org
    \\  /    A nd           | Version:  6
     \\/     M anipulation  |
\*---------------------------------------------------------------------------*/
FoamFile
{
    version     2.0;
    format      ascii;
    class       volScalarField;
    location    "0.0005";
    object      T;
}
// * * * * * * * * * * * * * * * * * * * * * * * * * * * * * * * * * * * * * //

dimensions      [0 0 0 1 0 0 0];

internalField   nonuniform List<scalar> 
3704
(
300
300
300
300
300
300
300
300
300
300
300
300
300
300
300
300
300
300
300
300
300
300
300
300
300
300
300
300
300
300
300
300
300
300
300
300
300
300
300
300
300
300
300
300
300
300
300
300
300
300
300
300
300
300
300
300
300
300
300
300
300
300
300
300
300
300
300
300
300
300
300
300
300
300
300
300
300
300
300
300
300
300
300
300
300
300
300
300
300
300
300
300
300
300
300
300
300
300
300
300
300
300
300
300
300
300
300
300
300
300
300
300
300
300
300
300
300
300
300
300
300
300
300
300
300
300
300
300
300
300
300
300
300
300
300
300
300
300
300
300
300
300
300
300
300
300
300
300
300
300
300
300
300
300
300
300
300
300
300
300
300
300
300
300
300
300
300
300
300
300
300
300
300
300
300
300
300
300
300
300
300
300
300
300
300
300
300
300
300
300
300
300
300
300
300
300
300
300
300
300
300
300
300
300
300
300
300
300
300
300
300
300
300
300
300
300
300
300
300
300
300
300
300
300
300
300
300
300
300
300
300
300
300
300
300
300
300
300
300
300
300
300
300
300
300
300
300
300
300
300
134.027
130.358
248.037
147.993
159.601
104.03
130.661
320.911
387.736
408.999
476.981
483.673
479.219
225.788
205.41
129.516
161.381
234.717
167.028
170.956
125.026
162.058
354.05
374.979
394.023
398.911
373.186
387.492
232.939
201.251
121.06
216.788
218.565
168.699
176.651
177.82
203.36
340.454
354.482
369.116
369.584
350.658
361.504
247.227
198.551
122.268
201.915
215.297
171.667
174.182
209.633
240.068
330.191
342.567
348.089
351.599
343.802
352.889
264.531
196.757
119.688
186.161
207.917
176.601
182.127
211.467
261.007
318.349
327.598
335.076
344.322
341.889
345.756
282.224
196.085
249.52
356.928
479.171
480.925
468.261
381.689
343.726
349.23
244.465
66.5545
81.4937
102.32
81.5936
133.715
160.964
243.577
344.824
389.561
384.756
425.372
400.73
361.847
358.359
282.063
80.783
96.9866
110.646
96.7093
164.619
147.114
235.749
344.698
373.718
363.371
390.888
395.019
367.141
330.752
255.444
107.609
123.947
121.842
144.782
155.646
150.92
228.514
346.337
370.238
355.178
364.362
380.767
358.896
325.253
230.781
129.28
139.073
116.434
151.66
155.846
161.11
223.088
349.558
373.341
353.139
353.111
357.576
346.551
321.749
219.257
178.752
142.378
114.51
153.259
158.626
194.202
300
300
300
300
300
300
300
300
300
300
300
300
300
300
300
300
300
300
300
300
300
300
300
300
300
300
300
300
300
300
300
300
300
300
300
300
300
300
300
300
300
300
300
300
300
300
300
300
300
300
300
300
300
300
300
300
300
300
300
300
300
300
300
300
300
300
300
300
300
300
300
300
300
300
300
300
300
300
300
300
300
300
300
300
300
300
300
300
300
300
300
300
300
300
300
300
300
300
300
300
300
300
300
300
300
300
300
300
300
300
300
300
300
300
300
300
300
300
300
300
300
300
300
300
300
300
300
300
300
300
300
300
300
300
300
300
300
300
300
300
300
300
300
300
300
300
300
300
300
300
300
300
300
300
300
300
300
300
300
300
300
300
300
300
300
300
300
300
300
300
300
300
300
300
300
300
300
300
300
300
300
300
300
300
300
300
300
300
300
300
300
300
300
300
300
300
300
300
300
300
300
300
300
300
300
300
300
300
300
300
300
300
300
300
300
300
300
300
300
300
300
300
300
300
300
300
300
300
300
300
300
300
300
300
300
300
300
300
300
300
300
300
300
300
300
300
300
300
300
300
300
300
300
300
300
300
300
300
300
300
300
300
300
300
300
300
300
300
300
300
300
300
300
300
300
300
300
300
300
300
300
300
300
300
300
300
300
300
300
300
300
300
300
300
300
300.072
311.49
298.05
299.037
306.467
297.804
303.535
300.851
298.792
302.824
321.883
264.084
272.09
132.041
90.6919
105.118
300.063
221.827
217.939
203.614
219.147
264.037
311.442
330.055
355.769
361.471
352.882
336.146
347.194
189.449
289.172
303.873
300.015
300
300
300
300
300
300
300
300
300
366.464
300
300
300
300
300
300
300
300
300
300
300
300
300
300
300
300
300
300
300
300
300
300
300
300
300
300
300
300
300
300
300
300
300
300
300
300
300
300
300
300
585.513
300
300
300
300
300
300
300
300
300.001
300.208
304.881
299.162
303.541
298.438
305.411
303.421
302.218
286.393
359.229
217.713
283.14
231.05
198.73
135.364
129.233
213.796
205.225
230.363
279.93
304.285
332.891
378.268
392.994
373.119
344.527
385.264
300.241
300.001
300
300
300
300
300
300
300
300
300
300
300
300
300
300
300
300
300
300
300
300
300
300
300
300
300
300
300
300
300
300
300
300
300
300
300
300
300
300
300
300
300
300
300
300
300
300.079
307.705
298.669
299.033
302.039
301.374
302.772
301.318
296.631
303.721
292.266
207.985
186.164
300.264
376.44
299.919
299.999
300
300
300
300
300
300
300
300
300
300
300
300
300
300
300
300
300
300
300
300
300
300
300
300
300
300
300
300
300
300
300
300.013
303.592
300.43
298.51
312.757
297.861
302.309
299.933
300.647
293.868
372.902
362.146
230.626
133.842
300
300
300
300
300
300
300
300
300
300
299.992
295.026
300
300
300
300
300
300
300
300
300
300
300
300
300
300
300
300
300
300
300
300
300
300
300
300
300
300
300
300
300
300
300
300
300
300
300
300
300
300
300
300
300
300
300
300
300
300
303.385
300
300
300
300
300
300
300
300
300
300
300
300.037
300.778
301.89
300.132
302.256
299.817
300.42
297.939
281.079
212.928
183.066
182.304
177.748
117.852
300
300
219.941
140.71
358.285
239.674
199.124
216.317
300
299.902
300
299.999
300
297.793
301.288
300
300
300
300
300
299.989
300.007
300
300
300
300
300
300
300
300
243.639
259.343
301.31
357.911
453.78
495.628
401.91
322.932
315.837
315.427
300
300
300
300
300
300
300
300
300
300
112.612
133.223
113.298
300
300
300
300
300
329.356
300
300
300
300
300
300
300
300
300
300
300
300
300
300
300
300
300
300
300
300
300
300
300
300
300
300
300
300
145.478
300
300
300
300
300
300
300
300
300
300
300
300
300
300
300
300
300
300
300.009
300.224
301.451
301.673
299.041
299.378
300.244
300.146
299.989
296.292
242.414
213.679
206.019
210.037
300
300
209.903
300
300
300.087
300
300
300
300
300
300
300
300
300
300
300
267.475
241.151
321.517
442.746
498.408
351.781
428.626
300
228.64
232.316
291.915
300
376.023
300
300
225.492
235.514
261.083
296.634
299.561
299.958
300.499
298.669
301.563
301.622
300.033
300
300.001
300
300
300
300
300
300
300
300
300
300
300
300
300
300
300
300
300
300
300
300
300
300
300
300
300
300.461
299.844
301.849
301.571
300.126
300.004
300
300
300
300
298.598
209.872
300
300
300
300
300
300.004
300
300
300
300
300.002
300.001
300
300
300
300.937
300
300
300
300
300
300
300
300
300
241.021
300
300
300
300
300
300
300
300
300
300
303.916
300
294.102
300
300
121.564
300
300
300
300
300
300
300
300
300
300
300
300
300
300
300
300
300
300
300
300
300
301.379
300
300
300
300
300
300
300
299.98
300.176
300.183
301.104
300.664
299.597
301.265
158.032
298.151
298.911
300
300
299.034
291.304
284.038
300
300
300
300
300
300
110.5
300
300
300
300
300
301.32
300
301.125
300
300
300
300
300
300
300
300
300
300
300
312.635
329.213
300.504
300
415.483
266.901
309.154
300
300
300
300.215
299.523
300
300
300
300
300
300
363.42
432.397
511.684
324.079
300
300
300
300.008
300.001
300
299.998
296.398
298.315
310.423
300
300
236.294
192.079
300
304.252
300
300
300
307.776
300
300
300
300
300
300
300
300
300
300
300
300
300
301.06
299.998
300.002
248.525
300
300
300
298.73
299.498
300
300
300
300
300
300
300
300
300
300
300
300
300
299.852
299.951
300
300.171
300
299.917
299.902
300.747
299.938
143.932
300
295.838
286.049
283.925
300
292.96
300
300
275.663
230.241
233.93
300
300
300
193.191
152.047
222.956
296.898
300.097
300.017
433.022
300
326.537
309.413
316.914
300
300
300
300
300
300
290.175
300.802
299.541
299.74
323.288
300
300.001
300
300
300
300
300
299.999
300.464
300.146
304.375
300
300
300
300
300
299.955
300.009
300
300
300
300
300
300
300
300
300
300
300
299.987
300
300
299.972
299.999
300.002
300.006
300.005
300
300
300
300
300
300
300
345.548
300
299.089
297.273
300
296.897
300
300
299.982
300.001
300
300
300.002
300.002
300
300
300.206
300
301.964
300
300
299.45
299.707
297.985
300
300
300
300
300
300
174.354
300
299.99
300
300
300
300
300
299.935
301.335
301.423
300.615
300.203
300
299.093
301.848
379.363
299.971
299.955
300
300
300
300
300
300
300
300
300
300
300
300
300
300
300
300
425.319
299.974
299.979
300
300
300
300
300
300
300
300
206.588
299.76
300.197
301.567
299.797
300.041
300.016
300
300
299.997
299.988
300
300
244.698
300
300
300
300.016
312.214
300
299.755
300
300
300
300
310.326
300
299.224
301.409
300
299.998
300
300
300.254
300.943
300
299.969
300
214.979
300
300
394.148
300
300
300.144
300
300
300
300
301.227
305.602
194.915
300
300
300
299.941
299.965
300
300.049
300.885
304.97
302.241
445.737
312.653
300
301.231
298.369
300
300
300
267.331
300
300
300
300
300
300
300
300
300
300
300
300
300
300
300
300
300
340.276
300
300
300
300
300
367.054
330.069
317.691
333.559
300
300
300.57
300
300
300
300
300.864
300
301.42
299.996
308.416
300
300
300
300
300
300
299.948
300
299.21
300
300
299.998
300
301.055
300.164
300.096
300.047
300.033
299.995
300.03
299.897
300
299.998
299.997
298.05
300
299.999
300
274.81
300
300
300
300
300
300
299.982
300.682
299.243
300
303.221
300
348.034
299.987
300.002
299.943
299.972
299.881
300
300
300.101
300.012
300
300
300
300
300
304.457
253.041
280.64
241.52
300
300
300
300
300
300
300.026
300
300
300
392.872
300.33
300.087
300
300.556
299.98
299.987
299.993
299.981
367.521
300
300
300
300
300
300
300.186
299.858
300
299.999
299.999
300
300
300
300
300
300
300
300
300
299.927
299.953
300.093
299.702
300
300
300
299.999
299.994
300
300
300
300
300
300
300
300
317.373
300
300
300
300.002
300
300
300
300
300
300
300
300
300
300
300.013
299.983
300.006
300
300
303.757
300.065
300
300
300
300
300.239
300
300
300.507
300
300.079
300.033
300.008
299.957
300
299.901
300.403
310.059
300
300
300
300
300
300
300
299.702
299.914
300
303.408
300
299.294
300
323.225
300
299.375
299.955
304.235
310.267
300
300
300
300
368.628
386.28
300.572
299.795
300
305.61
310.177
300
273.259
300
300
300
299.999
300
300
300
299.234
298.884
296.482
300
311.642
300
300
300
300
300
300
300
300
300
300
325.817
351.523
300
300
300
300
300
300
300
300
300
301.372
300
300
300
300.601
300
300.002
300
300.126
300
300
300.106
300
301.204
300
299.338
299.874
300.065
300.037
300
300
301.068
300.001
300
300
300
299.993
300
300
300
300.064
330.921
300
300.035
300
300
300
300
300
300
300
300
300
299.961
299.998
300
300.071
300.035
300
299.999
300.009
300
299.969
299.978
334.073
299.994
299.97
300
300
300
299.999
300
299.701
365.796
330.781
300
300
300
300
300.119
300
300
300
300
300
313.397
300.268
300
301.566
300
300
300
300
299.814
300
300
300.224
310.986
327.096
299.766
299.877
300.015
300.229
300
299.693
300.004
300
305.037
301.234
300
311.894
302.262
304.457
300.961
299.77
300.055
299.891
299.547
300
300
300
300
300
299.907
300.11
300
299.999
299.999
299.994
300
300
300
300
360.778
364.659
300
300
300
300.262
300
300
300
307.398
316.082
300.001
300.002
300
300
300
300.001
299.921
299.951
299.3
300.007
339.877
299.954
300.008
300.009
300.001
347.542
311.444
300
299.989
318.519
312.671
334.511
300.108
299.63
299.993
326.733
321.306
300.013
300
300
304.567
300
300
300
300
300
300
300
300
306.364
303.292
300.028
300.179
300.108
299.988
299.963
300.002
300
300
299.995
300
300
300.596
301.87
300
300.013
300.007
314.767
300
300.146
300.056
300
305.586
308.761
299.998
300.068
299.366
299.997
299.988
300.001
300.001
300.004
300
300
307.363
312.48
300
300
300
300
300.006
300.101
300.503
300.198
299.971
300.016
306.993
300
300.036
300
304.773
305.229
300
302.738
300
300.038
300.004
301.797
301.912
300.966
300.427
300.001
299.983
299.995
299.972
300.001
300
299.993
300.032
299.981
300.056
300.338
300.023
300.001
300.029
300.001
300.004
300.005
300.065
300
299.966
300.053
300
301.186
300.174
300.331
300.001
300
300.063
300.106
300
300.003
300.009
300.004
300
300
300
300
300
300
300
300
300
300
300
300
300.013
303.792
304.715
195.435
371.943
372.241
362.317
367.228
347.675
328.364
301.392
229.394
204.694
157.692
141.756
190.958
157.536
146.885
106.645
146.334
246.237
205.075
178.019
239.929
274.05
297.817
302.79
300.677
300.11
297.032
301.08
298.414
301.843
300.948
300
300
300
300
300
300
300
300
300
300
300
300
300
300
300
300
300
300
300
300
300
300
300
300
300
300
300
300
300
300
300
300
300
300
300
300
300
300
300
300
359.479
300
300
300
300
300
300
300
300
300
300
300
300
584.855
300
300
300
300
300
300.001
300.205
382.56
300
382.458
397.839
391.404
349.586
323.914
300.932
264.549
206.9
191.037
132.343
140.756
168.859
151.368
232.492
187.418
195.115
260.466
288.928
303.785
301.988
304.238
300.323
307.065
305.707
298.519
305.363
299.998
300
300
300
300
300
300
300
300
300
300
300
300
300
300
300
300
300
300
300
300
300
300
300
300
300
300
300
300
300
300
300
300
300
300
300
300
300
300
300
300
363.853
300
300
300
300
300
300
300
299.992
296.044
265.763
219.073
190.144
255.293
282.975
301.27
300.783
301.031
300.61
304.486
307.391
298.804
303.301
300.004
300
300
300
300
300
300
300
300
300
300
300
300
300
300
300
300
300
300
300
300
300
300
300
300
300
300
300
300
300
300
300
300
300
307.485
300
300
300
300
300
300
300
300
300
300
300
300
300
300
300
300
300
300
300
300
300
300
300
300
300
300
300
300
300
300
300
300
299.923
300
300
300
299.276
299.171
306.438
300.358
300.871
301.978
304.764
295.69
270.073
221.058
183.916
208.136
183.741
199.243
300
300
300
300
299.9
300
300
300
313.524
300.308
300
300
300
300
300
300
300
300
300
299.992
300.063
354.696
297.767
300
300
300
94.4269
300
300
300
300.004
300
300
300
413.049
300
183.852
203.431
112.669
183.309
187.783
281.45
180.955
188.882
200.342
294.759
251.849
245.956
276.494
300.53
292.095
293.014
296.498
299.595
300.157
300.255
301.058
300.136
299.519
299.286
302.468
300.386
299.902
300.813
299.051
300.165
299.713
299.848
301.157
301.205
300.982
298.949
299.605
301.127
301.148
300
300
300
300
300
300
300
300
300
300
300
300
300
300
300
300
300
300
300
300
300
300
300
300
300
300
300
300
300
300
300
300
300
300
300
300
300
300
300
300
300
300
300
300
300
300
300
300
299.998
299.998
300
353.192
300
487.464
428.17
365.037
278.839
216.346
193.063
179.217
189.446
164.497
191.981
121.682
170.502
185.804
300
300
300
300
300
300
300
300
300
319.136
284.555
300
300
300
142.388
300
300
300
299.638
300
300
334.144
302.415
298.445
300
300
300
300
301.06
356.296
300
300
300.706
113.599
300.139
300
300.089
300.053
300
300
300
300
300
300
300
300
300
300
300
300
300
300
300
300
300
300
300
300
300
300
300
300
300
300
300
300
300
300
300
300
300
300
300.005
247.29
309.079
544.435
442.768
451.105
300
300
446.123
208.455
201.354
172.93
300
300
300
300
300
300
300
300
300
300
300
300
300
300
300
300
300
300
300
300
300
300
300
300
300
300
300
300
300
300
300
300
300
300
300
300
300
300
300
300.115
300
300
300
300
300
300
300
300
300
300
300
300
300
300
300
300
300
141.245
300
301.479
299.173
300
300
300
221.181
300
300.029
300
300
300
300.008
330.032
298.729
300
300
164.568
184.048
156.789
299.068
299.813
302.183
300.363
299.867
300
300
300
300
300
300
298.773
300.732
300
300
299.475
299.563
300
300
300
300
300
300
300
300
312.167
427.818
300.533
300.088
300.021
300
300
300.003
299.306
300
300
300
300
300
300
300
300
300
300
300
300
300
300
300
300
300
300
300
300
300
300
300
299.998
300
300
300
300
300
300
300
300
300
300
300
300
300
300
300
299.999
299.999
300
300
300
300
310.387
382.015
336.483
389.07
300
300
300
300
301.969
300.012
176.146
207.216
300
300
203.367
232.529
300
300
302.745
302.521
300.165
301.668
300
303.774
301.825
302.996
300
300
300
300
300
180.578
306.429
300
300
300
300
300
300.542
300
300
300
300
300
300
299.346
300
233.757
202.349
299.766
297.962
300
300
300
300.002
300.006
301.366
348.789
260.754
300.56
285.818
276.019
295.098
296.764
298.077
292.715
293.084
295.702
441.086
300
168.878
301.205
301.35
300
300
300
300
300
299.982
300
300
299.327
300
300
300
445.508
300
300
300
300
300
300
300
300
300.002
299.714
298.985
300
300
300
300
300
300
300
300
300
300
300
299.999
227.668
299.998
300
300
300
300
300
320.775
284.513
299.997
299.999
300
300
300
300
300
300
300
299.995
300
300
300
300
300
300
300
300
300
300
300
299.998
299.995
300
300
300
300.183
300.164
300
299.999
300
300.316
300.706
300
229.763
299.998
299.929
300.123
300.001
299.995
300
310.341
300
300
280.67
299.404
300
300.54
300.194
299.997
185.063
300
300
380.901
300
300
300
300
300.638
300
300
300
300
300
310.921
300
300
300
300
300
300
300
300
186.043
167.859
300.845
300
300
300
300
299.986
299.991
300
338.798
300
300
300
300
300
300
299.999
299.996
221.831
299.998
300
300
300
300
300
299.998
299.996
300
300
300
300
300
299.562
332.563
300
300
300
300
404.46
299.618
299.296
300.477
235.966
300
300
302.643
300
300
299.636
300.265
299.471
299.06
300
300
300
300
337.406
336.338
316.166
300
300
299.979
299.988
233.457
308.81
300.377
300.767
300
300
300
300
229.284
300
300.012
338.205
300
300
300
299.741
199.178
300
284.95
300
300
313.615
299.997
299.999
299.739
300
300
299.639
300
300
300
300
300
300
300
298.856
299.711
300
300
300.001
300
299.966
299.851
300
300
300
186.896
300
300
394.852
309.795
305.95
299.79
300
300
299.736
300
299.97
300.177
300.001
300.053
300
300
300
300
300.329
300
300
300
300
300
300
300
300
299.999
300
300
300
300
300
299.998
300
299.995
299.995
300
300
300
300
300
299.994
375.94
300
300
300
300
300
300
300
300
300
300
300
300
300
299.999
299.978
300
300
300
299.98
300
299.965
299.969
340.004
299.989
300
300
280.546
278.233
314.386
300
300
300
300.337
300
299.981
327.121
300
300
299.952
299.956
300
299.942
300
300
300
299.994
300
214.374
299.271
298.896
291.112
359.784
232.233
374.345
300
300
300
300
299.956
299.999
300.076
300
300
299.838
300
300
300
299.81
299.859
300
368.562
285.65
273.843
376.089
299.794
300
300
300
300
300
300
300
300
299.724
300
300
300
299.994
299.97
299.988
299.966
299.996
299.996
299.999
299.995
319.065
374.78
278.375
300
300
300
300
300
299.975
299.949
299.969
362.382
358.632
300
300
300.185
299.92
300
300
300
300
300
300
300
300
300
300
300.001
300
300
300
300
300.001
300
300
299.798
299.896
300.154
299.976
300
300
300
300
300.018
300.033
299.983
300.021
300
300
300
300
327.149
300
336.027
333.426
299.836
299.675
300.136
300.06
300
299.999
300
300
299.974
299.986
300
344.831
300
300.02
300
299.984
300.024
300
299.99
300
300
300
299.996
300
300
300
300
313.684
300.015
300
300
300.056
299.999
302.151
300
299.928
300
300
300
300
300
300
299.802
302.085
300
300
300
300
300
300
300
300
300
300
300
300
300
300
300
300
300
300.076
300
299.999
302.813
300
300
300.006
310.882
300.115
312.514
300
300.155
300.056
300
300
300
300
300
300
300
300
300
300
308.17
312.497
300.115
300
300
300
300
300
299.971
300.153
300
300.066
300
304.214
300
300
300
300
300
300
299.942
300
303.175
301.097
300.033
299.85
300.23
300
300.001
299.997
300
300
300
300
346.762
300
299.998
300
300
299.972
300
300.095
300
300.066
299.999
300
300
299.999
300
299.914
300
300
300
300
300.164
299.98
299.932
300
299.983
299.975
299.989
300.002
299.859
300
299.898
300
299.963
299.95
300
300
300
299.956
299.963
300
300
300.139
300
300
343.281
300
300
300
300.001
300
300
299.956
299.978
300
299.994
300
300.157
300
300.936
299.797
300.046
300
300
315.355
299.568
331.088
333.487
299.868
300
299.939
299.989
300
300
300
300.052
300
300.135
300
300.546
300.924
304.678
302.664
300
361.566
300.002
405.218
398.937
350.999
314.787
300
339.515
300.011
300.026
299.997
300.159
300
300
300
300
300
300
378.743
407.436
300.001
300.001
300
300.028
300
300
305.275
299.948
300
300
300
300
300
300
300.06
368.929
300
307.629
392.695
300
360.859
300
317.51
313.334
300
299.953
300
300
300
401.759
313.411
300
300.16
300
300.432
300.813
300.002
300.192
300.084
300.843
300
299.998
303.015
300
300.004
299.935
300.014
300.019
300.013
300.256
299.991
300
300
300
301.576
300.624
300.03
300
300
311.461
325.502
300.22
310.184
300.065
301.39
300
300
300
300.062
301.374
300.27
299.987
300
307.591
308.881
309.821
302.565
300.12
300
299.99
300.005
300.001
300
300.001
300
299.983
300
300.007
300.062
299.989
300
300.018
300.001
300.567
300.759
313.768
300.457
299.997
299.993
299.998
300.06
300
300.008
300
300
300
300
299.999
300
300
300.001
300.228
300
300
300.054
300.001
300
300.002
300.007
300.002
300.496
300.942
300.033
299.994
300.075
308.781
300.005
300.101
300.004
300.02
300.001
300.001
300
300.002
300.022
300.002
300.138
300.009
300.061
300.329
301.565
300.013
300.092
300.846
300.3
301.804
300.025
309.508
300.004
300
300.01
300
300.046
300.006
300.033
300.198
)
;

boundaryField
{
    bullet
    {
        type            zeroGradient;
    }
    topWall
    {
        type            inletOutlet;
        inletValue      uniform 300;
        value           nonuniform List<scalar> 
50
(
300
300
300
300
300
300
300
300
300
300
300
300
300
300
300
300
300
300
300
300
300
300
300
300
300
300
300
300
300
300
300
300
300
300
300
300
300
300
300
300
300
300
300
300
300
300
300
300
300
300
)
;
    }
    bottomWall
    {
        type            inletOutlet;
        inletValue      uniform 300;
        value           nonuniform List<scalar> 
50
(
300
300
300
300
300
300
300
300
300
300
300
300
300
300
300
300
300
300
300
300
300
300
300
300
300
300
300
300
300
300
300
300
300
300
300
300
300
300
300
300
300
300
300
300
300
300
300
300
300
300
)
;
    }
    inlet
    {
        type            fixedValue;
        value           uniform 300;
    }
    outlet
    {
        type            inletOutlet;
        inletValue      uniform 300;
        value           nonuniform List<scalar> 
30
(
300
300
300
300
300
300
300
300
300
300
300
300
300
300
300
300
300
300
300
300
300
300
300
300
300
300
300
300
300
300
)
;
    }
    defaultFaces
    {
        type            empty;
    }
}


// ************************************************************************* //
