/*--------------------------------*- C++ -*----------------------------------*\
  =========                 |
  \\      /  F ield         | OpenFOAM: The Open Source CFD Toolbox
   \\    /   O peration     | Website:  https://openfoam.org
    \\  /    A nd           | Version:  6
     \\/     M anipulation  |
\*---------------------------------------------------------------------------*/
FoamFile
{
    version     2.0;
    format      ascii;
    class       volScalarField;
    location    "0.0004";
    object      alphat;
}
// * * * * * * * * * * * * * * * * * * * * * * * * * * * * * * * * * * * * * //

dimensions      [1 -1 -1 0 0 0 0];

internalField   nonuniform List<scalar> 
3704
(
0.39074
0.39035
0.391251
0.393096
0.392352
0.392493
0.39134
0.392526
0.392927
0.392656
0.392882
0.392401
0.392088
0.392959
0.393283
0.391887
0.393138
0.392915
0.392856
0.392881
0.392953
0.393202
0.393649
0.391817
0.39198
0.392571
0.392925
0.392925
0.39369
0.391573
0.391098
0.390336
0.393048
0.392894
0.392842
0.39284
0.392859
0.392882
0.392903
0.392919
0.392929
0.392932
0.392928
0.392919
0.392905
0.392887
0.39287
0.392857
0.392833
0.392838
0.390747
0.390386
0.391522
0.393705
0.392428
0.392059
0.391413
0.392159
0.393649
0.394083
0.393951
0.393465
0.39317
0.394315
0.394573
0.392275
0.394309
0.394196
0.394134
0.394214
0.394386
0.39472
0.39475
0.392647
0.393223
0.394221
0.394378
0.394382
0.394043
0.392438
0.391886
0.390583
0.394134
0.394179
0.394138
0.394173
0.394239
0.394306
0.39436
0.394397
0.394415
0.394412
0.39439
0.394353
0.394302
0.394244
0.394189
0.394144
0.394069
0.394082
0.390759
0.390437
0.391925
0.393655
0.392549
0.391882
0.391518
0.391868
0.393926
0.394807
0.394797
0.394496
0.394239
0.394642
0.394501
0.392653
0.394624
0.394888
0.394983
0.395065
0.395172
0.395005
0.394472
0.393718
0.394677
0.395383
0.395457
0.395467
0.394507
0.393667
0.392992
0.390922
0.394172
0.394596
0.394841
0.395074
0.395251
0.395382
0.395471
0.395523
0.395541
0.395525
0.395479
0.395408
0.395318
0.395217
0.395125
0.395051
0.394927
0.394953
0.390775
0.390474
0.392262
0.393383
0.392667
0.391915
0.391586
0.391705
0.393945
0.395075
0.395204
0.395041
0.394824
0.394375
0.393986
0.392902
0.3945
0.395085
0.395376
0.395395
0.395315
0.394612
0.394175
0.394603
0.395627
0.39601
0.396066
0.396083
0.395218
0.39469
0.39386
0.391174
0.393503
0.394236
0.39491
0.395444
0.395777
0.395983
0.39611
0.396175
0.396192
0.396163
0.396096
0.395997
0.395875
0.395741
0.395621
0.395528
0.39536
0.395413
0.390792
0.390479
0.392368
0.393114
0.392631
0.391878
0.391549
0.391542
0.393795
0.394999
0.395184
0.39507
0.39488
0.39397
0.393548
0.392926
0.394224
0.394942
0.395343
0.395299
0.395072
0.394135
0.393992
0.394939
0.395869
0.39609
0.396142
0.396163
0.395509
0.395084
0.394167
0.391237
0.392812
0.39367
0.394624
0.395362
0.395798
0.396054
0.396201
0.396273
0.396289
0.396252
0.396174
0.396062
0.395924
0.395772
0.395641
0.395544
0.395347
0.395444
0.00194883
0.00855699
0.00338703
0.00325332
0.00415728
0.0181177
0.00459428
0.00722826
0.0230983
0.0350567
0.0387737
0.0438297
0.0506956
0.0522098
0.0734958
0.0188132
0.0178513
0.00224986
0.0061514
0.00465831
0.0302611
0.0175232
0.04627
0.119051
0.167161
0.225168
0.305376
0.396436
0.428795
0.712865
0.059073
0.0203677
0.00269023
0.0165157
0.0104477
0.0448354
0.0365701
0.085519
0.166358
0.238212
0.336615
0.411797
0.538172
0.711294
1.33112
0.131972
0.0258216
0.00523915
0.0314902
0.0224552
0.0448745
0.0520305
0.0979593
0.190938
0.281137
0.364176
0.43073
0.576683
0.929617
1.84414
0.181676
0.0392874
0.0148067
0.0344131
0.0293556
0.0441022
0.0670013
0.112144
0.215135
0.309035
0.372734
0.42983
0.596445
1.11123
2.37803
0.0742353
0.0807191
0.0810338
0.0663859
0.0529298
0.0472093
0.0299693
0.0148472
0.00435936
0.00687889
0.0121571
0.00257677
0.00328931
0.00133055
0.00107455
0.677483
0.513877
0.549297
0.423362
0.215673
0.148153
0.0866828
0.0533051
0.0253425
0.0187453
0.0181497
0.00384362
0.00425773
0.00260218
0.00442672
1.26779
0.881525
0.74804
0.563401
0.380446
0.224412
0.133193
0.0906812
0.0548913
0.0314814
0.0237696
0.0101141
0.00796811
0.00746583
0.00516687
1.78077
1.09076
0.81105
0.578939
0.441977
0.287491
0.158461
0.101818
0.0734668
0.0472556
0.0292689
0.0161045
0.0108104
0.0117836
0.00818082
2.3131
1.23587
0.854799
0.565897
0.462519
0.343798
0.191584
0.116003
0.0849756
0.0528346
0.0305855
0.0214335
0.0148251
0.0169608
0.0101276
0.392833
0.392828
0.392846
0.392856
0.392873
0.392892
0.392908
0.392921
0.39293
0.392933
0.39293
0.392922
0.392908
0.392888
0.392866
0.392851
0.392866
0.392956
0.393049
0.391519
0.391344
0.391747
0.392028
0.392097
0.392144
0.392004
0.391988
0.393559
0.393473
0.391176
0.391253
0.391531
0.391717
0.391678
0.39166
0.391666
0.391612
0.391968
0.393827
0.393206
0.39303
0.391596
0.390368
0.390281
0.390866
0.391278
0.390891
0.390518
0.390208
0.39073
0.394065
0.394051
0.39411
0.394144
0.394197
0.394258
0.394315
0.394361
0.394396
0.394416
0.39442
0.394408
0.394379
0.394333
0.394272
0.39421
0.394186
0.39429
0.394374
0.393192
0.392297
0.392429
0.392631
0.392625
0.392779
0.392292
0.392251
0.393604
0.394529
0.391227
0.391382
0.391872
0.392448
0.392446
0.392337
0.392205
0.392001
0.392389
0.393158
0.394473
0.39432
0.392637
0.390404
0.390306
0.390933
0.391365
0.390935
0.390561
0.390227
0.390736
0.394925
0.394898
0.394996
0.39505
0.395138
0.395242
0.39534
0.395423
0.395489
0.395532
0.395551
0.395544
0.395506
0.395431
0.395308
0.395114
0.394819
0.39452
0.394381
0.394335
0.393575
0.393447
0.393536
0.3934
0.393622
0.392728
0.392598
0.393139
0.394004
0.391294
0.391565
0.392339
0.393364
0.393471
0.393287
0.392996
0.392589
0.393007
0.39326
0.394532
0.394786
0.393455
0.390446
0.390339
0.391028
0.391489
0.390995
0.390621
0.390255
0.390748
0.395377
0.395326
0.395457
0.395523
0.395637
0.395775
0.395906
0.396019
0.39611
0.396174
0.396207
0.396204
0.396157
0.396049
0.395844
0.395463
0.394759
0.393867
0.393502
0.394498
0.394525
0.394321
0.394312
0.394044
0.394231
0.393098
0.39289
0.392916
0.39315
0.391326
0.391698
0.392684
0.39395
0.394213
0.394026
0.393649
0.393094
0.393521
0.393619
0.394155
0.394593
0.393586
0.390457
0.390352
0.391091
0.391573
0.391026
0.390662
0.390275
0.390765
0.395406
0.395316
0.395469
0.395532
0.395657
0.395812
0.395961
0.396089
0.396193
0.396266
0.396306
0.396307
0.396254
0.396124
0.395867
0.39536
0.394381
0.393121
0.392669
0.394187
0.394831
0.394661
0.394599
0.394259
0.394379
0.393197
0.392953
0.392782
0.392588
0.391279
0.391695
0.392756
0.394049
0.394416
0.394261
0.393873
0.393264
0.393677
0.393727
0.39378
0.394172
0.393312
0.390415
0.390319
0.391065
0.391546
0.390987
0.390645
0.39027
0.390781
0.391286
0.3914
0.391378
0.391404
0.391372
0.391259
0.389916
0.389232
0.389149
0.389096
0.389176
0.389203
0.389173
0.389169
0.389182
0.389127
0.389059
0.389039
0.389082
0.38908
0.38906
0.389015
0.389004
0.389016
0.389028
0.389041
0.389061
0.389096
0.389141
0.389165
0.389089
0.388876
0.388859
0.38886
0.388859
0.388859
0.388859
0.388859
0.388859
0.388859
0.388859
0.388859
0.388859
0.388859
0.388859
0.388859
0.388859
0.388859
0.388657
0.392443
0.4261
0.289684
0.403292
0.286154
0.138055
0.0645256
0.0242676
0.0162811
0.073667
0.382971
0.178684
0.389012
0.0207678
0.031484
0.0422772
0.0670491
0.0937113
0.173302
0.292737
0.398529
0.369781
0.416777
0.617349
1.34392
3.77875
1.90799
0.381838
0.388872
0.38886
0.38886
0.388861
0.388875
0.389011
0.389933
0.390441
0.388947
0.388859
0.260382
0.390809
0.391358
0.390787
0.391394
0.390819
0.390842
0.391397
0.391399
0.38938
0.38919
0.389117
0.389142
0.389201
0.389192
0.389169
0.38918
0.389163
0.389091
0.389039
0.389059
0.389083
0.389076
0.389042
0.38901
0.389006
0.389024
0.389034
0.38905
0.389077
0.389118
0.389159
0.389043
0.389226
0.38886
0.388859
0.388859
0.389085
0.388859
0.388859
0.388859
0.0322106
0.388859
0.388859
0.388859
0.388859
0.388859
0.388859
0.388859
0.388859
0.388859
0.388859
0.388859
0.38884
0.384902
0.423853
0.56035
0.310619
0.353784
0.183206
0.104106
0.0432371
0.0367895
0.068867
0.0401025
0.0283145
0.0366055
0.0352316
0.0522315
0.0833157
0.132778
0.251361
0.341068
0.4044
0.346865
0.422508
0.649191
0.100576
0.389003
0.38886
0.38886
0.38886
0.38886
0.38886
0.388864
0.388911
0.389267
0.390465
0.390816
0.390844
0.39082
0.389106
0.389062
0.389035
0.389073
0.38909
0.389072
0.38907
0.389067
0.38902
0.388966
0.388944
0.388974
0.388972
0.388975
0.388974
0.388956
0.388947
0.388941
0.388942
0.388956
0.388987
0.389025
0.389055
0.388859
0.388859
0.388859
0.388859
0.388859
0.388859
0.388859
0.388859
0.388859
0.388859
0.388859
0.388859
0.388859
0.388858
0.386489
0.422334
0.660041
0.300953
0.354702
0.255588
0.132262
0.0498372
0.0576434
0.094096
0.389381
0.344487
0.390025
0.388866
0.38886
0.38886
0.388862
0.388889
0.389109
0.38909
0.389079
0.389071
0.389072
0.389048
0.388995
0.388945
0.388963
0.38897
0.388976
0.388979
0.388966
0.38895
0.388944
0.38894
0.388947
0.388969
0.389007
0.389037
0.388859
0.388859
0.388859
0.388859
0.388859
0.388859
0.388859
0.388859
0.388859
0.388859
0.388836
0.384069
0.40864
0.321346
0.383207
0.336508
0.156668
0.0757068
0.0349814
0.0461415
0.0718241
0.389187
0.389056
0.389507
0.38886
0.388859
0.388859
0.388859
0.389529
0.388949
0.388868
0.388953
0.341631
0.38886
0.390224
0.390186
0.390389
0.390303
0.388919
0.388861
0.389015
0.388863
0.388864
0.388859
0.388862
0.388861
0.388859
0.388862
0.388862
0.388862
0.388862
0.388861
0.38886
0.38886
0.38886
0.38886
0.388861
0.388861
0.388861
0.388861
0.38886
0.38886
0.38886
0.388861
0.388861
0.388859
0.388859
0.388859
0.388862
0.388862
0.388861
0.388859
0.388859
0.388859
0.388859
0.388859
0.388874
0.388888
0.388866
0.278609
0.389506
0.388859
0.388859
0.388859
0.388859
0.388859
0.388859
0.388859
0.388859
0.388859
0.388859
0.388859
0.388859
0.388857
0.388773
0.396309
0.401355
0.348557
0.364596
0.252734
0.0922493
0.101237
0.0880538
0.0881956
0.0583722
0.389069
0.388972
0.0327423
0.0326689
0.205606
0.0334422
0.0320802
0.0332954
0.38886
0.389998
0.38886
0.388866
0.38886
0.388521
0.389051
0.38886
0.38886
0.38886
0.38886
0.388885
0.388951
0.388876
0.389092
0.388867
0.388874
0.388863
0.388861
0.388939
0.388999
0.390419
0.0508572
0.102818
0.218768
0.394347
0.437838
0.319992
0.102255
0.229938
0.107451
0.206883
0.388859
0.388859
0.390265
0.389869
0.389797
0.388859
0.388859
0.389885
0.388864
0.388859
0.0685574
0.0880655
0.0437539
0.389901
0.38886
0.38886
0.39029
0.38988
0.174965
0.388859
0.38886
0.388861
0.388861
0.388863
0.388859
0.388859
0.388906
0.389493
0.388862
0.388862
0.388862
0.388862
0.38886
0.38886
0.38886
0.38886
0.388861
0.388861
0.388861
0.388861
0.38886
0.38886
0.38886
0.38886
0.388862
0.388861
0.388867
0.0870256
0.388861
0.388859
0.388859
0.388859
0.388859
0.388859
0.388861
0.388859
0.388861
0.389255
0.388859
0.388859
0.388859
0.388859
0.388859
0.388859
0.388859
0.388859
0.388859
0.388859
0.388859
0.388859
0.378313
0.374748
0.442359
0.41525
0.399692
0.369346
0.128636
0.124228
0.0955852
0.106363
0.38886
0.38886
0.0437944
0.390179
0.389228
0.389077
0.388859
0.388861
0.390263
0.389825
0.389859
0.38886
0.38886
0.38886
0.388862
0.389775
0.388864
0.15404
0.0686342
0.303541
0.487008
0.539718
0.137057
0.155043
0.38886
0.123103
0.0942635
0.332969
0.388861
0.170639
0.388861
0.38886
0.0890494
0.104237
0.196553
0.37511
0.349917
0.410625
0.408525
0.385744
0.388857
0.388859
0.388859
0.38886
0.388859
0.388859
0.388859
0.38886
0.38886
0.38886
0.38886
0.38886
0.38886
0.38886
0.38886
0.38886
0.38886
0.38886
0.38886
0.38886
0.38886
0.38886
0.38886
0.388861
0.388861
0.388861
0.388861
0.388861
0.38886
0.38886
0.365858
0.375222
0.388853
0.388859
0.388859
0.388859
0.388859
0.388859
0.388859
0.388859
0.379474
0.096718
0.388859
0.388859
0.388859
0.388859
0.388859
0.388859
0.389179
0.389442
0.388859
0.388859
0.38886
0.38886
0.388859
0.388859
0.38886
0.407469
0.388859
0.388859
0.388859
0.388859
0.388859
0.388859
0.388859
0.388859
0.388859
0.0464721
0.388859
0.388859
0.388859
0.388859
0.388859
0.388859
0.388859
0.388859
0.388859
0.388859
0.373588
0.388859
0.096544
0.388859
0.388859
0.0363918
0.388859
0.388859
0.388859
0.388859
0.388859
0.388859
0.388859
0.388859
0.388859
0.388859
0.388859
0.388859
0.388859
0.388859
0.38886
0.388859
0.388859
0.388859
0.388859
0.388859
0.388859
0.409904
0.388859
0.388859
0.388859
0.388859
0.388859
0.388859
0.388859
0.388859
0.388859
0.388859
0.383086
0.367726
0.37891
0.418748
0.0953258
0.394475
0.408594
0.388859
0.388859
0.361226
0.319489
0.112236
0.388859
0.388859
0.388957
0.388859
0.388859
0.388893
0.0569629
0.388859
0.388859
0.389184
0.389466
0.389045
0.390297
0.38886
0.148085
0.38886
0.38886
0.38886
0.38886
0.388859
0.388859
0.388859
0.388859
0.388968
0.388922
0.389052
0.28729
0.176238
0.392509
0.388863
0.254839
0.0780242
0.357324
0.38886
0.38886
0.388861
0.375736
0.385513
0.388859
0.388859
0.388859
0.388859
0.388859
0.388859
0.343909
0.415144
0.363873
0.364004
0.38887
0.388865
0.388879
0.388868
0.38886
0.38886
0.38886
0.0988747
0.110618
0.0908448
0.388859
0.388859
0.101976
0.105911
0.389527
0.368126
0.388859
0.388859
0.389483
0.387165
0.388859
0.388859
0.389534
0.389304
0.389283
0.388859
0.388859
0.388859
0.388859
0.38886
0.388859
0.388859
0.388859
0.368727
0.3889
0.388859
0.0651873
0.388859
0.388859
0.388859
0.397697
0.367127
0.38886
0.388859
0.388859
0.388859
0.388859
0.388859
0.388859
0.388859
0.388859
0.388859
0.388859
0.388859
0.388859
0.388859
0.388859
0.388859
0.388859
0.388859
0.388859
0.388523
0.39099
0.378729
0.06388
0.388859
0.352153
0.178585
0.229735
0.388859
0.084545
0.388908
0.388883
0.0806139
0.0315494
0.0424111
0.38886
0.38886
0.38886
0.0301985
0.0285574
0.0337501
0.118765
0.388997
0.389389
0.208622
0.388859
0.252007
0.361296
0.247629
0.388863
0.388864
0.388861
0.388859
0.388859
0.388859
0.286318
0.390005
0.388849
0.388859
0.0854279
0.388859
0.388859
0.388859
0.388859
0.388859
0.388859
0.388859
0.388859
0.384309
0.388859
0.394357
0.388859
0.388859
0.388859
0.388859
0.388859
0.388859
0.388859
0.388859
0.389249
0.388863
0.388859
0.388859
0.388859
0.388859
0.388859
0.388859
0.388859
0.388859
0.388859
0.388859
0.388859
0.3396
0.38889
0.388866
0.38886
0.38886
0.388859
0.388859
0.388859
0.388859
0.388859
0.388859
0.388859
0.0754972
0.388859
0.390697
0.387595
0.388859
0.336647
0.388859
0.388859
0.388859
0.38886
0.388859
0.388859
0.388859
0.388859
0.388859
0.388859
0.425495
0.388859
0.0710239
0.388859
0.388859
0.368762
0.378145
0.370724
0.388859
0.388859
0.388859
0.388859
0.388859
0.388859
0.0403851
0.388859
0.388859
0.388859
0.388859
0.388859
0.388859
0.388859
0.388859
0.388858
0.388048
0.387533
0.387493
0.388859
0.385662
0.385463
0.120809
0.388859
0.388859
0.388859
0.388859
0.389507
0.389273
0.38929
0.388859
0.388859
0.388859
0.388859
0.388859
0.388859
0.388859
0.388859
0.388859
0.388859
0.388859
0.226161
0.388858
0.388858
0.388859
0.388859
0.388859
0.388859
0.388859
0.388859
0.388859
0.388859
0.0735469
0.393732
0.386493
0.387936
0.401287
0.389255
0.388959
0.388859
0.388859
0.38886
0.38886
0.388859
0.388859
0.0704219
0.388859
0.3889
0.38886
0.38886
0.0654628
0.388859
0.389022
0.388859
0.388859
0.388859
0.388859
0.13194
0.388859
0.392241
0.401933
0.38886
0.388861
0.388859
0.388859
0.368156
0.408297
0.388859
0.388859
0.389128
0.0631873
0.38886
0.388859
0.0982682
0.388859
0.388863
0.390085
0.38886
0.388859
0.388859
0.388859
0.39847
0.0568789
0.0330829
0.38886
0.388859
0.388859
0.388859
0.388859
0.388859
0.388859
0.394602
0.398946
0.388811
0.172476
0.400378
0.388859
0.223415
0.387536
0.388869
0.388903
0.388859
0.0439297
0.388859
0.388859
0.389116
0.38902
0.38886
0.38886
0.388859
0.388859
0.388859
0.38886
0.388993
0.388935
0.389094
0.388871
0.388865
0.388881
0.388859
0.460855
0.388859
0.388859
0.388859
0.388861
0.38886
0.488941
0.0906243
0.122986
0.0819636
0.38886
0.388861
0.379818
0.388859
0.388859
0.388859
0.388859
0.306425
0.388859
0.39482
0.38886
0.181013
0.38886
0.38886
0.389107
0.389007
0.389013
0.388861
0.388862
0.38886
0.385324
0.388859
0.38886
0.388986
0.388859
0.429201
0.390617
0.389715
0.389257
0.390028
0.388859
0.388861
0.388861
0.388859
0.388859
0.388859
0.0561628
0.388859
0.388859
0.388859
0.055085
0.38886
0.388861
0.38886
0.388859
0.388859
0.38886
0.388872
0.393269
0.388729
0.38886
0.34854
0.388859
0.0783231
0.410231
0.388859
0.388835
0.38884
0.388853
0.388859
0.388859
0.38886
0.38886
0.388859
0.388859
0.388859
0.388859
0.388859
0.240995
0.0409862
0.0550974
0.0382182
0.388859
0.388859
0.388859
0.388859
0.388859
0.388859
0.388856
0.388859
0.388859
0.388859
0.107611
0.39064
0.389737
0.388859
0.392578
0.38886
0.388859
0.388863
0.388869
0.168
0.388859
0.388859
0.388859
0.388859
0.388859
0.388859
0.388839
0.388842
0.388859
0.388859
0.388859
0.388859
0.388859
0.388859
0.388859
0.388859
0.388859
0.388859
0.388859
0.389012
0.38886
0.38886
0.383826
0.390897
0.388868
0.388879
0.388863
0.38886
0.388862
0.388859
0.388859
0.388859
0.388859
0.388859
0.388859
0.388859
0.388859
0.415131
0.388945
0.388859
0.388859
0.388865
0.388859
0.388859
0.388859
0.388859
0.388859
0.388859
0.388859
0.388859
0.388859
0.388859
0.388933
0.388928
0.389323
0.388859
0.388859
0.40771
0.388862
0.38886
0.388871
0.388859
0.389137
0.389796
0.388862
0.388865
0.390336
0.38886
0.388857
0.389051
0.388939
0.388859
0.388859
0.380895
0.396987
0.0631247
0.388859
0.389033
0.388859
0.388859
0.38886
0.388859
0.388859
0.387866
0.387148
0.388859
0.314138
0.388859
0.389125
0.388859
0.0775217
0.388859
0.374493
0.368514
0.415988
0.373872
0.388859
0.38886
0.38886
0.38886
0.139039
0.0916225
0.39336
0.381716
0.388859
0.227775
0.146017
0.388859
0.0456345
0.388859
0.388859
0.388859
0.38886
0.388859
0.388859
0.388859
0.379077
0.361873
0.0609062
0.388959
0.0838223
0.388859
0.388859
0.38886
0.38886
0.388904
0.388882
0.388942
0.388912
0.388945
0.388885
0.0671689
0.0779606
0.388859
0.388859
0.388859
0.388859
0.388859
0.38886
0.38886
0.388859
0.388859
0.392801
0.388859
0.388862
0.38886
0.389732
0.388861
0.388876
0.388859
0.38886
0.388859
0.38886
0.388861
0.388859
0.398824
0.388859
0.38886
0.388128
0.38917
0.388987
0.38886
0.38886
0.391916
0.388859
0.388859
0.38886
0.388859
0.388859
0.388859
0.388859
0.388859
0.388861
0.0857225
0.388859
0.393052
0.388859
0.388859
0.388859
0.388859
0.388859
0.388859
0.388859
0.38886
0.388859
0.388463
0.388859
0.388859
0.389172
0.389074
0.388859
0.388859
0.38886
0.388859
0.388793
0.388426
0.155612
0.38886
0.388809
0.388859
0.388859
0.388859
0.388859
0.388859
0.392824
0.0983539
0.14138
0.388864
0.388861
0.388859
0.388859
0.388861
0.388859
0.388859
0.388859
0.388859
0.388859
0.345017
0.389854
0.388859
0.357994
0.388859
0.388859
0.388859
0.388859
0.388854
0.388859
0.388859
0.38882
0.138524
0.0717809
0.381258
0.38823
0.384217
0.392479
0.38887
0.388653
0.388875
0.388859
0.400629
0.393427
0.38886
0.317419
0.354644
0.282147
0.378815
0.377265
0.385181
0.388675
0.383125
0.38886
0.38886
0.38886
0.388865
0.388872
0.389295
0.389009
0.388859
0.388862
0.388861
0.388866
0.38886
0.388859
0.38886
0.388859
0.101499
0.107971
0.388943
0.388906
0.388906
0.390056
0.38886
0.38886
0.38886
0.155001
0.144072
0.388866
0.388898
0.38888
0.388867
0.38886
0.388862
0.394121
0.381251
0.377512
0.388944
0.0832696
0.388411
0.388915
0.388889
0.388895
0.102089
0.295213
0.388859
0.388467
0.171253
0.275482
0.168443
0.389046
0.397759
0.385712
0.172029
0.188307
0.388586
0.38886
0.388862
0.26369
0.388884
0.38886
0.38886
0.38886
0.38887
0.38886
0.388861
0.38886
0.394452
0.399714
0.388073
0.39002
0.389183
0.388793
0.388523
0.388874
0.388859
0.38886
0.388858
0.38886
0.388861
0.38339
0.382401
0.38886
0.38895
0.388919
0.16747
0.38886
0.38637
0.386178
0.388864
0.32514
0.314072
0.388866
0.38554
0.380865
0.38887
0.388808
0.388877
0.388872
0.388877
0.388865
0.38886
0.317487
0.297742
0.38886
0.38886
0.38886
0.38886
0.38891
0.382943
0.392981
0.390111
0.388615
0.388968
0.344061
0.38886
0.387904
0.38886
0.387505
0.339089
0.38886
0.375724
0.388862
0.387553
0.388877
0.382165
0.392487
0.387961
0.392489
0.388871
0.388872
0.388888
0.389026
0.388893
0.388861
0.388073
0.388978
0.388139
0.389269
0.388377
0.389156
0.388976
0.389007
0.388861
0.388886
0.388873
0.388343
0.388863
0.38843
0.386848
0.388863
0.383751
0.384834
0.386791
0.388862
0.388869
0.389375
0.390685
0.388863
0.388868
0.388955
0.388889
0.391253
0.391361
0.391376
0.391447
0.391365
0.391286
0.389933
0.389012
0.388876
0.388861
0.38886
0.38886
0.38887
0.363417
1.95624
3.72961
1.34554
0.909728
0.525829
0.453524
0.402101
0.259387
0.173724
0.10843
0.0752856
0.0492324
0.0417345
0.026701
0.0303664
0.0332978
0.0264395
0.136865
0.224897
0.187506
0.156168
0.118994
0.103611
0.277445
0.460621
0.374997
0.335586
0.489416
0.38625
0.388857
0.388859
0.388859
0.388859
0.388859
0.388859
0.388859
0.388859
0.388859
0.388859
0.388859
0.38886
0.38886
0.388859
0.388859
0.38886
0.389124
0.389195
0.389173
0.389132
0.38909
0.389061
0.389034
0.389007
0.388985
0.388987
0.389018
0.389089
0.389154
0.389175
0.389151
0.389083
0.389097
0.389131
0.389155
0.389181
0.389174
0.389058
0.388992
0.389091
0.389287
0.390686
0.390465
0.504994
0.38886
0.38904
0.390745
0.391328
0.390759
0.391439
0.391396
0.390882
0.390809
0.391403
0.389533
0.389269
0.0485178
0.389112
0.388911
0.388864
0.38886
0.38886
0.38886
0.388953
0.0712109
0.388865
1.0262
0.538668
0.427629
0.447766
0.310767
0.214449
0.161114
0.116186
0.0789126
0.0502876
0.0411141
0.0336641
0.134688
0.208125
0.194923
0.133458
0.101475
0.170449
0.284598
0.363191
0.429179
0.390716
0.406643
0.387298
0.388859
0.388859
0.388859
0.388859
0.388859
0.388859
0.388859
0.388859
0.388859
0.388859
0.38886
0.388859
0.38886
0.388859
0.388859
0.390857
0.388861
0.389054
0.389169
0.389046
0.389156
0.38911
0.389074
0.389047
0.38902
0.388995
0.388978
0.389002
0.389046
0.38913
0.389172
0.38917
0.389123
0.389078
0.389117
0.389149
0.389153
0.389195
0.389131
0.388989
0.389039
0.389129
0.389776
0.706328
0.38886
0.390818
0.388951
0.388868
0.38886
0.38886
0.38886
0.38894
0.323046
0.147442
0.213407
0.138602
0.107408
0.133855
0.30137
0.477592
0.433857
0.337856
0.505294
0.386114
0.388859
0.388859
0.388859
0.388859
0.388859
0.388859
0.388859
0.388859
0.388859
0.388859
0.388859
0.388859
0.388859
0.389039
0.388999
0.388966
0.388947
0.388931
0.388921
0.388925
0.38896
0.388967
0.389011
0.389051
0.38907
0.389047
0.389015
0.389028
0.389048
0.389056
0.389085
0.38905
0.388958
0.388977
0.389041
0.389441
0.388859
0.388859
0.388859
0.388859
0.388859
0.388859
0.388859
0.388859
0.388859
0.388859
0.388859
0.388859
0.388955
0.388938
0.388925
0.388921
0.38894
0.388966
0.388985
0.389034
0.389065
0.389061
0.389024
0.389018
0.389035
0.389056
0.389072
0.389076
0.389005
0.388953
0.389014
0.389128
0.390923
0.389214
0.38886
0.388862
0.388889
0.388859
0.388782
0.3868
0.453219
0.338558
0.366868
0.299416
0.278976
0.0963483
0.126162
0.16845
0.20274
0.14846
0.184638
0.38886
0.388981
0.38902
0.39019
0.389845
0.388942
0.388867
0.389514
0.574066
0.388859
0.38886
0.388886
0.388909
0.388875
0.38886
0.388862
0.388861
0.38886
0.388859
0.388942
0.389061
0.429384
0.329243
0.38886
0.38886
0.38886
0.0485157
0.38886
0.388865
0.38886
0.388874
0.389098
0.389268
0.389004
0.0982586
0.38886
0.157203
0.110332
0.146431
0.239239
0.182812
0.177624
0.145444
0.124573
0.119232
0.359995
0.149924
0.109679
0.163289
0.378183
0.269706
0.22154
0.322268
0.395406
0.36574
0.373538
0.355925
0.385244
0.392353
0.388371
0.415512
0.392385
0.374896
0.385522
0.404469
0.414671
0.38884
0.381919
0.383286
0.388859
0.388859
0.384592
0.388576
0.388859
0.388859
0.388859
0.388859
0.388859
0.388859
0.388859
0.388859
0.388859
0.388859
0.388859
0.388859
0.388859
0.38886
0.38886
0.388859
0.388861
0.388863
0.388859
0.388859
0.388859
0.388859
0.388862
0.38886
0.390104
0.389721
0.388861
0.38886
0.38886
0.38886
0.38886
0.38886
0.38886
0.38886
0.388861
0.388861
0.388861
0.388862
0.388862
0.388862
0.388861
0.388862
0.388862
0.388862
0.388862
0.388861
0.388861
0.388872
0.389044
0.390442
0.388859
0.388859
0.390228
0.48307
0.39042
0.169182
0.211029
0.140768
0.144177
0.124257
0.102249
0.0678045
0.0631339
0.060374
0.0739364
0.0648481
0.209204
0.1968
0.388862
0.38886
0.389907
0.388859
0.389749
0.388863
0.39025
0.388859
0.388859
0.0742218
0.106866
0.390321
0.38997
0.389866
0.186557
0.388859
0.388859
0.388859
0.383804
0.388864
0.38886
0.0735305
0.393276
0.354921
0.38943
0.388859
0.388859
0.388859
0.386431
0.155476
0.38886
0.388859
0.388859
0.10065
0.380732
0.389186
0.366249
0.388859
0.388859
0.388859
0.388859
0.388859
0.388859
0.388859
0.388859
0.388861
0.388863
0.388865
0.390292
0.388859
0.389825
0.38886
0.38886
0.38886
0.38886
0.38886
0.388861
0.388861
0.388861
0.388861
0.388862
0.388862
0.388861
0.388861
0.388862
0.388862
0.388862
0.388862
0.388861
0.388863
0.388913
0.389957
0.388859
0.144425
0.147648
0.0703069
0.163932
0.214379
0.390192
0.389794
0.16085
0.1148
0.0909675
0.073688
0.38886
0.388885
0.388861
0.38886
0.388861
0.388861
0.388861
0.388861
0.38886
0.388861
0.388861
0.388861
0.38886
0.38886
0.38886
0.38886
0.38886
0.38886
0.388859
0.388859
0.388865
0.38886
0.388859
0.388861
0.388861
0.388959
0.388861
0.388861
0.38886
0.388861
0.388861
0.388861
0.38886
0.38886
0.38886
0.388859
0.388859
0.388859
0.388859
0.388859
0.388859
0.388859
0.388859
0.388859
0.38886
0.38886
0.38886
0.38886
0.38886
0.38886
0.38886
0.388859
0.388859
0.388859
0.388859
0.388859
0.38886
0.139116
0.389479
0.383837
0.37538
0.38886
0.388859
0.388859
0.222041
0.388859
0.389049
0.388859
0.388859
0.38886
0.413096
0.18725
0.377643
0.388863
0.388861
0.101838
0.0784299
0.122498
0.377424
0.388859
0.388855
0.388859
0.388859
0.388859
0.388859
0.388859
0.388859
0.388859
0.388859
0.386128
0.388776
0.388859
0.388863
0.388859
0.388859
0.388859
0.388859
0.388859
0.389399
0.389151
0.389235
0.388859
0.388859
0.116109
0.237292
0.390299
0.389497
0.378181
0.388859
0.388859
0.388859
0.381476
0.388859
0.388859
0.388859
0.388859
0.388859
0.388859
0.388859
0.388859
0.388859
0.388859
0.388859
0.388859
0.388859
0.388859
0.388859
0.388859
0.388859
0.388859
0.388859
0.388859
0.388859
0.388859
0.388859
0.38886
0.388947
0.389029
0.38886
0.388859
0.388859
0.388859
0.388859
0.38888
0.388869
0.388904
0.388859
0.388859
0.388859
0.38886
0.388861
0.38886
0.38886
0.38886
0.388859
0.388859
0.388859
0.349213
0.259134
0.263123
0.231655
0.388859
0.388859
0.389462
0.389194
0.387447
0.383841
0.190389
0.181522
0.38886
0.38886
0.0885015
0.132376
0.388859
0.388859
0.401464
0.383803
0.388426
0.39221
0.388859
0.372159
0.391185
0.387392
0.389513
0.389269
0.389565
0.389308
0.388859
0.0874499
0.387603
0.388897
0.388972
0.389064
0.388927
0.388859
0.393041
0.38886
0.38886
0.38886
0.38886
0.38886
0.388859
0.374236
0.38886
0.140141
0.119414
0.418987
0.395767
0.388871
0.388881
0.388866
0.388869
0.388897
0.388859
0.198424
0.182044
0.388085
0.172711
0.0991751
0.138977
0.357881
0.364829
0.262299
0.234356
0.329834
0.202846
0.388859
0.159004
0.346669
0.381017
0.388859
0.389554
0.389295
0.388859
0.388859
0.388859
0.38886
0.38886
0.380663
0.388859
0.388859
0.388859
0.248151
0.388859
0.388859
0.388859
0.388859
0.388859
0.388859
0.388859
0.388859
0.388859
0.388859
0.366437
0.388859
0.388859
0.388859
0.388859
0.388859
0.388859
0.388859
0.388859
0.388859
0.388859
0.388859
0.38886
0.120175
0.38886
0.38886
0.38886
0.388859
0.388859
0.388859
0.325937
0.185556
0.38886
0.388859
0.388859
0.388859
0.388859
0.388859
0.388859
0.388859
0.388859
0.38886
0.388859
0.388859
0.388859
0.388859
0.388859
0.388859
0.388859
0.388859
0.388859
0.388859
0.388859
0.38886
0.388851
0.388859
0.388859
0.388859
0.38886
0.393306
0.388859
0.38886
0.388859
0.388787
0.388858
0.388859
0.107752
0.38886
0.388861
0.38886
0.388852
0.388761
0.38886
0.150261
0.388859
0.388859
0.0925317
0.38957
0.388859
0.381519
0.392786
0.388859
0.140508
0.388859
0.38886
0.189372
0.388859
0.388859
0.388859
0.388859
0.387954
0.388859
0.388859
0.388859
0.388859
0.388859
0.429087
0.388859
0.388859
0.388859
0.388859
0.388859
0.388859
0.388859
0.388859
0.114872
0.12274
0.38277
0.388859
0.388859
0.388859
0.388859
0.388861
0.388857
0.388859
0.208473
0.388859
0.388859
0.388859
0.388859
0.388859
0.388859
0.388859
0.38886
0.126722
0.388859
0.388859
0.388859
0.388859
0.388859
0.388861
0.388859
0.388859
0.388859
0.388859
0.389114
0.388859
0.388859
0.39114
0.162489
0.388859
0.388859
0.388859
0.388859
0.188235
0.384241
0.385598
0.394097
0.130863
0.38886
0.38886
0.399092
0.388859
0.388859
0.388896
0.390398
0.381225
0.386957
0.388859
0.388859
0.388859
0.388859
0.459196
0.412759
0.428055
0.38886
0.38886
0.388862
0.388861
0.0885553
0.0973972
0.392205
0.391829
0.389125
0.388859
0.388859
0.388859
0.12978
0.388905
0.388886
0.221335
0.389001
0.389109
0.388943
0.388506
0.124067
0.388859
0.141607
0.388859
0.388859
0.133668
0.38886
0.38886
0.388861
0.388863
0.388861
0.388859
0.388859
0.38886
0.388873
0.388885
0.388867
0.38886
0.388859
0.383263
0.378767
0.388859
0.38886
0.388863
0.388859
0.380352
0.382818
0.388859
0.388859
0.388859
0.130978
0.388859
0.388859
0.173211
0.218671
0.246395
0.388859
0.388859
0.388859
0.383018
0.389085
0.388859
0.389271
0.388966
0.390352
0.388859
0.388859
0.388859
0.388859
0.40311
0.389009
0.388859
0.388859
0.388859
0.388859
0.388859
0.388859
0.388859
0.38886
0.388859
0.388859
0.388859
0.388859
0.388859
0.388859
0.388859
0.38886
0.388855
0.388859
0.388859
0.388859
0.388862
0.388867
0.38886
0.164726
0.38886
0.38886
0.388859
0.38886
0.38886
0.388984
0.388859
0.388859
0.388859
0.388859
0.388859
0.389006
0.388859
0.388859
0.38886
0.389017
0.388859
0.388859
0.388861
0.388859
0.388866
0.38886
0.225727
0.388859
0.388859
0.388859
0.0835721
0.108079
0.0897605
0.38886
0.38886
0.38886
0.391154
0.388859
0.388785
0.154727
0.388859
0.388859
0.38886
0.388863
0.388859
0.388307
0.388859
0.388859
0.38886
0.388859
0.388859
0.124425
0.366149
0.38378
0.124868
0.095914
0.113005
0.104131
0.388859
0.388859
0.388859
0.388937
0.388771
0.38886
0.389267
0.38886
0.388932
0.38556
0.388859
0.388859
0.388859
0.388859
0.388859
0.38886
0.144435
0.108664
0.113085
0.0960647
0.388877
0.388902
0.388859
0.388859
0.388859
0.388859
0.388859
0.388859
0.388859
0.388913
0.388859
0.388859
0.388859
0.388635
0.388203
0.38886
0.38886
0.388858
0.388858
0.388859
0.388859
0.131858
0.136923
0.111104
0.388859
0.388859
0.388859
0.388859
0.388859
0.388643
0.388278
0.388667
0.135921
0.136325
0.388859
0.388859
0.388861
0.38886
0.388859
0.388859
0.388896
0.388859
0.388859
0.388859
0.388859
0.388859
0.388859
0.388859
0.388859
0.388859
0.388859
0.388859
0.388859
0.388863
0.388868
0.388938
0.383379
0.387813
0.38887
0.388876
0.388859
0.388859
0.388859
0.388859
0.388807
0.38879
0.388664
0.393732
0.388859
0.388859
0.388877
0.388859
0.427356
0.388881
0.221124
0.24396
0.386346
0.389808
0.384167
0.382648
0.3889
0.38886
0.388859
0.388859
0.38875
0.388841
0.388859
0.155968
0.388859
0.388873
0.38886
0.388839
0.383267
0.388859
0.388859
0.388861
0.38886
0.388859
0.38893
0.388874
0.388947
0.388904
0.388909
0.224767
0.389545
0.38886
0.388859
0.388868
0.388859
0.331964
0.388859
0.389043
0.388859
0.388859
0.38886
0.388859
0.388859
0.388859
0.393556
0.390598
0.388859
0.388859
0.388859
0.388859
0.388859
0.388859
0.388859
0.388859
0.388861
0.388859
0.388859
0.388859
0.388859
0.388859
0.388859
0.38886
0.38886
0.386794
0.388859
0.388859
0.400161
0.38886
0.388868
0.388891
0.259012
0.387078
0.446166
0.388859
0.389798
0.389986
0.388859
0.388863
0.388861
0.388868
0.388859
0.388886
0.388859
0.388859
0.38886
0.38886
0.419795
0.251168
0.388511
0.388859
0.388864
0.388867
0.388862
0.388859
0.388527
0.38888
0.388859
0.3892
0.388859
0.406259
0.388859
0.388859
0.388881
0.388859
0.388859
0.38886
0.388867
0.388859
0.343589
0.359802
0.385402
0.382251
0.383152
0.388861
0.388865
0.388855
0.38886
0.38886
0.388871
0.388877
0.180691
0.388859
0.388856
0.38886
0.388859
0.386663
0.388859
0.386647
0.388859
0.388478
0.388859
0.38886
0.388859
0.388859
0.388859
0.38886
0.388859
0.388859
0.388859
0.388859
0.389771
0.388899
0.38886
0.388859
0.388803
0.388589
0.388831
0.388859
0.388859
0.38886
0.388859
0.388859
0.387976
0.388743
0.388859
0.388859
0.388859
0.388898
0.388859
0.38886
0.38886
0.388886
0.388859
0.388859
0.154323
0.388859
0.388859
0.388859
0.388859
0.388859
0.388859
0.387807
0.387719
0.388859
0.391309
0.388859
0.38919
0.388859
0.391088
0.387874
0.386128
0.38886
0.388859
0.240308
0.387028
0.249675
0.257261
0.386867
0.38886
0.387919
0.388894
0.388868
0.38886
0.38886
0.391261
0.38886
0.389952
0.38886
0.391024
0.397018
0.35061
0.371498
0.38886
0.106358
0.388943
0.104462
0.101861
0.197669
0.410548
0.388861
0.100485
0.388897
0.389073
0.388907
0.389129
0.38886
0.38886
0.388863
0.388863
0.38886
0.388861
0.13426
0.112179
0.388866
0.388874
0.388865
0.388845
0.38886
0.388859
0.32767
0.387826
0.38886
0.388859
0.38886
0.38886
0.38886
0.388859
0.389238
0.158044
0.38886
0.41552
0.131565
0.38886
0.166497
0.38886
0.290841
0.314307
0.388861
0.386719
0.38886
0.38886
0.38886
0.134304
0.417525
0.38886
0.384935
0.38886
0.39342
0.398712
0.388873
0.382888
0.389632
0.382993
0.38886
0.388851
0.386275
0.38886
0.388905
0.387982
0.38899
0.388918
0.389032
0.383773
0.389231
0.38886
0.38886
0.38886
0.394736
0.386371
0.389097
0.388862
0.388861
0.247454
0.260463
0.38456
0.330845
0.386389
0.34381
0.38886
0.38886
0.38886
0.389343
0.393091
0.38755
0.388819
0.38886
0.420369
0.399503
0.40716
0.392784
0.386605
0.38886
0.388835
0.388894
0.388862
0.388861
0.388869
0.38886
0.388812
0.38886
0.388604
0.388258
0.388736
0.388861
0.389012
0.388863
0.395482
0.398707
0.423612
0.387352
0.388852
0.388812
0.388858
0.39013
0.38886
0.388958
0.38886
0.38886
0.38886
0.388857
0.388864
0.388861
0.38886
0.388871
0.386443
0.38886
0.38886
0.389558
0.388875
0.388862
0.388883
0.388939
0.38887
0.395478
0.391425
0.389052
0.38877
0.390625
0.405349
0.388895
0.388081
0.388831
0.388519
0.388862
0.388868
0.38886
0.38887
0.388553
0.38888
0.388242
0.388932
0.389954
0.390654
0.395794
0.388842
0.388823
0.392278
0.390282
0.392824
0.388856
0.401635
0.388884
0.38886
0.38894
0.38886
0.389064
0.388884
0.389003
0.389384
)
;

boundaryField
{
    bullet
    {
        type            compressible::alphatWallFunction;
        Prt             0.85;
        value           nonuniform List<scalar> 
30
(
0.0075553
0.00818558
0.0081726
0.00680915
0.00553654
0.00497241
0.00329675
0.00176066
0.00057962
0.000862598
0.00143496
0.000349601
0.000438735
0.000186621
0.000151807
0.000269484
0.00105627
0.000466625
0.000433528
0.000535322
0.00211627
0.00060014
0.000905846
0.00259528
0.00380189
0.00416496
0.00466344
0.00532568
0.00543664
0.00748
)
;
    }
    topWall
    {
        type            calculated;
        value           nonuniform List<scalar> 
50
(
0.39073
0.390208
0.390518
0.390891
0.391278
0.390866
0.390281
0.390368
0.391596
0.392015
0.392015
0.392015
0.391968
0.391612
0.391666
0.39166
0.391678
0.391717
0.391531
0.391253
0.391176
0.392015
0.393559
0.391988
0.392004
0.392144
0.392097
0.392028
0.391747
0.391344
0.391519
0.392015
0.392015
0.392015
0.392015
0.392015
0.392015
0.392015
0.392015
0.392015
0.392015
0.392015
0.392015
0.392015
0.392015
0.392015
0.392015
0.392015
0.392015
0.392015
)
;
    }
    bottomWall
    {
        type            calculated;
        value           nonuniform List<scalar> 
50
(
0.392571
0.392015
0.392015
0.392015
0.391573
0.391098
0.390336
0.392015
0.392015
0.392015
0.392015
0.392015
0.392015
0.392015
0.392015
0.392015
0.392015
0.392015
0.392015
0.392015
0.392015
0.392015
0.392015
0.392015
0.392015
0.39074
0.39035
0.391251
0.393096
0.392352
0.392493
0.39134
0.392526
0.392927
0.392656
0.392015
0.392401
0.392088
0.392959
0.392015
0.391887
0.392015
0.392015
0.392015
0.392015
0.392015
0.392015
0.392015
0.391817
0.39198
)
;
    }
    inlet
    {
        type            calculated;
        value           uniform 0.392015;
    }
    outlet
    {
        type            calculated;
        value           nonuniform List<scalar> 
30
(
0.38886
0.38886
0.38886
0.388859
0.388859
0.388859
0.388859
0.38886
0.388861
0.389124
0.392838
0.394082
0.394953
0.395413
0.395444
0.392833
0.394065
0.394925
0.395377
0.395406
0.389089
0.388876
0.38886
0.38886
0.388859
0.388859
0.388859
0.388859
0.388859
0.388859
)
;
    }
    defaultFaces
    {
        type            empty;
    }
}


// ************************************************************************* //
