/*--------------------------------*- C++ -*----------------------------------*\
  =========                 |
  \\      /  F ield         | OpenFOAM: The Open Source CFD Toolbox
   \\    /   O peration     | Website:  https://openfoam.org
    \\  /    A nd           | Version:  6
     \\/     M anipulation  |
\*---------------------------------------------------------------------------*/
FoamFile
{
    version     2.0;
    format      ascii;
    class       volScalarField;
    location    "0.0004";
    object      epsilon;
}
// * * * * * * * * * * * * * * * * * * * * * * * * * * * * * * * * * * * * * //

dimensions      [0 2 -3 0 0 0 0];

internalField   nonuniform List<scalar> 
3704
(
248518
237113
239538
250546
240987
238290
232929
236798
250290
258439
259850
255458
252296
258739
258408
240276
258891
260342
260517
260112
259545
258264
256515
243403
250033
258087
260450
260452
256380
244440
240684
229467
256396
257979
258626
259137
259470
259700
259887
260051
260200
260342
260475
260597
260705
260799
260880
260950
261000
261068
248542
237025
238907
244311
239000
235392
232552
233132
244097
250597
251970
250560
248700
248899
247163
239064
249046
251390
251694
250555
249040
246176
243691
241238
246713
250968
251522
251462
246696
242253
238728
228839
242633
244844
246418
247769
248675
249318
249846
250312
250738
251144
251525
251874
252183
252451
252682
252885
253025
253227
248596
236890
237863
240027
237478
234251
231954
231352
239229
244082
245835
245369
244076
242055
240501
237538
242737
244863
244987
243314
241258
238337
237055
238288
242064
244319
244632
244527
241588
239031
235687
227839
233710
235435
237298
239089
240359
241291
242077
242777
243422
244040
244619
245151
245621
246027
246380
246692
246896
247230
248684
236767
236727
237430
236126
233354
231222
230165
235896
239589
241376
241156
240104
237892
236901
236054
238876
240458
240278
238326
236109
233876
233704
235473
237915
239461
239731
239597
237999
235856
232703
226805
228626
229632
231329
233198
234609
235690
236623
237466
238249
238999
239706
240353
240923
241414
241845
242234
242461
242928
248821
236711
235778
235822
234914
232452
230451
229266
233829
236852
238554
238382
237441
235538
234916
234758
236595
237784
237406
235402
233242
231596
231894
233439
235184
236498
236751
236606
235593
233591
230644
226002
226238
226777
228214
229987
231390
232497
233467
234352
235177
235970
236716
237398
237995
238505
238964
239390
239587
240202
2.88379e+08
2.46919e+08
3.72974e+07
3.39838e+07
3.48404e+07
6.32337e+07
6.19654e+07
5.18598e+07
7.24391e+07
1.10994e+08
1.54059e+08
2.16475e+08
2.97222e+08
2.2601e+08
2.94686e+08
8.16896e+07
1.23512e+08
3.41118e+07
1.74307e+07
2.45121e+07
4.63243e+07
2.8416e+07
2.50831e+07
3.55248e+07
4.83295e+07
6.22942e+07
7.97406e+07
1.16075e+08
1.29957e+08
1.63393e+08
8.5809e+07
1.15504e+08
4.90762e+07
2.28406e+07
2.07723e+07
3.66909e+07
2.1844e+07
2.30593e+07
2.67936e+07
3.50893e+07
4.36352e+07
6.30428e+07
9.67158e+07
1.9514e+08
1.70887e+08
1.25811e+08
1.29578e+08
5.72263e+07
2.97798e+07
1.98616e+07
2.74632e+07
1.76433e+07
1.90382e+07
2.16783e+07
2.77619e+07
3.81852e+07
6.03886e+07
9.89439e+07
3.03e+08
2.02569e+08
1.55716e+08
1.25017e+08
5.1736e+07
2.57371e+07
1.70045e+07
2.14487e+07
1.55531e+07
1.63598e+07
1.88836e+07
2.40019e+07
3.56821e+07
6.08689e+07
1.08924e+08
4.10037e+08
2.41372e+08
3.04499e+08
2.59924e+08
5.17242e+08
3.4791e+08
2.53279e+08
1.77938e+08
1.13703e+08
8.40507e+07
7.7402e+07
5.97856e+07
6.81358e+07
4.17143e+07
6.65265e+07
1.18653e+08
1.76562e+08
1.8905e+08
1.78766e+08
1.64439e+08
1.06458e+08
1.00456e+08
8.89798e+07
6.98363e+07
4.70591e+07
3.88199e+07
3.71721e+07
4.90576e+07
2.58169e+07
4.08451e+07
1.74495e+08
9.77435e+07
1.97157e+08
2.17788e+08
1.36502e+08
8.21455e+07
6.41205e+07
6.23387e+07
5.20394e+07
4.51746e+07
3.8504e+07
3.0549e+07
4.00043e+07
2.5136e+07
3.15428e+07
5.6173e+07
8.39473e+07
2.2601e+08
2.559e+08
1.3792e+08
7.63312e+07
5.14208e+07
4.75462e+07
4.1454e+07
3.67969e+07
3.35293e+07
2.72296e+07
3.01802e+07
2.26824e+07
2.7654e+07
3.41304e+07
8.1318e+07
2.6083e+08
2.87493e+08
1.48376e+08
7.46301e+07
4.68542e+07
3.95255e+07
3.47034e+07
3.06622e+07
2.79506e+07
2.50693e+07
2.43145e+07
2.1189e+07
2.5006e+07
3.02742e+07
4.81065e+07
261090
261032
260990
260931
260866
260788
260695
260586
260464
260329
260180
260011
259817
259590
259315
258935
258303
257512
256971
249819
244251
243423
244645
244594
246584
241235
240453
247697
256352
231171
232313
236518
243126
244312
243812
241966
239587
242529
251199
258885
258856
243863
224911
224902
228112
230976
230881
232211
236537
248502
253289
253119
253001
252830
252643
252422
252155
251844
251494
251108
250682
250198
249645
249005
248238
247210
245573
243675
242896
243751
241817
241927
243329
243402
244986
240558
239610
240859
243704
230929
231926
235656
241148
242327
242128
240684
238703
241409
243863
248277
248233
239623
224737
224778
227886
230695
230697
232072
236492
248527
247325
247043
246869
246604
246320
245986
245580
245106
244574
243986
243337
242605
241772
240819
239705
238286
236187
234082
233604
236750
238119
239501
241167
241447
242497
239389
238423
237483
237048
230491
231258
234270
238162
239266
239465
238599
237223
239682
241084
241816
240897
234854
224441
224554
227482
230191
230357
231819
236412
248580
243047
242650
242452
242115
241769
241369
240879
240302
239652
238936
238146
237257
236254
235119
233828
232273
230172
228460
228464
231620
234585
236960
238844
239330
239970
238006
237108
235645
233911
229924
230467
232803
235305
236264
236761
236392
235573
237807
239003
238182
236322
231217
224092
224263
226980
229561
229902
231490
236319
248668
240330
239805
239625
239243
238878
238467
237958
237351
236664
235905
235070
234132
233078
231896
230572
229043
227114
225828
226141
228846
232195
234997
236949
237547
237980
236669
235850
234355
232343
229291
229691
231589
233294
234114
234733
234629
234141
236191
237313
236104
233801
229121
223743
223940
226455
228894
229374
231121
236228
248804
256309
257706
257395
257694
257329
256151
237534
221318
219263
219138
219203
219235
219205
219200
219208
219142
219067
219039
219082
219079
219065
219048
219032
219030
219032
219039
219059
219097
219148
219180
219121
218911
218899
218899
218899
218899
218899
218899
218899
218899
218899
218899
218899
218899
218899
218899
218899
218899
218797
220829
238758
188760
237412
301961
1.21811e+06
1.68521e+06
9.10057e+06
2.3459e+07
9.24462e+07
2.10901e+08
5.39149e+07
218990
1.45425e+07
1.46004e+07
1.30185e+07
1.2804e+07
9.73089e+06
1.02612e+07
1.359e+07
1.87358e+07
3.07162e+07
5.8144e+07
1.20943e+08
5.4032e+08
2.91471e+08
3.86855e+08
231026
218922
218900
218901
218915
219133
221687
237772
245261
218968
218899
3.73517e+08
249425
257171
249138
257584
249516
249791
257617
257696
226348
219677
219166
219173
219231
219222
219200
219208
219183
219101
219043
219059
219081
219076
219059
219041
219028
219032
219034
219047
219076
219122
219170
219073
219247
218900
218899
218899
219295
218899
218899
218899
4.58054e+08
218899
218899
218899
218899
218899
218899
218899
218899
218899
218899
218899
218891
217340
232307
278864
198795
234284
599311
1.34933e+06
3.65887e+06
1.2589e+07
3.09832e+07
1.17639e+07
2.22647e+07
5.2577e+07
1.35947e+07
1.13954e+07
1.01317e+07
9.23329e+06
1.14641e+07
1.51006e+07
2.18237e+07
3.67652e+07
7.43382e+07
1.66211e+08
3.22669e+06
219209
218901
218900
218900
218900
218904
218960
219745
226668
245374
249485
249821
249562
220120
219114
219064
219095
219112
219093
219090
219086
219036
218982
218959
218985
218983
218994
219005
218989
218976
218963
218959
218968
218996
219033
219065
218899
218899
218899
218899
218899
218899
218899
218899
218899
218899
218899
218899
218899
218898
217938
232323
323426
192374
217855
449648
1.17754e+06
2.01436e+06
1.39178e+07
1.4295e+07
219118
5.45861e+07
219233
218901
218900
218902
218931
219357
223642
219111
219101
219091
219091
219066
219010
218961
218975
218981
218988
219004
218998
218981
218970
218960
218961
218980
219015
219046
218899
218899
218899
218899
218899
218899
218899
218899
218899
218899
218887
217110
226481
200686
227757
251957
812291
1.39145e+06
5.67081e+06
7.74406e+06
2.02197e+07
223113
219080
230839
218900
218899
218899
218899
231324
220479
219022
218912
294919
218908
241619
241155
244285
242635
219836
218900
219035
218901
218926
218899
218901
218900
218899
218901
218901
218901
218901
218900
218900
218900
218900
218900
218900
218900
218900
218900
218900
218900
218900
218900
218900
218899
218899
218899
218903
218909
218901
218899
218899
218899
218899
218899
219076
219316
218969
4.73546e+07
230671
218899
218899
218899
218899
218899
218899
218899
218899
218899
218899
218899
218899
218899
218838
222421
225132
202745
216580
442005
1.95518e+06
5.51073e+06
6.88669e+06
1.32916e+07
4.01423e+07
222676
220849
8.20983e+06
1.67422e+07
2.87509e+07
9.72595e+06
1.0072e+07
8.39184e+06
218900
219386
218906
218902
218901
243927
224065
218901
218903
218900
218900
219279
218933
218916
223174
219002
219107
218901
218900
220241
221408
244691
7.61442e+06
6.60902e+06
6.4346e+06
7.13676e+06
8.15436e+06
9.54892e+06
1.01453e+07
4.49802e+07
5.42168e+06
3.17478e+07
218899
218899
242152
236006
235035
218899
218899
236770
218903
218899
2.44096e+07
1.92053e+07
1.93381e+07
237027
218900
218900
242480
236169
1.26618e+06
218899
218900
218900
218900
218901
218899
218899
219644
230453
218901
218901
218901
218900
218900
218900
218900
218900
218900
218900
218900
218900
218900
218900
218900
218900
218901
218900
218905
1.33197e+07
218900
218899
218899
218899
218899
218899
218900
218899
218900
226288
218899
218899
218899
218899
218899
218899
218899
218899
218899
218899
218899
218899
214596
212789
239148
230211
226253
262513
929172
4.07269e+06
6.20717e+06
1.11966e+07
218900
218900
7.21146e+06
241053
225788
219110
218899
218900
242132
235413
235882
218900
218900
218900
218926
234725
218955
5.92998e+06
6.16961e+06
5.91446e+06
7.31312e+06
8.03099e+06
3.57079e+06
7.90311e+06
218900
4.70223e+06
1.05191e+06
318095
218900
4.43227e+06
218914
218900
8.31212e+06
2.79386e+06
647536
227720
203863
227892
226418
217564
218898
218899
218899
218900
218899
218899
218899
218900
218900
218900
218900
218900
218900
218900
218900
218900
218900
218900
218900
218900
218900
218900
218900
218900
218900
218900
218900
218900
218900
218900
210413
213725
218895
218899
218899
218899
218899
218899
218899
218899
217474
1.07629e+07
218899
218899
218899
218899
218899
218899
224662
229482
218899
218899
218900
218899
218899
218899
218900
225419
218899
218899
218899
218899
218899
218899
218899
218899
218899
5.4231e+06
218899
218899
218899
218899
218899
218899
218899
218899
218899
218899
458178
218899
3.74437e+06
218899
218899
1.09396e+07
218899
218899
218899
218899
218899
218899
218899
218899
218899
218899
218899
218899
218899
218899
218900
218899
218899
218899
218899
218899
218899
230203
218899
218899
218899
218899
218899
218899
218899
218899
218899
218899
216683
211436
215475
231148
9.67417e+06
221441
227660
218899
218899
217055
249638
676740
218899
218899
220539
218899
218899
219397
1.18481e+07
218899
218899
224772
229861
222219
221687
218902
4.26545e+06
218900
218901
218900
218900
218899
218899
218899
218899
220707
219892
222346
423004
1.1677e+06
227247
218934
4.22803e+06
4.69902e+06
411329
218909
218904
218918
214655
219520
218899
218899
218899
218899
218899
218899
2.81284e+06
4.84618e+06
4.05067e+06
3.14564e+06
219033
218970
219167
218911
218900
218899
218899
1.70652e+06
855423
1.98601e+06
218899
218899
8.61339e+06
9.5163e+06
230805
473061
218899
218899
230126
292077
218899
218899
230906
226725
226397
218899
218899
218899
218899
218899
218899
218899
218899
211195
218920
218899
4.74788e+06
218899
218899
218899
225543
210276
218906
218899
218899
218899
218899
218899
218899
218899
218899
218899
218899
218899
218899
218899
218899
218899
218899
218899
218899
218718
219629
214741
9.3478e+06
218899
226128
496590
416097
218899
5.65273e+06
219663
219238
6.45653e+06
6.25886e+06
5.41945e+06
218900
218901
218900
7.31153e+06
8.0207e+06
6.34672e+06
3.99143e+06
219039
219199
3.94237e+06
218899
658330
317105
541439
218901
218952
218918
218899
218899
218899
295687
219451
218891
218899
3.67217e+06
218899
218899
218899
218899
218899
218899
218899
218899
217047
218899
236956
218899
218899
218899
218899
218899
218899
218899
218899
225842
218901
218899
218899
218899
218899
218899
218899
218899
218899
218899
218899
218899
199526
218920
218904
218900
218900
218899
218899
218899
218899
218899
218899
218899
3.17959e+06
218899
221741
218405
218899
259655
218899
218899
218899
218900
218899
218899
218899
218899
218899
218899
232778
218899
3.85968e+06
218899
218899
222450
218386
235776
218899
218899
218899
218899
218899
218899
6.44849e+06
218899
218899
218899
218899
218899
218899
218899
218899
218898
218565
218377
218415
218899
217631
217579
3.31095e+06
218899
218899
218899
218899
230498
226238
226509
218899
218899
218900
218899
218899
218899
218899
218899
218899
218899
218899
2.37911e+06
218899
218899
218899
218899
218899
218899
218899
218899
218899
218899
7.15061e+06
221753
218111
218504
224370
219178
218954
218899
218899
218900
218900
218899
218899
5.81359e+06
218899
219489
218900
218899
3.22713e+06
218900
218020
218899
218899
218899
218899
779746
218899
221440
237209
218901
218901
218899
218899
211946
227402
218899
218899
223679
6.66179e+06
218900
218899
3.26195e+06
218899
218935
219736
218900
218899
218899
218899
226542
3.68725e+06
5.09104e+06
218900
218899
218899
218899
218899
218899
218899
223554
243413
218872
2.42942e+06
346979
218899
393692
218354
219035
219538
218899
4.19886e+06
218900
218899
223460
221563
218900
218900
218899
218899
218899
218899
221119
220106
223085
219045
218972
219200
218899
1.07422e+06
218899
218899
218899
218913
218904
1.09261e+06
1.48899e+06
864423
1.61604e+06
218909
218918
215732
218899
218899
218899
218899
296341
218899
222180
218900
449104
218901
218902
223320
221351
221449
218900
218900
218900
217473
218899
218900
218968
218899
389532
220225
219382
219074
219342
218899
218900
218900
218899
218899
218899
2.83521e+06
218899
218899
218899
5.96848e+06
218900
218900
218900
218899
218899
218900
218905
224221
218837
218900
258689
218899
3.43959e+06
228474
218899
218890
218895
218897
218899
218899
218900
218899
218899
218899
218899
218899
218899
366406
4.51073e+06
5.33396e+06
4.74966e+06
218899
218899
218899
218899
218899
218899
218898
218899
218899
218899
2.79806e+06
220184
219613
218899
221553
218900
218899
218901
218903
1.66328e+06
218899
218899
218899
218899
218899
218899
218891
218890
218899
218899
218899
218899
218899
218899
218899
218899
218899
218899
218899
221458
218900
218900
216871
220497
219009
219168
218939
218900
218900
218899
218899
218899
218899
218899
218899
218899
218899
517466
220242
218899
218899
218904
218899
218899
218899
218899
218899
218899
218899
218899
218899
218899
218935
218928
219084
218899
218899
233699
218900
218905
219046
218899
223834
219130
218931
218967
219888
218900
218898
219035
218942
218899
218899
215457
222069
3.50576e+06
218899
221771
218899
218899
218900
218899
218899
218481
218269
218899
270643
218899
219053
218899
1.48315e+06
218899
222696
228822
259504
527004
218900
218900
218899
218900
1.68977e+06
2.86463e+06
223351
216127
218899
399806
655567
218899
4.22312e+06
218899
218899
218899
218900
218899
218899
218899
215756
210005
5.23918e+06
220478
1.46914e+06
218899
218899
218905
218901
219554
219215
220222
219657
220269
219243
3.4682e+06
3.49126e+06
218899
218899
218899
218899
218899
218900
218900
218899
218899
222270
218899
218926
218901
219288
218914
218911
218899
218900
218900
218907
218900
218899
233977
218899
218899
218377
219077
218999
218904
218910
220215
218899
218899
218900
218899
218899
218899
218899
218899
218900
1.45087e+06
218899
220518
218899
218899
218899
218899
218899
218899
218899
218903
218899
218724
218899
218900
219141
219011
218899
218899
218900
218899
218865
218745
1.20438e+06
218900
218877
218899
218899
218899
218899
218899
220487
1.66493e+06
1.12487e+06
218950
218916
218899
218899
218900
218899
218899
218899
218899
218899
418140
219458
218899
231990
218899
218899
218899
218899
218897
218899
218899
218881
726466
3.36991e+06
216015
218596
217219
220352
219033
218818
218911
218900
236107
222437
218900
439998
243704
306859
221364
217896
217462
218836
220514
218901
218900
218901
218960
219052
219055
219126
218899
218901
218900
218902
218899
218899
218900
218899
1.83931e+06
1.58774e+06
220241
219572
219573
219744
218900
218901
218900
620437
646648
218902
218920
219177
218904
218902
218901
220799
216502
214917
218932
1.5635e+06
218699
218938
218923
218918
1.75048e+06
368283
218900
218711
753581
388706
762427
219015
222251
217549
598153
597912
218820
218905
218901
327137
219237
218900
218900
218900
219032
218900
218900
218900
238316
231705
218559
219515
219142
218866
218773
218906
218900
218900
218899
218900
218915
217668
224194
218900
218943
218929
591302
218900
217900
217892
218951
265553
275931
218902
217564
216297
218905
218878
218907
218905
218912
218903
218900
305362
310097
218900
218900
218900
218900
218931
216652
221017
219997
218795
218950
247010
218900
218471
218900
241798
251788
218900
226348
218901
218388
218910
221926
221705
220194
221076
218905
218901
218915
218974
218916
218900
218613
218982
218598
219078
218795
219033
218979
219137
218900
218916
218906
218678
218902
218694
217901
218902
220333
217430
218356
218902
218906
219242
219682
218901
218904
218954
218920
256138
257200
257374
258202
257255
256309
237773
221719
219139
218915
218901
218900
218918
244142
4.55906e+08
3.06931e+08
3.17579e+08
1.61989e+08
7.09877e+07
4.26464e+07
3.14754e+07
2.42046e+07
2.11769e+07
1.90881e+07
1.70412e+07
1.6769e+07
1.73122e+07
1.83415e+07
2.2994e+07
1.22148e+08
6.11483e+07
1.7472e+08
9.10022e+07
3.44291e+07
1.55956e+07
6.69899e+06
1.85527e+06
250622
249567
214765
198592
255787
217887
218897
218899
218899
218899
218899
218899
218899
218899
218899
218899
218899
218899
218899
218899
218899
218899
219150
219219
219187
219139
219092
219058
219031
219007
218994
219013
219040
219097
219171
219205
219182
219119
219124
219151
219180
219208
219199
219078
219028
219443
225051
248033
245375
4.40989e+08
218899
219058
248642
256825
248802
258113
257607
250280
249407
257740
231386
226710
3.01833e+08
223693
219765
218961
218904
218900
218901
219172
1.07126e+07
218900
2.16733e+08
8.6356e+07
4.71316e+07
3.53985e+07
2.52384e+07
2.00329e+07
1.84873e+07
1.68988e+07
1.5626e+07
1.5704e+07
1.63373e+07
2.04538e+07
1.26002e+08
5.68396e+07
2.35694e+07
9.64265e+06
4.1866e+06
587396
190661
211348
238861
218806
227627
218252
218899
218899
218899
218899
218899
218899
218899
218899
218899
218899
218900
218899
218899
218899
218899
249983
218900
219067
219187
219057
219167
219114
219073
219044
219018
218998
218996
219032
219058
219141
219193
219203
219156
219111
219139
219170
219180
219223
219151
219018
219115
220763
234547
1.80594e+08
218900
249533
220514
219025
218908
218900
218900
218914
321221
2.02898e+08
6.62346e+07
1.22014e+07
5.33744e+06
1.15239e+06
209150
258114
237088
199267
264721
217815
218899
218899
218899
218899
218899
218899
218899
218899
218899
218899
218899
218899
218899
219048
219008
218977
218960
218950
218945
218954
218989
218990
219024
219065
219088
219067
219039
219048
219066
219078
219102
219063
218983
219020
219817
229178
218899
218899
218899
218899
218899
218899
218899
218899
218899
218899
218899
218899
218967
218954
218947
218947
218970
218992
219001
219048
219081
219080
219048
219039
219054
219076
219091
219091
219021
218983
219167
222329
250754
219517
218902
218931
219368
218899
218854
218248
242369
200392
214365
190612
414771
2.82125e+06
8.16513e+06
1.88288e+07
4.30396e+07
9.32633e+07
2.865e+07
218899
218991
219028
241183
219409
220291
219005
230784
1.40593e+08
218899
218906
219300
219697
219116
218900
218926
218913
218900
218899
218930
219101
1.41813e+08
293250
218901
218903
218900
2.24998e+07
218900
218901
218901
218914
223272
226509
221485
6.92896e+06
218899
8.39785e+06
2.59217e+06
1.73005e+07
1.50323e+07
1.09905e+07
677861
5.48339e+06
5.78053e+06
3.6415e+06
253679
1.7046e+06
1.80134e+06
951815
215684
357077
436660
277431
222139
216931
215344
206067
218132
220610
218959
229618
220732
214066
217614
224315
228757
218887
216219
216720
218899
218899
217172
218740
218899
218899
218899
218899
218899
218899
218899
218899
218899
218899
218899
218899
218899
218900
218900
218899
218900
218901
218899
218899
218899
218899
218900
218900
240075
233974
218900
218900
218900
218900
218900
218900
218900
218900
218900
218900
218900
218900
218901
218901
218900
218900
218901
218901
218901
218900
218902
219038
222135
244409
218899
218899
241780
1.26286e+08
244697
9.44208e+06
1.77734e+07
1.67542e+07
1.67386e+07
1.51137e+07
1.40057e+07
1.27907e+07
1.47959e+07
1.92912e+07
1.56671e+07
1.83177e+07
1.73891e+07
1.3555e+07
218901
218900
237107
218899
234375
218902
241951
218899
218899
5.53882e+06
1.73617e+06
242865
237394
235994
1.57775e+07
218899
218899
218899
216919
218955
218900
5.27559e+06
221112
221650
229212
218899
218899
218899
225493
2.05436e+06
218900
218899
218899
1.53462e+07
216004
224845
209758
218899
218899
218899
218899
218899
218899
218899
218899
218900
218901
218904
242493
218899
235429
218900
218900
218900
218900
218900
218900
218900
218900
218900
218901
218901
218900
218900
218901
218901
218901
218900
218900
218919
219670
237238
218899
1.59825e+07
1.89797e+07
3.66713e+07
2.3393e+07
6.5034e+06
241215
235001
3.63547e+07
1.35047e+07
1.29299e+07
1.2587e+07
218900
219237
218906
218900
218900
218900
218900
218900
218900
218900
218900
218900
218900
218900
218900
218900
218900
218900
218899
218899
218952
218900
218899
218900
218900
220554
218900
218900
218900
218900
218900
218900
218900
218900
218900
218899
218899
218899
218899
218899
218899
218899
218899
218899
218900
218900
218900
218900
218900
218900
218900
218899
218899
218899
218899
218899
218909
1.24627e+07
230048
217127
213642
218900
218899
218899
9.48712e+06
218899
219046
218899
218899
218900
230001
1.74445e+07
214495
218936
218919
1.2891e+07
1.20028e+07
1.30454e+07
219235
218899
218896
218899
218899
218899
218899
218899
218899
218899
218899
217720
218842
218899
218948
218899
218899
218899
218899
218899
228801
224223
225630
218899
218899
1.14749e+06
2.54936e+07
222092
219275
238483
218899
218899
218899
331490
218899
218899
218899
218899
218899
218899
218899
218899
218899
218899
218899
218899
218899
218899
218899
218899
218899
218899
218899
218899
218899
218899
218899
218900
220382
221962
218899
218899
218899
218899
218899
219210
219025
219615
218900
218899
218899
218905
218917
218899
218899
218899
218899
218899
218899
708936
5.35923e+06
5.71127e+06
2.22486e+07
218899
218899
229798
224922
218561
217055
1.02178e+07
8.71896e+06
218900
218901
1.05801e+07
1.18587e+07
218899
218899
223990
217363
218526
220212
218899
253596
226771
245395
230583
226195
231285
226805
218899
9.92904e+06
339576
219458
220783
222555
219993
218900
221155
218900
218900
218902
218904
218901
218899
213098
218900
6.60449e+06
5.1677e+06
230270
221350
219045
219206
218975
218910
218924
218899
1.57619e+07
1.41055e+07
220260
675658
1.40308e+06
869707
240312
220501
314887
401509
262043
1.92974e+07
218899
1.07158e+07
202469
215055
218899
231115
226580
218899
218899
218899
218900
218900
215631
218899
218899
218899
2.31256e+07
218899
218899
218899
218899
218899
218899
218899
218899
218899
218899
211489
218899
218899
218899
218899
218899
218899
218899
218899
218899
218899
218899
218899
1.02459e+07
218900
218899
218899
218899
218899
218899
904638
1.31905e+07
218900
218899
218899
218899
218899
218899
218899
218899
218899
218900
218899
218899
218899
218899
218899
218899
218899
218899
218899
218899
218899
218900
218895
218899
218899
218899
218899
220748
218899
218900
218899
218853
218898
218899
3.20538e+06
218899
218900
218900
218895
218860
218910
792703
218899
218899
1.89e+06
219354
218899
215933
220472
218899
8.71519e+06
218899
218900
1.07259e+07
218899
218899
218899
218899
218719
218899
218899
218899
218899
218899
349279
218900
218899
218899
218899
218899
218899
218899
218899
9.73077e+06
1.02214e+07
216634
218899
218899
218899
218899
218900
218898
218899
5.92719e+06
218899
218899
218899
218899
218899
218899
218899
218899
8.53988e+06
218899
218899
218899
218899
218899
218912
218899
218899
218899
218899
223402
218899
218899
220158
9.56146e+06
218899
218899
218899
218899
9.50916e+06
216985
217789
220950
5.80082e+06
218901
218903
228858
218899
218899
218900
219529
215833
218058
218899
218899
218899
218899
898451
426381
974589
218900
218899
218900
218900
3.41013e+06
1.59117e+06
220843
221548
223606
218899
218899
218899
6.24906e+06
219574
218921
5.30352e+06
221272
223362
220247
218803
8.31612e+06
218899
8.41863e+06
218899
218899
933560
218899
218900
218900
218942
218921
218899
218899
218905
219077
219266
218993
218902
218899
221289
216226
218899
218900
218901
218899
215575
216751
218899
218899
218899
8.57785e+06
218899
218899
9.06602e+06
454481
356034
218899
218899
218899
216611
222939
218899
219226
218952
220034
218899
218899
218899
218899
235065
221372
218899
218899
218899
218899
218899
218899
218899
218900
218899
218899
218899
218899
218899
218899
218899
218900
218897
218899
218899
218899
218935
218997
218899
9.1925e+06
218900
218900
218899
218900
218900
220974
218899
218899
218899
218899
218899
221337
218899
218899
218900
221528
218899
218899
218898
218899
218902
218899
2.65331e+06
218899
218899
218899
2.82006e+06
3.88899e+06
1.84922e+06
218900
218901
218900
221166
218899
218863
920160
218899
218899
218900
218901
218899
218675
218899
218899
218902
218899
218899
7.35222e+06
244245
226798
4.51952e+06
1.87285e+06
7.0766e+06
2.3327e+06
218899
218899
218899
220143
218853
218900
219163
218900
220074
217460
218899
218899
218899
218899
218899
218900
7.63307e+06
4.4673e+06
4.88007e+06
2.33503e+06
218906
219517
218899
218899
218899
218899
218899
218899
218899
218826
218899
218899
218899
218796
218639
218899
218900
218899
218899
218899
218899
6.93768e+06
7.00185e+06
6.34009e+06
218899
218899
218899
218899
218899
218797
218665
218822
6.95434e+06
6.56985e+06
218899
218899
218900
218899
218899
218900
219429
218899
218899
218899
218899
218899
218899
218899
218899
218899
218899
218899
218899
218901
218904
220149
216704
218418
218903
218906
218899
218899
218899
218899
218872
218869
218819
220932
218899
218899
219135
218899
423442
219190
1.91724e+06
1.87009e+06
217911
219196
217276
216515
219492
218899
218899
218899
218858
218890
218899
973545
218899
218905
218900
218888
216759
218899
218899
218910
218904
218899
218983
219080
220317
219547
219621
458611
219954
218901
218899
218901
218899
264359
218899
219044
218899
218899
218899
218899
218899
218899
220611
221948
218899
218899
218899
218899
218899
218899
218899
218899
218900
218899
218899
218899
218899
218899
218899
218901
218904
218141
218899
218899
231395
218900
218907
218911
386454
218158
331452
218899
219383
219588
218899
218942
218913
219011
218899
219266
218899
218899
218900
218900
253650
400567
218735
218899
218945
218994
218922
218899
218741
218903
218899
219018
218899
240439
218899
218899
219194
218899
218899
218900
218903
218899
265949
241527
221308
224432
217429
218900
218901
218897
218901
218900
219048
219138
917429
218899
218898
218900
218899
218035
218899
217996
218899
218845
218899
218900
218899
218899
218899
218900
218899
218899
218899
218899
219277
218915
218899
218899
218869
218791
218888
218899
218899
218900
218899
218899
218555
218838
218899
218899
218899
218915
218899
218900
218900
218910
218899
218899
2.68382e+06
218899
218899
218899
218899
218899
218899
218485
218480
218899
219768
218899
219062
218899
220985
218508
217844
218900
218899
450798
218194
1.35226e+06
1.14376e+06
218124
218900
218536
218902
219008
218902
218900
219892
218900
219396
218903
220610
225594
254013
240345
218900
4.15426e+06
218945
2.0143e+06
2.35904e+06
825583
315021
218911
4.4198e+06
218917
219026
218971
219082
218909
218904
218940
218934
218900
218920
5.28024e+06
4.37691e+06
218903
218906
218962
218854
218900
218899
296949
218488
218900
218899
218901
218900
218906
218899
219111
2.8497e+06
218900
261601
2.90788e+06
218900
2.6618e+06
218900
734790
621851
218917
218051
218900
218900
218900
2.59979e+06
285575
218900
217439
218900
221941
225520
218912
216780
219313
220590
218900
218895
228057
218900
218917
218531
218956
218930
219001
218697
219015
218900
218900
218900
226934
218163
218955
218901
218900
636162
659806
217698
317607
217750
501873
218903
218908
218901
219154
220960
218578
218877
218900
252515
229820
234608
220822
218043
218902
218889
218912
218902
218900
218903
218900
218875
218900
218795
218564
218843
218900
218999
218902
222566
225118
263192
218343
218896
218881
218899
219632
218900
218940
218900
218900
218900
218899
218901
218900
218900
218905
217940
218900
218900
219299
218908
218901
218914
218937
218905
222700
220062
219015
218855
219817
237209
218921
218535
218886
218768
218901
218903
218900
218904
218753
218912
218664
218927
219517
219765
223276
218896
218863
220773
219728
220881
218912
231514
218909
218900
218939
218900
219000
218911
218967
219189
)
;

boundaryField
{
    bullet
    {
        Cmu             0.09;
        kappa           0.41;
        E               9.8;
        type            epsilonWallFunction;
        value           nonuniform List<scalar> 
30
(
3.04499e+08
2.59924e+08
5.17242e+08
3.4791e+08
2.53279e+08
1.77938e+08
1.13703e+08
8.40507e+07
7.7402e+07
5.97856e+07
6.81358e+07
4.17143e+07
6.65265e+07
1.18653e+08
1.76562e+08
2.88379e+08
2.46919e+08
3.72974e+07
3.39838e+07
3.48404e+07
6.32337e+07
6.19654e+07
5.18598e+07
7.24391e+07
1.10994e+08
1.54059e+08
2.16475e+08
2.97222e+08
2.2601e+08
2.94686e+08
)
;
    }
    topWall
    {
        type            inletOutlet;
        inletValue      uniform 266000;
        value           nonuniform List<scalar> 
50
(
248502
236537
232211
230881
230976
228112
224902
224911
243863
266000
266000
266000
242529
239587
241966
243812
244312
243126
236518
232313
231171
266000
247697
240453
241235
246584
244594
244645
243423
244251
249819
266000
266000
266000
266000
266000
266000
266000
266000
266000
266000
266000
266000
266000
266000
266000
266000
266000
266000
266000
)
;
    }
    bottomWall
    {
        type            inletOutlet;
        inletValue      uniform 266000;
        value           nonuniform List<scalar> 
50
(
258087
266000
266000
266000
244440
240684
229467
266000
266000
266000
266000
266000
266000
266000
266000
266000
266000
266000
266000
266000
266000
266000
266000
266000
266000
248518
237113
239538
250546
240987
238290
232929
236798
250290
258439
266000
255458
252296
258739
266000
240276
266000
266000
266000
266000
266000
266000
266000
243403
250033
)
;
    }
    inlet
    {
        type            fixedValue;
        value           uniform 266000;
    }
    outlet
    {
        type            inletOutlet;
        inletValue      uniform 266000;
        value           nonuniform List<scalar> 
30
(
218899
218899
218899
218899
218899
218899
218899
218899
218900
219150
261068
253227
247230
242928
240202
261090
253289
247325
243047
240330
219121
218911
218900
218899
218899
218899
218899
218899
218899
218899
)
;
    }
    defaultFaces
    {
        type            empty;
    }
}


// ************************************************************************* //
