/*--------------------------------*- C++ -*----------------------------------*\
  =========                 |
  \\      /  F ield         | OpenFOAM: The Open Source CFD Toolbox
   \\    /   O peration     | Website:  https://openfoam.org
    \\  /    A nd           | Version:  6
     \\/     M anipulation  |
\*---------------------------------------------------------------------------*/
FoamFile
{
    version     2.0;
    format      ascii;
    class       volScalarField;
    location    "0.0004";
    object      k;
}
// * * * * * * * * * * * * * * * * * * * * * * * * * * * * * * * * * * * * * //

dimensions      [0 2 -2 0 0 0 0];

internalField   nonuniform List<scalar> 
3704
(
965.007
942.133
948.031
971.855
952.231
947.058
934.968
944.129
971.147
986.491
989.465
980.466
973.991
987.444
987.22
950.262
987.959
990.443
990.701
989.961
988.972
986.842
984.053
956.34
969.479
985.712
990.66
990.663
983.846
958.075
950.11
926.803
983.074
985.911
987.081
988.053
988.711
989.179
989.562
989.893
990.189
990.463
990.711
990.931
991.119
991.275
991.408
991.525
991.59
991.725
965.063
942.002
947.109
960.428
948.389
940.761
934.298
936.353
959.939
973.173
975.671
972.337
968.358
970.154
967.081
948.331
970.434
974.85
975.362
973.252
970.516
965.329
960.48
953.085
964.547
974.063
975.33
975.219
965.518
954.834
947.196
925.827
957.645
962.053
965.09
967.775
969.625
970.959
972.054
973.005
973.855
974.64
975.351
975.981
976.518
976.963
977.344
977.68
977.858
978.265
965.181
941.794
945.525
951.909
945.51
938.265
933.222
932.427
950.652
961.32
964.754
963.471
960.615
957.119
953.872
945.756
958.446
962.955
963.315
960.121
956.184
950.177
946.978
948.531
957.18
962.488
963.194
963.001
956.031
949.946
942.468
924.201
939.916
943.885
947.909
951.759
954.496
956.504
958.167
959.616
960.912
962.11
963.196
964.156
964.971
965.644
966.224
966.746
966.993
967.679
965.374
941.596
943.669
946.419
942.957
936.507
931.828
929.838
944.029
952.754
956.456
955.824
953.476
948.533
946.089
943.094
950.644
954.493
954.488
950.624
946.097
940.775
939.907
943.97
950.083
953.626
954.231
953.985
949.759
944.842
937.518
922.399
928.847
931.757
935.992
940.399
943.638
946.057
948.078
949.844
951.427
952.89
954.216
955.385
956.371
957.181
957.891
958.547
958.794
959.782
965.66
941.49
941.902
942.885
940.492
934.651
930.23
927.827
939.707
947.206
950.824
950.346
948.239
943.343
941.593
940.531
945.762
948.998
948.726
944.66
940.046
935.612
936.043
940.286
944.904
947.803
948.372
948.107
945.293
940.764
933.724
920.84
923.173
925.28
929.332
933.807
937.168
939.709
941.842
943.711
945.389
946.939
948.342
949.572
950.6
951.436
952.191
952.923
953.078
954.418
8054.89
7244.12
2008.44
1938.42
1992.21
2895.39
2876.22
2559.22
3207.58
4261.13
5304.09
6648.85
8206.86
6874.05
7369.89
7981.7
6484.64
2082.13
1731.61
1811.13
3085.63
3379.11
3682.81
4714.13
5934.78
7393.01
9598.79
12935.1
14310.5
16474.8
8804.97
6217.19
3001.28
2430.87
1992.44
3004.96
3354.19
4288.05
4762.08
5897.26
7379.25
9704.31
13258.1
22564.9
22285.9
11748
6851.96
4171.41
3234.8
2246.87
2783.95
3130.09
4043.39
4506.98
5569.62
7085.18
9615.3
13617.4
31680.9
27432.8
13972.1
7065.13
4736.15
3127.59
2262.77
2703.1
2989.28
3825.81
4381.61
5328.27
6879.33
9587.83
14366.9
39316.7
32096.9
7525.9
7488.87
11889
9128.35
7385.85
5849.26
4326.23
3507.17
3304.02
2820.91
3101.2
2220
3030.68
4466.98
5816.01
17388.6
17088.3
16523
11708.9
9158.36
7390.72
5720.94
4627.8
4395.94
3346.18
3180.09
2020.14
2597.64
7334.7
7515.16
23638.7
24866.5
17709.2
11910.9
9538.98
7615.87
6163.43
5781.99
5288.26
3319.89
3276.64
2472.71
2586.39
4397.95
7469.06
28886.4
29727.1
18482.6
11646.7
8863.55
7433.28
6000.51
5608.92
5298.03
3441.49
3069.14
2636.23
2699.54
3819.68
7982.05
33454.7
32852.3
19550.8
11384.9
8466.38
7200.91
5939.99
5446.39
5006.68
3504.91
2963.94
2769.66
2876.08
4272.02
6163.91
991.759
991.644
991.588
991.489
991.385
991.262
991.105
990.914
990.693
990.44
990.154
989.821
989.433
988.978
988.426
987.682
986.495
985.096
984.178
968.494
957.426
956.294
959.035
959.019
962.971
952.297
950.734
966.882
983.521
931.239
933.627
942.373
955.673
957.954
956.951
953.328
948.565
954.804
974.022
988.033
987.756
956.973
917.593
917.472
924.69
930.967
930.314
932.546
940.818
964.964
978.363
978.017
977.862
977.574
977.278
976.926
976.479
975.934
975.299
974.576
973.752
972.798
971.687
970.383
968.812
966.729
963.492
959.889
958.456
958.702
953.803
954.179
957.187
957.323
960.621
951.309
949.385
953.495
960.237
930.811
933.002
941.064
952.667
954.99
954.465
951.454
947.285
953.108
958.88
969.136
968.863
949.878
917.282
917.25
924.31
930.502
929.996
932.317
940.75
965.02
967.831
967.246
967.025
966.571
966.122
965.593
964.917
964.087
963.119
962.014
960.757
959.3
957.607
955.627
953.265
950.207
945.66
941.079
939.952
946.206
948.022
950.614
954.023
954.412
956.754
949.524
947.449
946.231
946.404
930.008
931.876
938.852
947.853
950.178
950.349
948.279
945.051
950.443
953.524
956.514
955.002
941.357
916.726
916.831
923.604
929.634
929.381
931.88
940.626
965.138
959.972
959.126
958.893
958.307
957.76
957.133
956.319
955.31
954.128
952.777
951.24
949.46
947.395
944.988
942.145
938.556
933.469
928.94
928.518
936.09
942.096
946.608
950.352
950.996
952.494
947.222
945.184
942.294
939.1
928.902
930.439
936.318
942.853
945.088
945.857
944.666
942.364
947.337
949.833
948.847
945.658
934.195
916.024
916.252
922.658
928.46
928.5
931.266
940.463
965.33
954.626
953.473
953.301
952.617
952.04
951.408
950.57
949.509
948.259
946.825
945.196
943.308
941.12
938.577
935.591
931.885
926.804
922.698
922.807
930.101
937.648
943.084
946.92
947.706
948.714
944.678
942.749
939.553
935.278
927.566
928.867
933.959
938.933
941.019
942.077
941.406
939.698
944.298
946.6
944.25
940.098
929.627
915.262
915.552
921.559
927.079
927.388
930.505
940.277
965.613
980.701
983.514
982.893
983.496
982.758
980.365
942.445
908.91
904.584
904.265
904.49
904.587
904.491
904.477
904.507
904.308
904.074
903.993
904.132
904.122
904.072
903.983
903.937
903.947
903.966
903.996
904.06
904.179
904.337
904.431
904.221
903.54
903.496
903.496
903.496
903.496
903.496
903.496
903.496
903.496
903.496
903.496
903.496
903.496
903.496
903.496
903.496
903.495
903.202
909.046
957.876
809.036
947.374
931.233
1259.86
1374.51
3111.92
5112.29
11828.9
22225.9
7994.16
903.76
2639.53
2506.84
2374.22
2640.45
2657.87
3324.75
4245.04
5365.87
6434.35
9210.93
15229.3
48432.7
41073.5
48918.5
922.5
903.561
903.497
903.499
903.53
903.997
909.408
942.938
958.297
903.738
903.496
47085.5
966.852
982.44
966.268
983.274
967.04
967.601
983.339
983.492
919.355
905.485
904.345
904.389
904.578
904.548
904.475
904.505
904.434
904.18
904.002
904.057
904.132
904.113
904.037
903.964
903.931
903.96
903.976
904.022
904.113
904.256
904.402
904.068
904.639
903.497
903.496
903.496
904.575
903.496
903.496
903.496
43723.8
903.496
903.496
903.496
903.496
903.496
903.496
903.496
903.496
903.496
903.496
903.496
903.47
899.058
941.535
1061.57
839.405
911.016
1039.34
1272.89
2234.75
3505.4
5771.98
2259.44
3672.71
5092.95
2513.68
2409.67
2619.24
2969.24
3757.38
4680.63
5899.97
7011.23
10696.8
18693.6
1828.94
904.361
903.5
903.497
903.497
903.498
903.505
903.626
905.299
919.87
958.546
966.978
967.663
967.131
906.299
904.174
904.04
904.148
904.203
904.144
904.133
904.123
903.966
903.79
903.718
903.806
903.8
903.826
903.847
903.793
903.756
903.722
903.716
903.75
903.843
903.966
904.064
903.496
903.496
903.496
903.496
903.496
903.496
903.496
903.496
903.496
903.496
903.496
903.496
903.496
903.493
900.742
941.603
1180.51
819.955
887.125
1028.8
1251.63
1470.16
3867.98
3718.19
904.136
10068.1
904.15
903.5
903.497
903.501
903.563
904.474
913.525
904.2
904.166
904.136
904.14
904.059
903.881
903.723
903.772
903.794
903.815
903.851
903.824
903.769
903.739
903.714
903.725
903.79
903.905
904.006
903.496
903.496
903.496
903.496
903.496
903.496
903.496
903.496
903.496
903.496
903.46
898.369
924.995
843.916
922.854
914.671
1115.98
1234.08
2575.76
2573.51
4088.95
912.534
904.097
928.581
903.498
903.496
903.496
903.496
929.583
906.856
903.76
903.54
964.15
903.514
950.89
949.931
956.325
952.983
905.497
903.499
903.958
903.504
903.557
903.496
903.503
903.5
903.496
903.503
903.502
903.502
903.501
903.5
903.498
903.498
903.498
903.498
903.499
903.5
903.499
903.499
903.498
903.498
903.498
903.5
903.5
903.496
903.496
903.496
903.508
903.518
903.501
903.496
903.496
903.496
903.496
903.496
903.878
904.388
903.647
8531.06
928.243
903.496
903.496
903.496
903.496
903.496
903.496
903.496
903.496
903.496
903.496
903.496
903.496
903.494
903.316
913.535
921.049
855.735
889.439
1016.97
1364.31
2303.07
2576.16
3468.36
5107.14
911.502
907.643
2041.48
3321.19
6008.59
2260.78
2386.44
2106.69
903.497
904.827
903.511
903.503
903.5
939.557
913.964
903.5
903.504
903.497
903.498
904.309
903.597
903.545
912.548
903.718
903.942
903.503
903.5
906.355
908.822
957.156
2169.34
2430.25
3023.37
3872.8
4553.66
5010.83
3152.21
8029.45
2064.63
6264.03
903.496
903.496
951.988
939.353
937.332
903.496
903.496
940.892
903.509
903.496
4419.34
3955.22
3901.75
941.421
903.497
903.498
952.665
939.691
1450.09
903.496
903.498
903.5
903.5
903.504
903.496
903.496
905.086
927.788
903.503
903.502
903.502
903.501
903.498
903.497
903.498
903.498
903.499
903.5
903.5
903.499
903.499
903.498
903.498
903.499
903.502
903.5
903.517
3416.28
903.499
903.496
903.496
903.496
903.496
903.496
903.5
903.496
903.5
919.085
903.496
903.496
903.496
903.496
903.496
903.496
903.496
903.496
903.496
903.496
903.496
903.495
891.115
885.77
959.893
935.211
923.083
951.296
1107.82
1987.76
2431.39
3392.66
903.498
903.498
2058.83
949.721
918.036
904.105
903.496
903.5
951.947
938.119
939.095
903.497
903.497
903.497
903.555
936.686
903.616
2691.36
2229.45
3345.79
4413.96
5294.41
1976.39
3413.13
903.498
2142.49
1074.63
981.879
903.499
2810.35
903.527
903.497
2949.58
1613.58
1080.62
908.56
858.784
928.766
924.824
899.657
903.493
903.496
903.496
903.497
903.496
903.496
903.496
903.498
903.498
903.497
903.497
903.497
903.498
903.498
903.498
903.498
903.497
903.497
903.498
903.497
903.498
903.497
903.497
903.499
903.499
903.499
903.5
903.499
903.497
903.497
878.829
888.596
903.484
903.496
903.496
903.496
903.496
903.496
903.496
903.496
896.632
3273.69
903.496
903.496
903.496
903.496
903.496
903.496
915.687
925.771
903.496
903.496
903.497
903.496
903.496
903.496
903.497
921.892
903.496
903.496
903.496
903.496
903.496
903.496
903.496
903.496
903.496
1912.88
903.496
903.496
903.496
903.496
903.496
903.496
903.496
903.496
903.496
903.496
1220.02
903.496
1931.79
903.496
903.496
2902.8
903.496
903.496
903.496
903.496
903.496
903.496
903.496
903.496
903.496
903.496
903.496
903.496
903.496
903.496
903.497
903.496
903.496
903.496
903.496
903.496
903.496
933.439
903.496
903.496
903.496
903.496
903.496
903.496
903.496
903.496
903.496
903.495
897.132
881.719
893.611
938.223
3038.35
909.84
927.268
903.496
903.496
884.827
894.108
931.635
903.496
903.496
906.988
903.496
903.496
904.562
3151.1
903.496
903.496
915.918
926.564
910.54
910.555
903.501
2385.72
903.498
903.499
903.497
903.497
903.496
903.496
903.496
903.496
907.345
905.615
910.808
1066.67
1373.2
919.588
903.572
3042.6
2077.98
1145.51
903.516
903.507
903.537
890.822
904.58
903.496
903.496
903.496
903.496
903.496
903.496
3074.51
4527.39
3860.49
3436.75
903.783
903.649
904.07
903.529
903.499
903.496
903.496
1284.78
1008.18
1366.08
903.496
903.496
3040.59
3161.18
928.537
1250.96
903.496
903.496
927.119
1022.55
903.496
903.496
928.747
920.029
919.34
903.496
903.496
903.496
903.496
903.496
903.496
903.496
903.496
880.93
903.558
903.496
1992.51
903.496
903.496
903.496
917.834
878.375
903.51
903.496
903.496
903.496
903.496
903.496
903.496
903.496
903.496
903.496
903.496
903.496
903.496
903.496
903.496
903.496
903.496
903.496
903.496
902.974
905.566
891.518
2900.73
903.496
890.306
943.792
955.252
903.496
2383.14
905.127
904.221
2589.66
1918.3
1885.92
903.498
903.501
903.497
2123.42
2354.53
1965.13
2155.85
903.904
904.385
2695.12
903.496
1237.77
1027.23
1109.32
903.5
903.609
903.537
903.496
903.496
903.496
913.936
905.07
903.472
903.496
1902.01
903.496
903.496
903.496
903.496
903.496
903.496
903.496
903.496
898.177
903.496
942.5
903.496
903.496
903.496
903.496
903.496
903.496
903.496
903.496
918.17
903.5
903.496
903.496
903.496
903.496
903.496
903.496
903.496
903.496
903.496
903.496
903.496
846.94
903.558
903.511
903.497
903.497
903.496
903.496
903.496
903.496
903.496
903.496
903.496
1785.84
903.496
908.895
902.078
903.496
915.387
903.496
903.496
903.496
903.497
903.496
903.496
903.496
903.496
903.496
903.496
942.828
903.496
1835.18
903.496
903.496
896.963
896.324
914.065
903.496
903.496
903.496
903.496
903.496
903.496
2289.36
903.496
903.496
903.496
903.496
903.496
903.496
903.496
903.496
903.493
902.537
901.997
902.101
903.496
899.852
899.705
1983.9
903.496
903.496
903.496
903.496
927.896
919.005
919.574
903.496
903.496
903.497
903.496
903.496
903.496
903.496
903.496
903.496
903.496
903.496
2220.62
903.495
903.495
903.496
903.496
903.496
903.496
903.496
903.496
903.496
903.496
2723.69
911.084
901.224
902.356
919.086
904.319
903.66
903.496
903.496
903.497
903.497
903.496
903.496
2430.05
903.496
904.759
903.498
903.496
1781.93
903.497
900.738
903.496
903.496
903.496
903.496
1021.42
903.496
909.759
945.279
903.499
903.5
903.496
903.496
883.186
927.334
903.496
903.496
913.622
2530.56
903.497
903.496
1832.61
903.496
903.574
905.951
903.497
903.496
903.496
903.496
923.536
1698.52
1904.38
903.497
903.496
903.496
903.496
903.496
903.496
903.496
915.638
958.475
903.418
2037.22
1112.28
903.496
928.152
901.931
903.787
904.864
903.496
1718.54
903.497
903.496
913.161
909.163
903.497
903.498
903.496
903.496
903.496
903.496
908.222
906.07
912.368
903.811
903.654
904.141
903.496
2037.46
903.496
903.496
903.496
903.526
903.506
2073.32
1232.58
1048.76
1277.28
903.516
903.536
894.058
903.496
903.496
903.496
903.496
927.945
903.496
912.734
903.497
916.885
903.499
903.502
912.864
908.713
908.922
903.499
903.499
903.497
899.398
903.496
903.497
903.694
903.496
1223.54
907.347
904.925
903.997
904.767
903.496
903.498
903.498
903.496
903.496
903.496
1645.57
903.496
903.496
903.496
2336.28
903.497
903.498
903.497
903.496
903.496
903.497
903.514
916.822
903.316
903.497
922.016
903.496
1728.3
930.017
903.496
903.468
903.483
903.488
903.496
903.496
903.497
903.496
903.496
903.496
903.496
903.496
903.496
932.215
1740.93
2062.99
1774.62
903.496
903.496
903.496
903.496
903.496
903.496
903.491
903.496
903.496
903.496
1719.25
907.234
905.582
903.496
911.123
903.497
903.496
903.502
903.506
1620.16
903.496
903.496
903.496
903.496
903.496
903.496
903.471
903.467
903.496
903.496
903.496
903.496
903.496
903.496
903.496
903.496
903.496
903.496
903.496
908.939
903.497
903.497
897.415
907.767
903.732
904.073
903.581
903.497
903.499
903.496
903.496
903.496
903.496
903.496
903.496
903.496
903.496
1325.43
906.361
903.496
903.496
903.508
903.496
903.496
903.496
903.496
903.496
903.496
903.496
903.496
903.496
903.496
903.599
903.578
904.024
903.496
903.496
943.572
903.499
903.508
903.813
903.496
913.948
904.149
903.565
903.642
906.395
903.497
903.492
903.893
903.622
903.496
903.496
893.542
912.553
1835.18
903.496
909.605
903.496
903.496
903.497
903.496
903.496
902.294
901.686
903.496
909.44
903.496
903.914
903.496
1224.08
903.496
899.86
902.486
1002.08
1276.95
903.497
903.497
903.496
903.497
1541.04
1675.94
916.259
895.437
903.496
946.355
1000.91
903.496
1724.38
903.496
903.496
903.496
903.497
903.496
903.496
903.496
893.591
875.426
2046.67
906.864
1228.57
903.496
903.496
903.508
903.5
904.899
904.174
906.318
905.119
906.418
904.235
1759.29
1748.49
903.496
903.496
903.496
903.496
903.496
903.497
903.498
903.496
903.496
913.172
903.496
903.554
903.501
904.612
903.527
903.531
903.496
903.497
903.497
903.512
903.498
903.496
935.62
903.496
903.496
901.991
904.024
903.789
903.507
903.519
907.261
903.496
903.496
903.497
903.496
903.496
903.496
903.496
903.496
903.498
1213.29
903.496
908.128
903.496
903.496
903.496
903.496
903.496
903.496
903.496
903.503
903.496
902.993
903.496
903.497
904.219
903.83
903.496
903.496
903.497
903.496
903.397
903.053
1332.88
903.498
903.432
903.496
903.496
903.496
903.496
903.496
907.989
1339.99
1246.84
903.605
903.532
903.496
903.496
903.498
903.496
903.496
903.496
903.496
903.496
1122.15
905.184
903.496
899.244
903.496
903.496
903.496
903.496
903.488
903.496
903.496
903.443
1030.66
1778.75
895.204
902.625
898.657
907.656
903.784
903.261
903.529
903.497
944.838
913.438
903.497
1104.34
911.358
922.059
900.363
895.342
899.349
903.316
903.143
903.499
903.497
903.501
903.627
903.824
903.941
904.167
903.496
903.5
903.498
903.503
903.496
903.496
903.497
903.496
1380.58
1310.51
906.357
904.937
904.938
905.999
903.497
903.5
903.497
995.37
997.616
903.505
903.556
904.092
903.509
903.503
903.501
908.871
895.726
890.941
903.597
1260.14
902.919
903.611
903.567
903.55
1353.3
1017.8
903.497
902.955
1105.15
1012.67
1093.84
903.852
912.816
899.565
1013.69
1033.26
903.267
903.508
903.5
926.941
904.22
903.498
903.498
903.497
903.781
903.498
903.499
903.497
945.555
933.877
902.52
905.321
904.214
903.399
903.134
903.516
903.497
903.497
903.496
903.497
903.531
898.215
906.529
903.497
903.625
903.583
995.855
903.497
900.62
900.6
903.608
918.646
922.31
903.503
899.536
895.46
903.511
903.436
903.52
903.512
903.531
903.506
903.497
966.796
956.668
903.497
903.497
903.497
903.497
903.589
897.043
909.611
906.684
903.196
903.648
912.954
903.498
902.262
903.498
949.607
916.991
903.498
905.687
903.5
902.019
903.526
904.285
911.373
906.019
909.754
903.513
903.502
903.54
903.714
903.545
903.499
902.675
903.735
902.631
904.027
903.238
903.887
903.727
904.201
903.499
903.544
903.516
902.865
903.503
902.911
900.635
903.502
902.799
899.164
901.663
903.504
903.514
904.49
905.781
903.501
903.509
903.657
903.557
980.332
982.499
982.851
984.518
982.609
980.701
942.94
909.475
904.009
903.531
903.499
903.497
903.55
925.173
55547.9
42294.6
35406.8
20847.5
10789.7
7971.35
6912.56
5697.68
5205.51
4645.73
3715.9
3287.99
3376.14
3422.25
4409.28
14261.4
7945.86
16341.6
11661.5
6474.39
4202.42
2551.64
1328.75
870.669
982.649
889.797
843.775
1006.28
900.591
903.49
903.496
903.496
903.496
903.496
903.496
903.496
903.496
903.496
903.496
903.496
903.496
903.496
903.496
903.496
903.497
904.321
904.545
904.455
904.308
904.161
904.057
903.969
903.89
903.838
903.88
903.97
904.172
904.399
904.493
904.419
904.209
904.235
904.331
904.418
904.507
904.48
904.096
903.916
904.887
916.608
963.999
958.548
52188.2
903.496
904.034
965.253
981.741
965.581
984.34
983.319
968.598
966.819
983.584
929.712
919.959
35738.1
913.632
905.341
903.63
903.506
903.497
903.5
904.218
2823.11
903.5
25711.1
12288.2
8298.86
7430.92
6015
5089.76
4824.29
4268.93
3610
3283.28
3455.81
3918.36
13904.2
8787.5
5290.98
3170.14
1928.23
994.584
802.613
879.757
958.713
902.488
928.118
901.64
903.496
903.496
903.496
903.496
903.496
903.496
903.496
903.496
903.496
903.496
903.497
903.496
903.496
903.496
903.496
967.991
903.499
904.069
904.45
904.039
904.392
904.229
904.103
904.013
903.928
903.858
903.834
903.936
904.039
904.309
904.465
904.483
904.331
904.188
904.291
904.392
904.416
904.553
904.332
903.891
904.15
907.649
936.332
25055.8
903.497
967.073
906.929
903.767
903.514
903.498
903.497
903.544
979.629
19489.4
9615.01
3643.01
2217.77
1177.04
837.545
1009.97
953.351
845.711
1030.65
900.384
903.496
903.496
903.496
903.496
903.496
903.496
903.496
903.496
903.496
903.496
903.496
903.496
903.496
904.012
903.884
903.781
903.723
903.683
903.663
903.686
903.797
903.807
903.928
904.06
904.13
904.059
903.966
903.998
904.06
904.094
904.177
904.055
903.783
903.883
905.6
925.157
903.496
903.496
903.496
903.496
903.496
903.496
903.496
903.496
903.496
903.496
903.496
903.496
903.748
903.701
903.67
903.666
903.736
903.812
903.853
904.005
904.108
904.103
903.995
903.969
904.02
904.09
904.138
904.143
903.917
903.777
904.228
910.862
969.566
904.049
903.501
903.564
904.498
903.496
903.365
901.616
969.18
849.017
888.807
811.367
1014.51
1573.31
2878.36
4649.41
7420.4
11648.2
5864.4
903.496
903.827
903.949
949.991
904.763
906.46
903.724
928.479
20025.8
903.496
903.511
904.354
905.197
903.961
903.497
903.554
903.527
903.497
903.496
903.589
904.076
19067.8
947.152
903.5
903.504
903.498
5047.49
903.498
903.502
903.499
903.539
912.755
919.548
908.985
2642.41
903.496
3201.08
1623.05
4993.28
4850.53
3914.71
1084.41
2457.94
2512.76
1927.49
932.785
1457.01
1381.19
1194.07
892.899
967.338
985.2
932.658
912.628
888.235
890.199
866.269
901
907.846
903.489
933.993
908.593
889.455
899.824
918.865
931.528
903.46
895.841
897.238
903.496
903.496
898.535
903.036
903.496
903.496
903.496
903.496
903.496
903.496
903.496
903.496
903.496
903.496
903.496
903.496
903.496
903.497
903.497
903.496
903.499
903.504
903.496
903.496
903.496
903.496
903.501
903.498
947.701
935.122
903.5
903.498
903.498
903.497
903.498
903.498
903.498
903.498
903.499
903.499
903.5
903.501
903.502
903.501
903.501
903.501
903.502
903.502
903.502
903.5
903.504
903.796
910.365
956.631
903.496
903.496
951.212
18165.4
957.168
3763.88
5432.89
4673.56
4652.52
4197.72
3895.75
3546.96
3926.43
4685.17
4291.26
4657.38
5253.49
4605.93
903.501
903.497
941.588
903.496
935.957
903.505
951.576
903.496
903.496
2008.55
1301.66
953.458
942.233
939.326
4991.85
903.496
903.496
903.496
897.811
903.616
903.497
1956.69
909.821
888.898
925.211
903.496
903.496
903.496
914.061
1739.86
903.497
903.496
903.494
4695.79
895.031
916.069
877.004
903.496
903.496
903.496
903.496
903.496
903.496
903.496
903.496
903.5
903.504
903.511
952.692
903.496
938.152
903.498
903.498
903.498
903.498
903.498
903.499
903.499
903.499
903.5
903.501
903.501
903.501
903.5
903.501
903.502
903.503
903.501
903.5
903.541
905.146
941.907
903.496
4614.02
5310.15
8532.01
5980.25
3095.13
950.056
937.26
8256.63
3969.99
3798.33
3631.78
903.499
904.223
903.512
903.498
903.499
903.5
903.499
903.499
903.498
903.499
903.499
903.499
903.498
903.498
903.498
903.498
903.497
903.497
903.496
903.496
903.612
903.498
903.496
903.5
903.5
907.021
903.499
903.499
903.499
903.499
903.499
903.499
903.498
903.498
903.498
903.496
903.496
903.496
903.496
903.496
903.496
903.496
903.496
903.496
903.499
903.497
903.497
903.497
903.497
903.497
903.497
903.496
903.496
903.496
903.496
903.496
903.516
4544.9
926.954
898.402
888.357
903.497
903.496
903.496
3869.29
903.496
903.925
903.496
903.496
903.497
934
5441.3
890.781
903.575
903.538
4348.05
4020.09
4609.22
897.602
903.496
903.487
903.496
903.496
903.496
903.496
903.496
903.496
903.496
903.496
900.106
903.33
903.496
903.602
903.496
903.496
903.496
903.496
903.496
924.344
914.758
917.723
903.496
903.496
1126.39
6595.02
911.237
904.591
922.01
903.496
903.496
903.496
1082.81
903.496
903.496
903.496
903.496
903.496
903.496
903.496
903.496
903.496
903.496
903.496
903.496
903.496
903.496
903.496
903.496
903.496
903.496
903.496
903.496
903.496
903.496
903.496
903.497
906.653
909.993
903.496
903.496
903.496
903.496
903.496
904.161
903.767
905.024
903.497
903.496
903.496
903.509
903.534
903.497
903.496
903.496
903.496
903.496
903.496
1456.5
2797.53
2868.6
6310.49
903.496
903.496
926.432
916.236
902.475
898.16
4107.32
3696.29
903.498
903.5
3712.12
4131.27
903.496
903.496
918.008
899.058
902.399
907.242
903.496
941.51
917.431
955.279
928.073
918.913
929.547
920.196
903.496
3642.3
1116.74
904.693
907.507
911.249
905.83
903.497
909.878
903.498
903.497
903.501
903.507
903.499
903.496
886.775
903.497
2961.5
2450.16
935.696
910.459
903.811
904.153
903.66
903.526
903.568
903.496
5212.22
4688.41
905.122
1041.69
1187.83
1073.37
910.903
891.323
911.226
951.608
913.814
5865.8
903.496
4226.15
855.506
892.159
903.496
929.192
919.725
903.496
903.496
903.496
903.497
903.499
894.102
903.496
903.496
903.496
6371.69
903.496
903.496
903.496
903.496
903.496
903.496
903.496
903.496
903.496
903.496
881.686
903.496
903.496
903.496
903.496
903.496
903.496
903.496
903.496
903.496
903.496
903.496
903.496
3823.06
903.497
903.496
903.496
903.496
903.496
903.496
1604.49
4605.6
903.497
903.496
903.496
903.496
903.496
903.496
903.496
903.496
903.496
903.497
903.496
903.496
903.496
903.496
903.496
903.496
903.496
903.496
903.496
903.496
903.496
903.497
903.484
903.496
903.496
903.496
903.496
908.752
903.496
903.497
903.496
903.361
903.491
903.496
1795.28
903.496
903.498
903.497
903.483
903.382
903.519
1076.36
903.496
903.496
1351.4
904.766
903.496
894.856
907.945
903.496
3823.48
903.496
903.497
4278.06
903.496
903.496
903.496
903.496
902.959
903.496
903.496
903.496
903.496
903.496
1177.27
903.497
903.496
903.496
903.496
903.496
903.496
903.496
903.496
3870.47
4051.98
896.982
903.496
903.496
903.496
903.496
903.498
903.493
903.496
2863.85
903.496
903.496
903.496
903.496
903.496
903.496
903.496
903.496
3671.62
903.496
903.496
903.496
903.496
903.496
903.524
903.496
903.495
903.496
903.496
913.039
903.496
903.496
906.302
4001.53
903.496
903.496
903.496
903.496
3845.8
897.969
900.28
909.341
2936.55
903.499
903.505
929.244
903.496
903.496
903.474
905.287
894.679
901.079
903.496
903.496
903.496
903.496
1729.62
1303.67
1735.12
903.497
903.496
903.499
903.498
1873.38
1313.29
908.977
911.113
913.469
903.496
903.496
903.496
3094.54
904.942
903.558
2796.97
908.545
912.952
906.371
903.185
3662.55
903.496
3769.45
903.496
903.496
1130.32
903.496
903.497
903.498
903.59
903.543
903.496
903.496
903.508
903.879
904.283
903.698
903.502
903.496
903.617
893.922
903.496
903.497
903.5
903.496
893.939
897.091
903.496
903.496
903.496
3774.34
903.496
903.496
3885.73
973.609
926.703
903.496
903.496
903.496
896.907
912.059
903.496
904.457
903.655
906.681
903.496
903.496
903.496
903.496
945.035
908.76
903.496
903.496
903.496
903.496
903.496
903.496
903.496
903.497
903.496
903.496
903.496
903.496
903.496
903.496
903.496
903.497
903.488
903.496
903.496
903.496
903.573
903.706
903.496
3956.7
903.497
903.497
903.496
903.497
903.497
907.912
903.496
903.496
903.496
903.496
903.496
908.684
903.496
903.496
903.498
909.088
903.496
903.496
903.493
903.496
903.504
903.494
2088.21
903.496
903.496
903.496
1746.67
2205.44
1414.12
903.498
903.499
903.497
910.253
903.496
903.391
1174.52
903.496
903.496
903.497
903.501
903.496
902.851
903.496
903.496
903.501
903.496
903.496
3514.35
918.323
909.987
2463.07
1472.21
3415.57
1718.32
903.496
903.496
903.496
906.151
903.358
903.497
904.242
903.497
906.002
899.34
903.496
903.496
903.496
903.496
903.496
903.497
3658.01
2581.85
2746.94
1730.32
903.516
904.819
903.496
903.496
903.496
903.496
903.496
903.496
903.496
903.217
903.496
903.496
903.496
903.2
902.748
903.496
903.497
903.494
903.494
903.496
903.496
3463.84
3539.62
3277.63
903.496
903.496
903.496
903.496
903.496
903.202
902.824
903.273
3521.13
3570.35
903.496
903.496
903.499
903.496
903.496
903.497
904.631
903.496
903.496
903.496
903.496
903.496
903.496
903.496
903.496
903.496
903.496
903.496
903.496
903.502
903.511
906.164
897.185
902.112
903.507
903.515
903.496
903.496
903.496
903.496
903.418
903.409
903.265
909.299
903.496
903.496
904.002
903.496
1274.6
904.121
1809.94
1842.37
900.648
904.334
898.354
896.526
904.767
903.496
903.496
903.496
903.375
903.468
903.496
1230.29
903.496
903.513
903.498
903.465
897.346
903.496
903.496
903.519
903.507
903.496
903.739
903.885
906.52
904.884
905.042
992.311
906.526
903.499
903.496
903.5
903.496
915.479
903.496
903.88
903.496
903.496
903.496
903.496
903.496
903.496
908.377
912.414
903.496
903.496
903.496
903.496
903.496
903.496
903.496
903.496
903.498
903.496
903.496
903.496
903.496
903.496
903.496
903.499
903.506
901.31
903.496
903.496
936.278
903.497
903.519
903.532
968.843
901.355
1158.69
903.496
904.958
905.547
903.496
903.588
903.526
903.736
903.496
904.283
903.496
903.496
903.497
903.497
987.172
982.735
903.023
903.496
903.596
903.7
903.545
903.496
903.041
903.507
903.496
903.858
903.496
961.672
903.496
903.496
904.129
903.496
903.496
903.497
903.506
903.496
927.39
911.477
904.683
906.243
898.121
903.499
903.502
903.489
903.499
903.497
903.816
904.009
1265.86
903.496
903.493
903.497
903.496
901.014
903.496
900.902
903.496
903.336
903.496
903.497
903.496
903.496
903.496
903.497
903.496
903.496
903.496
903.496
904.67
903.54
903.496
903.496
903.41
903.184
903.463
903.496
903.496
903.497
903.496
903.496
902.508
903.319
903.496
903.496
903.496
903.54
903.496
903.497
903.497
903.525
903.496
903.496
2124.89
903.496
903.496
903.496
903.496
903.496
903.496
902.303
902.283
903.496
905.976
903.496
903.982
903.496
909.924
902.372
900.465
903.497
903.496
1019.91
901.47
1608.43
1506.25
901.27
903.497
902.453
903.492
903.73
903.501
903.498
906.332
903.497
905.019
903.505
908.654
922.814
920.562
918.581
903.497
2548.37
903.63
1663.15
1847.56
1271
1082.14
903.522
2652.16
903.547
903.878
903.703
904.041
903.518
903.506
903.584
903.572
903.497
903.541
3031.66
2694.54
903.507
903.516
903.632
903.361
903.497
903.496
963.685
902.315
903.497
903.496
903.501
903.498
903.511
903.496
904.119
2236.96
903.497
996.343
2194.16
903.497
2160.82
903.497
1304.4
1264.21
903.534
901.045
903.497
903.498
903.497
2047.61
1037.52
903.497
899.269
903.497
912.334
922.391
903.532
897.223
904.721
902.146
903.497
903.484
914.47
903.497
903.547
902.437
903.665
903.586
903.791
900.069
903.825
903.498
903.497
903.497
917.821
900.944
903.649
903.5
903.499
1227.78
1257.8
899.615
991.331
900.186
1197.98
903.503
903.514
903.499
904.238
909.336
902.328
903.433
903.497
982.382
929.476
942.227
909.031
901.025
903.502
903.467
903.53
903.503
903.499
903.507
903.497
903.425
903.498
903.195
902.532
903.333
903.499
903.784
903.503
914.059
921.338
1006.65
901.91
903.486
903.443
903.494
905.626
903.497
903.613
903.497
903.497
903.497
903.494
903.501
903.498
903.497
903.511
900.747
903.497
903.497
904.652
903.52
903.501
903.537
903.606
903.513
914.448
906.866
903.829
903.369
906.148
950.179
903.559
902.453
903.458
903.117
903.5
903.505
903.497
903.51
903.076
903.533
902.813
903.577
905.279
906.008
916.147
903.488
903.393
908.927
905.896
909.281
903.534
936.944
903.525
903.497
903.611
903.497
903.791
903.529
903.693
904.342
)
;

boundaryField
{
    bullet
    {
        type            kqRWallFunction;
        value           nonuniform List<scalar> 
30
(
7525.9
7488.87
11889
9128.35
7385.85
5849.26
4326.23
3507.17
3304.02
2820.91
3101.2
2220
3030.68
4466.98
5816.01
8054.89
7244.12
2008.44
1938.42
1992.21
2895.39
2876.22
2559.22
3207.58
4261.13
5304.09
6648.85
8206.86
6874.05
7369.89
)
;
    }
    topWall
    {
        type            inletOutlet;
        inletValue      uniform 1000;
        value           nonuniform List<scalar> 
50
(
964.964
940.818
932.546
930.314
930.967
924.69
917.472
917.593
956.973
1000
1000
1000
954.804
948.565
953.328
956.951
957.954
955.673
942.373
933.627
931.239
1000
966.882
950.734
952.297
962.971
959.019
959.035
956.294
957.426
968.494
1000
1000
1000
1000
1000
1000
1000
1000
1000
1000
1000
1000
1000
1000
1000
1000
1000
1000
1000
)
;
    }
    bottomWall
    {
        type            inletOutlet;
        inletValue      uniform 1000;
        value           nonuniform List<scalar> 
50
(
985.712
1000
1000
1000
958.075
950.11
926.803
1000
1000
1000
1000
1000
1000
1000
1000
1000
1000
1000
1000
1000
1000
1000
1000
1000
1000
965.007
942.133
948.031
971.855
952.231
947.058
934.968
944.129
971.147
986.491
1000
980.466
973.991
987.444
1000
950.262
1000
1000
1000
1000
1000
1000
1000
956.34
969.479
)
;
    }
    inlet
    {
        type            fixedValue;
        value           uniform 1000;
    }
    outlet
    {
        type            inletOutlet;
        inletValue      uniform 1000;
        value           nonuniform List<scalar> 
30
(
903.496
903.496
903.496
903.496
903.496
903.496
903.496
903.497
903.499
904.321
991.725
978.265
967.679
959.782
954.418
991.759
978.363
967.831
959.972
954.626
904.221
903.54
903.497
903.496
903.496
903.496
903.496
903.496
903.496
903.496
)
;
    }
    defaultFaces
    {
        type            empty;
    }
}


// ************************************************************************* //
