/*--------------------------------*- C++ -*----------------------------------*\
  =========                 |
  \\      /  F ield         | OpenFOAM: The Open Source CFD Toolbox
   \\    /   O peration     | Website:  https://openfoam.org
    \\  /    A nd           | Version:  6
     \\/     M anipulation  |
\*---------------------------------------------------------------------------*/
FoamFile
{
    version     2.0;
    format      ascii;
    class       volScalarField;
    location    "0.0004";
    object      nut;
}
// * * * * * * * * * * * * * * * * * * * * * * * * * * * * * * * * * * * * * //

dimensions      [0 2 -1 0 0 0 0];

internalField   nonuniform List<scalar> 
3704
(
0.337246
0.336908
0.337686
0.339279
0.338637
0.338758
0.337763
0.338787
0.339133
0.338899
0.339094
0.338679
0.338408
0.339161
0.33944
0.338235
0.339315
0.339123
0.339071
0.339093
0.339155
0.33937
0.339756
0.338175
0.338315
0.338826
0.339131
0.339131
0.339791
0.337964
0.337554
0.336897
0.339238
0.339105
0.33906
0.339058
0.339074
0.339094
0.339112
0.339126
0.339135
0.339137
0.339134
0.339126
0.339114
0.339098
0.339084
0.339072
0.339052
0.339056
0.337251
0.33694
0.33792
0.339804
0.338702
0.338384
0.337826
0.33847
0.339756
0.340131
0.340016
0.339597
0.339343
0.340331
0.340553
0.33857
0.340325
0.340228
0.340174
0.340244
0.340392
0.34068
0.340706
0.338891
0.339388
0.340249
0.340385
0.340389
0.340096
0.338711
0.338235
0.33711
0.340175
0.340213
0.340178
0.340209
0.340265
0.340323
0.34037
0.340401
0.340417
0.340414
0.340396
0.340363
0.34032
0.340269
0.340222
0.340183
0.340119
0.34013
0.337262
0.336983
0.338268
0.339761
0.338806
0.338231
0.337917
0.338219
0.339995
0.340755
0.340747
0.340487
0.340265
0.340613
0.340491
0.338897
0.340597
0.340825
0.340908
0.340978
0.341071
0.340926
0.340466
0.339816
0.340643
0.341253
0.341316
0.341325
0.340496
0.339771
0.339189
0.337402
0.340207
0.340573
0.340785
0.340986
0.341139
0.341251
0.341329
0.341373
0.341389
0.341375
0.341335
0.341274
0.341197
0.34111
0.34103
0.340966
0.340859
0.340882
0.337276
0.337016
0.338559
0.339527
0.338908
0.338259
0.337975
0.338079
0.340012
0.340987
0.341098
0.340957
0.34077
0.340383
0.340047
0.339111
0.340491
0.340996
0.341247
0.341263
0.341194
0.340587
0.34021
0.34058
0.341463
0.341793
0.341842
0.341857
0.34111
0.340655
0.339938
0.337619
0.33963
0.340263
0.340845
0.341305
0.341592
0.341771
0.34188
0.341936
0.341951
0.341926
0.341868
0.341783
0.341678
0.341562
0.341458
0.341377
0.341233
0.341279
0.33729
0.33702
0.33865
0.339294
0.338878
0.338227
0.337943
0.337938
0.339882
0.340921
0.34108
0.340982
0.340818
0.340033
0.339669
0.339132
0.340252
0.340872
0.341218
0.34118
0.340984
0.340176
0.340052
0.34087
0.341672
0.341863
0.341907
0.341926
0.341361
0.340995
0.340203
0.337674
0.339033
0.339774
0.340597
0.341235
0.341611
0.341831
0.341959
0.342021
0.342034
0.342003
0.341936
0.341839
0.341719
0.341589
0.341475
0.341391
0.341222
0.341305
0.0202488
0.0191275
0.00973378
0.00995102
0.0102525
0.0119318
0.0120154
0.0113665
0.0127828
0.0147228
0.0164353
0.0183792
0.0203946
0.0188165
0.0165884
0.0701886
0.030641
0.011438
0.0154821
0.0120438
0.0184978
0.0361646
0.0486656
0.0563008
0.0655903
0.0789655
0.103991
0.129731
0.141825
0.149503
0.0813141
0.0301187
0.0165191
0.023284
0.0172
0.0221494
0.0463538
0.0717657
0.0761736
0.0892009
0.112313
0.134442
0.163571
0.234834
0.261574
0.0987307
0.0326093
0.0273661
0.031624
0.0228763
0.0253988
0.0499778
0.0772872
0.0843312
0.100564
0.118317
0.137789
0.168671
0.298121
0.334357
0.112831
0.0359347
0.0390212
0.0342061
0.0270996
0.0306596
0.0517083
0.0805215
0.0915009
0.106456
0.119367
0.135921
0.170548
0.339291
0.384132
0.0167407
0.019419
0.0245948
0.0215556
0.019384
0.0173052
0.0148146
0.0131709
0.0126933
0.0119791
0.0127036
0.0106332
0.0124259
0.0151353
0.0172423
0.143945
0.147013
0.149422
0.115902
0.0751457
0.0552489
0.0421789
0.0409589
0.0448014
0.0271096
0.0185531
0.0142267
0.0148683
0.0277475
0.0520033
0.25508
0.255527
0.206777
0.155434
0.127717
0.0837383
0.0656984
0.0666043
0.0653675
0.0324708
0.0241543
0.0218925
0.0190867
0.0309896
0.0598092
0.332278
0.310796
0.222917
0.159937
0.137505
0.104589
0.0781722
0.0769466
0.0753437
0.0391466
0.0280901
0.0275753
0.0237173
0.0384729
0.0705156
0.386187
0.337867
0.231851
0.156309
0.137686
0.11807
0.0915045
0.0870674
0.0807143
0.0441015
0.0325175
0.0325825
0.0297716
0.0542546
0.0710806
0.339051
0.339047
0.339063
0.339072
0.339086
0.339102
0.339117
0.339128
0.339135
0.339138
0.339136
0.339128
0.339116
0.339099
0.339081
0.339067
0.33908
0.339158
0.339238
0.337918
0.337767
0.338115
0.338357
0.338416
0.338457
0.338336
0.338323
0.339679
0.339604
0.337622
0.337688
0.337928
0.338088
0.338055
0.33804
0.338045
0.337998
0.338305
0.339909
0.339374
0.339222
0.337984
0.336924
0.336849
0.337354
0.33771
0.337376
0.337054
0.336786
0.337236
0.340115
0.340103
0.340154
0.340183
0.340229
0.340282
0.340331
0.340371
0.340401
0.340418
0.340422
0.340411
0.340386
0.340346
0.340294
0.34024
0.340219
0.340309
0.340382
0.339362
0.338589
0.338703
0.338878
0.338872
0.339005
0.338584
0.338549
0.339717
0.340516
0.337665
0.337799
0.338222
0.33872
0.338717
0.338624
0.33851
0.338334
0.338668
0.339332
0.340467
0.340335
0.338883
0.336955
0.336871
0.337412
0.337784
0.337414
0.337091
0.336803
0.337242
0.340857
0.340834
0.340919
0.340965
0.341041
0.341131
0.341215
0.341288
0.341344
0.341381
0.341398
0.341392
0.341359
0.341294
0.341187
0.341021
0.340766
0.340507
0.340388
0.340348
0.339693
0.339582
0.339658
0.339541
0.339733
0.338961
0.338849
0.339316
0.340062
0.337723
0.337957
0.338625
0.33951
0.339603
0.339443
0.339192
0.338842
0.339202
0.33942
0.340518
0.340737
0.339589
0.336991
0.336899
0.337494
0.337892
0.337465
0.337143
0.336827
0.337253
0.341248
0.341204
0.341317
0.341373
0.341472
0.341591
0.341704
0.341801
0.34188
0.341935
0.341964
0.341962
0.341921
0.341827
0.34165
0.341322
0.340714
0.339944
0.33963
0.340488
0.340512
0.340336
0.340328
0.340097
0.340259
0.339281
0.339101
0.339123
0.339325
0.337751
0.338072
0.338923
0.340016
0.340243
0.340081
0.339756
0.339277
0.339646
0.33973
0.340193
0.340571
0.339701
0.337001
0.33691
0.337548
0.337965
0.337492
0.337178
0.336844
0.337266
0.341272
0.341194
0.341327
0.341381
0.341489
0.341623
0.341751
0.341862
0.341951
0.342015
0.34205
0.34205
0.342005
0.341893
0.34167
0.341232
0.340387
0.3393
0.33891
0.34022
0.340776
0.340629
0.340576
0.340283
0.340386
0.339366
0.339155
0.339008
0.33884
0.33771
0.338069
0.338986
0.340101
0.340418
0.340284
0.339949
0.339424
0.33978
0.339824
0.339869
0.340207
0.339465
0.336965
0.336881
0.337525
0.337941
0.337458
0.337163
0.33684
0.337281
0.337717
0.337815
0.337796
0.337818
0.337791
0.337693
0.336534
0.335944
0.335872
0.335827
0.335895
0.335919
0.335892
0.33589
0.3359
0.335853
0.335795
0.335777
0.335815
0.335812
0.335795
0.335756
0.335747
0.335757
0.335768
0.335779
0.335796
0.335826
0.335866
0.335886
0.33582
0.335637
0.335622
0.335622
0.335622
0.335622
0.335622
0.335622
0.335622
0.335622
0.335622
0.335622
0.335622
0.335622
0.335622
0.335622
0.335622
0.335622
0.33556
0.336788
0.345863
0.312081
0.340238
0.258469
0.117274
0.100898
0.0957706
0.100269
0.136221
0.210806
0.106679
0.335679
0.0431178
0.0387375
0.0389695
0.0490064
0.0653367
0.0969531
0.11934
0.138309
0.121307
0.131324
0.172593
0.390722
0.52092
0.556726
0.331523
0.335636
0.335622
0.335622
0.335623
0.335636
0.335753
0.336549
0.336987
0.335697
0.335622
0.534204
0.337305
0.337779
0.337286
0.33781
0.337313
0.337333
0.337812
0.337814
0.336072
0.335908
0.335844
0.335866
0.335917
0.335909
0.335889
0.335899
0.335884
0.335822
0.335777
0.335794
0.335815
0.335809
0.335779
0.335752
0.335749
0.335764
0.335773
0.335786
0.33581
0.335845
0.335881
0.335781
0.335939
0.335622
0.335622
0.335622
0.335817
0.335622
0.335622
0.335622
0.375631
0.335622
0.335622
0.335622
0.335622
0.335622
0.335622
0.335622
0.335622
0.335622
0.335622
0.335622
0.335616
0.334718
0.343442
0.363703
0.318993
0.318825
0.16222
0.10807
0.122843
0.0878472
0.0967758
0.0390565
0.0545256
0.0444002
0.0418303
0.0458594
0.0609416
0.0859363
0.110834
0.130574
0.143554
0.120336
0.138527
0.189221
0.0933008
0.335791
0.335623
0.335622
0.335622
0.335622
0.335623
0.335626
0.335666
0.335974
0.337008
0.337311
0.337335
0.337315
0.335835
0.335797
0.335773
0.335807
0.335821
0.335806
0.335804
0.335802
0.335761
0.335714
0.335695
0.335721
0.335719
0.335722
0.335721
0.335706
0.335698
0.335692
0.335694
0.335705
0.335732
0.335765
0.335791
0.335622
0.335622
0.335622
0.335622
0.335622
0.335622
0.335622
0.335622
0.335622
0.335622
0.335622
0.335622
0.335622
0.335621
0.33505
0.343468
0.387797
0.31454
0.325121
0.211852
0.119735
0.0965685
0.0967474
0.0870407
0.335763
0.167129
0.335598
0.335623
0.335622
0.335622
0.335624
0.335647
0.335838
0.335821
0.335812
0.335804
0.335806
0.335785
0.335739
0.335696
0.335711
0.335718
0.335723
0.335725
0.335714
0.3357
0.335695
0.335692
0.335698
0.335717
0.335749
0.335776
0.335622
0.335622
0.335622
0.335622
0.335622
0.335622
0.335622
0.335622
0.335622
0.335622
0.335614
0.334558
0.340009
0.319392
0.336539
0.298846
0.137988
0.0985058
0.105295
0.0769706
0.0744204
0.335905
0.335792
0.336181
0.335623
0.335622
0.335622
0.335622
0.3362
0.3357
0.33563
0.335635
0.28368
0.335623
0.3368
0.336767
0.336942
0.336868
0.335674
0.335623
0.335756
0.335625
0.335626
0.335622
0.335625
0.335624
0.335622
0.335625
0.335625
0.335624
0.335624
0.335624
0.335623
0.335623
0.335623
0.335623
0.335623
0.335624
0.335623
0.335623
0.335623
0.335623
0.335623
0.335624
0.335624
0.335622
0.335622
0.335622
0.335624
0.335624
0.335623
0.335622
0.335622
0.335622
0.335622
0.335622
0.335635
0.335647
0.335628
0.13832
0.33618
0.335622
0.335622
0.335622
0.335622
0.335622
0.335622
0.335622
0.335622
0.335622
0.335622
0.335622
0.335622
0.335622
0.335582
0.33769
0.339134
0.325065
0.328743
0.210587
0.0856803
0.0866256
0.0867313
0.0814539
0.0584785
0.335803
0.335719
0.0456876
0.0592948
0.113015
0.0472964
0.0508892
0.0475977
0.335622
0.335866
0.335623
0.335624
0.335623
0.325708
0.335526
0.335622
0.335622
0.335622
0.335622
0.335644
0.335646
0.335633
0.335823
0.335629
0.335635
0.335625
0.335624
0.335691
0.335743
0.336968
0.0556239
0.0804282
0.127851
0.189144
0.228862
0.236651
0.0881471
0.129001
0.0707611
0.111234
0.335622
0.335622
0.336835
0.336493
0.336431
0.335622
0.335622
0.336508
0.335626
0.335622
0.0720108
0.0733097
0.0708511
0.336521
0.335623
0.335623
0.336857
0.336503
0.149464
0.335622
0.335623
0.335623
0.335624
0.335625
0.335622
0.335622
0.335662
0.336169
0.335625
0.335624
0.335624
0.335624
0.335623
0.335622
0.335623
0.335623
0.335623
0.335623
0.335623
0.335623
0.335623
0.335623
0.335623
0.335623
0.335624
0.335624
0.335629
0.0788599
0.335623
0.335622
0.335622
0.335622
0.335622
0.335622
0.335624
0.335622
0.335623
0.335964
0.335622
0.335622
0.335622
0.335622
0.335622
0.335622
0.335622
0.335622
0.335622
0.335622
0.335622
0.335622
0.333034
0.331845
0.346754
0.341928
0.338946
0.310258
0.118873
0.0873149
0.0857151
0.0925209
0.335623
0.335623
0.0529004
0.336761
0.33594
0.335751
0.335622
0.335624
0.336834
0.336456
0.336485
0.335622
0.335622
0.335622
0.335624
0.336412
0.335626
0.109934
0.0725071
0.170343
0.239771
0.31413
0.0984515
0.132663
0.335623
0.087857
0.0988067
0.272773
0.335623
0.160375
0.335623
0.335622
0.0941998
0.0838722
0.162302
0.326248
0.325591
0.340664
0.339978
0.334818
0.335622
0.335622
0.335622
0.335623
0.335622
0.335622
0.335622
0.335623
0.335623
0.335622
0.335622
0.335623
0.335623
0.335623
0.335623
0.335623
0.335623
0.335622
0.335623
0.335622
0.335623
0.335623
0.335623
0.335623
0.335623
0.335623
0.335624
0.335623
0.335623
0.335622
0.330353
0.332504
0.335619
0.335622
0.335622
0.335622
0.335622
0.335622
0.335622
0.335622
0.332709
0.0896167
0.335622
0.335622
0.335622
0.335622
0.335622
0.335622
0.335898
0.336125
0.335622
0.335622
0.335622
0.335622
0.335622
0.335622
0.335622
0.339322
0.335622
0.335622
0.335622
0.335622
0.335622
0.335622
0.335622
0.335622
0.335622
0.0607252
0.335622
0.335622
0.335622
0.335622
0.335622
0.335622
0.335622
0.335622
0.335622
0.335622
0.292375
0.335622
0.089698
0.335622
0.335622
0.069323
0.335622
0.335622
0.335622
0.335622
0.335622
0.335622
0.335622
0.335622
0.335622
0.335622
0.335622
0.335622
0.335622
0.335622
0.335622
0.335622
0.335622
0.335622
0.335622
0.335622
0.335622
0.340646
0.335622
0.335622
0.335622
0.335622
0.335622
0.335622
0.335622
0.335622
0.335622
0.335622
0.334295
0.33092
0.333536
0.342739
0.0858825
0.336446
0.339912
0.335622
0.335622
0.32463
0.288212
0.115428
0.335622
0.335622
0.335707
0.335622
0.335622
0.335651
0.0754254
0.335622
0.335622
0.335902
0.336146
0.335783
0.336601
0.335622
0.120093
0.335622
0.335622
0.335622
0.335622
0.335622
0.335622
0.335622
0.335622
0.335716
0.335676
0.335789
0.242081
0.145337
0.334912
0.335625
0.197058
0.0827024
0.287111
0.335623
0.335623
0.335624
0.332724
0.335478
0.335622
0.335622
0.335622
0.335622
0.335622
0.335622
0.302448
0.380661
0.331133
0.337933
0.335631
0.335627
0.335639
0.335629
0.335623
0.335622
0.335622
0.0870545
0.106939
0.0845692
0.335622
0.335622
0.0966014
0.0945091
0.336199
0.297725
0.335622
0.335622
0.336161
0.322189
0.335622
0.335622
0.336204
0.336006
0.335988
0.335622
0.335622
0.335622
0.335622
0.335622
0.335622
0.335622
0.335622
0.330706
0.335637
0.335622
0.0752567
0.335622
0.335622
0.335622
0.336157
0.330227
0.335623
0.335622
0.335622
0.335622
0.335622
0.335622
0.335622
0.335622
0.335622
0.335622
0.335622
0.335622
0.335622
0.335622
0.335622
0.335622
0.335622
0.335622
0.335622
0.335513
0.336042
0.333109
0.0810117
0.335622
0.315477
0.161435
0.197371
0.335622
0.0904243
0.335664
0.335642
0.093482
0.0529151
0.0590654
0.335622
0.335622
0.335622
0.0555015
0.0622069
0.0547617
0.104797
0.335711
0.335824
0.165822
0.335622
0.20945
0.299487
0.204553
0.335623
0.335626
0.335624
0.335622
0.335622
0.335622
0.254239
0.335946
0.335617
0.335622
0.0886641
0.335622
0.335622
0.335622
0.335622
0.335622
0.335622
0.335622
0.335622
0.334512
0.335622
0.337393
0.335622
0.335622
0.335622
0.335622
0.335622
0.335622
0.335622
0.335622
0.335958
0.335623
0.335622
0.335622
0.335622
0.335622
0.335622
0.335622
0.335622
0.335622
0.335622
0.335622
0.335622
0.323555
0.335636
0.335625
0.335622
0.335622
0.335622
0.335622
0.335622
0.335622
0.335622
0.335622
0.335622
0.0902729
0.335622
0.335292
0.335326
0.335622
0.29044
0.335622
0.335622
0.335622
0.335622
0.335622
0.335622
0.335622
0.335622
0.335622
0.335622
0.343688
0.335622
0.078532
0.335622
0.335622
0.325505
0.331092
0.318932
0.335622
0.335622
0.335622
0.335622
0.335622
0.335622
0.07315
0.335622
0.335622
0.335622
0.335622
0.335622
0.335622
0.335622
0.335622
0.335621
0.335422
0.33531
0.335329
0.335622
0.334861
0.334831
0.106987
0.335622
0.335622
0.335622
0.335622
0.336181
0.335979
0.335994
0.335622
0.335622
0.335622
0.335622
0.335622
0.335622
0.335622
0.335622
0.335622
0.335622
0.335622
0.186542
0.335622
0.335622
0.335622
0.335622
0.335622
0.335622
0.335622
0.335622
0.335622
0.335622
0.0933716
0.336891
0.335144
0.335381
0.338836
0.335806
0.335659
0.335622
0.335622
0.335622
0.335622
0.335622
0.335622
0.091417
0.335622
0.335657
0.335623
0.335622
0.0885543
0.335622
0.334921
0.335622
0.335622
0.335622
0.335622
0.12042
0.335622
0.336386
0.339024
0.335622
0.335623
0.335622
0.335622
0.331224
0.340345
0.335622
0.335622
0.335854
0.0865137
0.335622
0.335622
0.092663
0.335622
0.335625
0.336163
0.335622
0.335622
0.335622
0.335622
0.338845
0.0704173
0.0641126
0.335622
0.335622
0.335622
0.335622
0.335622
0.335622
0.335622
0.337527
0.339673
0.335606
0.15375
0.320897
0.335622
0.196935
0.335295
0.335631
0.33566
0.335622
0.0633036
0.335622
0.335622
0.335843
0.33576
0.335622
0.335622
0.335622
0.335622
0.335622
0.335622
0.335737
0.335687
0.335824
0.335632
0.335627
0.335641
0.335622
0.347797
0.335622
0.335622
0.335622
0.335623
0.335623
0.354084
0.0918292
0.114516
0.0908585
0.335623
0.335624
0.333473
0.335622
0.335622
0.335622
0.335622
0.261514
0.335622
0.337463
0.335622
0.168471
0.335622
0.335622
0.335836
0.335749
0.335754
0.335623
0.335623
0.335622
0.334766
0.335622
0.335622
0.335664
0.335622
0.345891
0.336452
0.335944
0.335727
0.335887
0.335622
0.335622
0.335623
0.335622
0.335622
0.335622
0.0859589
0.335622
0.335622
0.335622
0.0823055
0.335622
0.335623
0.335622
0.335622
0.335622
0.335622
0.335626
0.337393
0.335583
0.335622
0.295761
0.335622
0.0781578
0.340712
0.335622
0.335616
0.33562
0.33562
0.335622
0.335622
0.335622
0.335622
0.335622
0.335622
0.335622
0.335622
0.335622
0.213458
0.0604724
0.0718104
0.0596746
0.335622
0.335622
0.335622
0.335622
0.335622
0.335622
0.335621
0.335622
0.335622
0.335622
0.0950745
0.33643
0.336078
0.335622
0.337225
0.335622
0.335622
0.335623
0.335624
0.142034
0.335622
0.335622
0.335622
0.335622
0.335622
0.335622
0.335616
0.335616
0.335622
0.335622
0.335622
0.335622
0.335622
0.335622
0.335622
0.335622
0.335622
0.335622
0.335622
0.335754
0.335622
0.335622
0.334217
0.336348
0.33563
0.335639
0.335625
0.335622
0.335623
0.335622
0.335622
0.335622
0.335622
0.335622
0.335622
0.335622
0.335622
0.305546
0.335696
0.335622
0.335622
0.335625
0.335622
0.335622
0.335622
0.335622
0.335622
0.335622
0.335622
0.335622
0.335622
0.335622
0.335644
0.335639
0.335732
0.335622
0.335622
0.342875
0.335623
0.335623
0.335632
0.335622
0.335861
0.335753
0.335625
0.335627
0.336261
0.335622
0.335621
0.335709
0.33565
0.335622
0.335622
0.333512
0.337498
0.0864604
0.335622
0.335772
0.335622
0.335622
0.335622
0.335622
0.335622
0.335371
0.335244
0.335622
0.275038
0.335622
0.335697
0.335622
0.0909233
0.335622
0.32725
0.320351
0.34826
0.278471
0.335622
0.335622
0.335622
0.335622
0.126486
0.0882451
0.338292
0.33389
0.335622
0.201605
0.137537
0.335622
0.0633691
0.335622
0.335622
0.335622
0.335622
0.335622
0.335622
0.335622
0.333088
0.328436
0.0719573
0.335708
0.0924659
0.335622
0.335622
0.335623
0.335622
0.335661
0.335642
0.335693
0.335667
0.335696
0.335644
0.0803177
0.078811
0.335622
0.335622
0.335622
0.335622
0.335622
0.335622
0.335622
0.335622
0.335622
0.337651
0.335622
0.335624
0.335622
0.335856
0.335623
0.33563
0.335622
0.335622
0.335622
0.335623
0.335623
0.335622
0.336719
0.335622
0.335622
0.335305
0.335741
0.335686
0.335623
0.335623
0.336403
0.335622
0.335622
0.335622
0.335622
0.335622
0.335622
0.335622
0.335622
0.335622
0.0913158
0.335622
0.336584
0.335622
0.335622
0.335622
0.335622
0.335622
0.335622
0.335622
0.335622
0.335622
0.335517
0.335622
0.335622
0.335788
0.335699
0.335622
0.335622
0.335622
0.335622
0.335601
0.33553
0.132759
0.335622
0.335609
0.335622
0.335622
0.335622
0.335622
0.335622
0.336527
0.0970621
0.124383
0.335626
0.335623
0.335622
0.335622
0.335623
0.335622
0.335622
0.335622
0.335622
0.335622
0.271032
0.336019
0.335622
0.31371
0.335622
0.335622
0.335622
0.335622
0.33562
0.335622
0.335622
0.335611
0.131601
0.084499
0.333889
0.33544
0.334606
0.336487
0.335631
0.335573
0.335629
0.335622
0.340289
0.337594
0.335622
0.249458
0.306732
0.249357
0.329587
0.331109
0.334747
0.335585
0.332905
0.335622
0.335622
0.335622
0.335627
0.335633
0.335714
0.335774
0.335622
0.335623
0.335623
0.335623
0.335622
0.335622
0.335622
0.335622
0.0932627
0.097352
0.335694
0.335662
0.335662
0.336187
0.335622
0.335622
0.335622
0.143719
0.138517
0.335624
0.335636
0.33564
0.335625
0.335622
0.335623
0.336705
0.333527
0.332407
0.335647
0.0914072
0.3355
0.335648
0.335638
0.335634
0.0941622
0.253155
0.335622
0.335509
0.145867
0.237444
0.141239
0.33571
0.337416
0.334773
0.15461
0.160704
0.335574
0.335623
0.335623
0.236384
0.335643
0.335622
0.335622
0.335622
0.335631
0.335623
0.335623
0.335622
0.337646
0.338756
0.335418
0.336034
0.335783
0.335602
0.335547
0.335627
0.335622
0.335622
0.335622
0.335622
0.335623
0.333587
0.329899
0.335622
0.335651
0.335641
0.150947
0.335622
0.335018
0.335016
0.335626
0.286014
0.277457
0.335624
0.334728
0.333645
0.335625
0.33561
0.335627
0.335626
0.33563
0.335624
0.335622
0.275485
0.265624
0.335622
0.335622
0.335622
0.335622
0.335642
0.334276
0.336921
0.336308
0.33556
0.335656
0.303686
0.335622
0.335363
0.335622
0.335643
0.300564
0.335622
0.326154
0.335623
0.335309
0.335629
0.331624
0.337178
0.335515
0.336937
0.335626
0.335624
0.335631
0.33567
0.335633
0.335623
0.335451
0.335674
0.335442
0.335742
0.33559
0.335708
0.335671
0.335781
0.335623
0.335633
0.335626
0.335493
0.335624
0.335502
0.335027
0.335623
0.332925
0.334657
0.335093
0.335624
0.335626
0.335836
0.33612
0.335623
0.335625
0.335658
0.335635
0.337688
0.337781
0.337794
0.337855
0.337785
0.337717
0.336549
0.335754
0.335636
0.335623
0.335622
0.335622
0.335633
0.315533
0.609119
0.524531
0.355276
0.241472
0.147597
0.134099
0.136631
0.120709
0.115161
0.101763
0.0729242
0.0580225
0.059256
0.0574688
0.076096
0.149858
0.0929266
0.137559
0.134493
0.109576
0.101915
0.0874724
0.0856497
0.272226
0.348219
0.331788
0.322652
0.356287
0.335017
0.335621
0.335622
0.335622
0.335622
0.335622
0.335622
0.335622
0.335622
0.335622
0.335622
0.335622
0.335622
0.335622
0.335622
0.335622
0.335622
0.33585
0.335912
0.335893
0.335857
0.335821
0.335796
0.335772
0.335749
0.335731
0.335732
0.335759
0.335821
0.335876
0.335895
0.335874
0.335815
0.335828
0.335857
0.335877
0.3359
0.335893
0.335794
0.335737
0.335822
0.335991
0.337199
0.337008
0.555852
0.335622
0.335778
0.337249
0.337753
0.337261
0.337849
0.337811
0.337368
0.337305
0.337818
0.336204
0.335976
0.380836
0.33584
0.335667
0.335626
0.335623
0.335622
0.335623
0.33574
0.0669582
0.335623
0.274511
0.157371
0.131513
0.140392
0.129018
0.116384
0.113302
0.0970568
0.07506
0.0617801
0.0657903
0.0675581
0.138087
0.122271
0.106897
0.0937998
0.0799284
0.151563
0.304083
0.329587
0.346317
0.335017
0.340584
0.335235
0.335622
0.335622
0.335622
0.335622
0.335622
0.335622
0.335622
0.335622
0.335622
0.335622
0.335622
0.335622
0.335622
0.335622
0.335622
0.337346
0.335623
0.33579
0.335889
0.335783
0.335878
0.335838
0.335807
0.335784
0.335761
0.335739
0.335725
0.335746
0.335783
0.335856
0.335892
0.33589
0.33585
0.335811
0.335845
0.335872
0.335875
0.335912
0.335857
0.335734
0.335777
0.335855
0.336413
0.312865
0.335622
0.337313
0.335701
0.33563
0.335623
0.335622
0.335622
0.335636
0.268882
0.168484
0.125619
0.0978934
0.0829355
0.1082
0.301857
0.355668
0.345015
0.323036
0.361138
0.334974
0.335622
0.335622
0.335622
0.335622
0.335622
0.335622
0.335622
0.335622
0.335622
0.335622
0.335622
0.335622
0.335622
0.335777
0.335743
0.335714
0.335697
0.335684
0.335676
0.335679
0.335709
0.335715
0.335753
0.335787
0.335804
0.335784
0.335756
0.335767
0.335785
0.335792
0.335817
0.335786
0.335707
0.335724
0.335779
0.336124
0.335622
0.335622
0.335622
0.335622
0.335622
0.335622
0.335622
0.335622
0.335622
0.335622
0.335622
0.335622
0.335705
0.33569
0.335679
0.335675
0.335692
0.335714
0.33573
0.335773
0.335799
0.335796
0.335764
0.335759
0.335774
0.335792
0.335805
0.335809
0.335748
0.335703
0.335756
0.335854
0.337403
0.335088
0.335622
0.335624
0.335648
0.335622
0.335595
0.335224
0.348798
0.323738
0.331669
0.310834
0.223329
0.0789636
0.091321
0.103327
0.115141
0.130934
0.108035
0.335622
0.335727
0.335761
0.336771
0.335783
0.335694
0.335629
0.336187
0.25672
0.335622
0.335623
0.335645
0.335665
0.335635
0.335622
0.335624
0.335623
0.335622
0.335622
0.335644
0.335744
0.230741
0.275324
0.335622
0.335622
0.335622
0.10191
0.335623
0.335624
0.335623
0.335631
0.335828
0.335975
0.335747
0.0906934
0.335622
0.109817
0.0914623
0.129704
0.140862
0.125494
0.156131
0.0991596
0.0983055
0.0918217
0.308688
0.112085
0.095314
0.134817
0.332683
0.235851
0.200054
0.282184
0.337446
0.327323
0.331195
0.327749
0.334944
0.336235
0.335525
0.34192
0.336602
0.332616
0.334865
0.338757
0.341397
0.335614
0.334049
0.334317
0.335622
0.335622
0.334587
0.335526
0.335622
0.335622
0.335622
0.335622
0.335622
0.335622
0.335622
0.335622
0.335622
0.335622
0.335622
0.335622
0.335622
0.335622
0.335622
0.335622
0.335623
0.335625
0.335622
0.335622
0.335622
0.335622
0.335624
0.335623
0.336696
0.336366
0.335624
0.335623
0.335623
0.335622
0.335623
0.335623
0.335623
0.335623
0.335623
0.335623
0.335624
0.335624
0.335624
0.335624
0.335624
0.335624
0.335624
0.335624
0.335624
0.335624
0.335624
0.335633
0.335782
0.336988
0.335622
0.335622
0.336803
0.235167
0.336969
0.135035
0.149463
0.117331
0.116386
0.104929
0.0975263
0.0885236
0.093777
0.102408
0.105785
0.106575
0.142844
0.140856
0.335624
0.335623
0.336526
0.335622
0.33639
0.335625
0.336822
0.335622
0.335622
0.0655526
0.0878309
0.336883
0.33658
0.336491
0.142143
0.335622
0.335622
0.335622
0.334437
0.335626
0.335622
0.0653158
0.336932
0.320833
0.336115
0.335622
0.335622
0.335622
0.333472
0.132616
0.335622
0.335622
0.335622
0.129318
0.333777
0.335904
0.330009
0.335622
0.335622
0.335622
0.335622
0.335622
0.335622
0.335622
0.335622
0.335623
0.335625
0.335627
0.336858
0.335622
0.336456
0.335623
0.335623
0.335623
0.335623
0.335623
0.335623
0.335623
0.335623
0.335624
0.335624
0.335624
0.335624
0.335624
0.335624
0.335624
0.335625
0.335624
0.335623
0.335625
0.335668
0.33657
0.335622
0.119883
0.133711
0.178657
0.137593
0.132574
0.336773
0.336429
0.168767
0.105036
0.100423
0.0943098
0.335623
0.335644
0.335623
0.335623
0.335623
0.335624
0.335623
0.335623
0.335623
0.335623
0.335623
0.335623
0.335623
0.335623
0.335623
0.335623
0.335623
0.335622
0.335622
0.335622
0.335627
0.335623
0.335622
0.335623
0.335623
0.335708
0.335623
0.335623
0.335623
0.335623
0.335623
0.335623
0.335623
0.335623
0.335623
0.335622
0.335622
0.335622
0.335622
0.335622
0.335622
0.335622
0.335622
0.335622
0.335623
0.335623
0.335623
0.335622
0.335622
0.335622
0.335622
0.335622
0.335622
0.335622
0.335622
0.335622
0.335623
0.14917
0.336157
0.334556
0.332453
0.335622
0.335622
0.335622
0.142027
0.335622
0.335715
0.335622
0.335622
0.335622
0.341355
0.152752
0.332942
0.335625
0.335624
0.131991
0.12118
0.146568
0.33075
0.335622
0.33562
0.335622
0.335622
0.335622
0.335622
0.335622
0.335622
0.335622
0.335622
0.334913
0.335587
0.335622
0.335625
0.335622
0.335622
0.335622
0.335622
0.335622
0.336088
0.335874
0.335946
0.335622
0.335622
0.0995106
0.153548
0.336489
0.33586
0.320816
0.335622
0.335622
0.335622
0.318331
0.335622
0.335622
0.335622
0.335622
0.335622
0.335622
0.335622
0.335622
0.335622
0.335622
0.335622
0.335622
0.335622
0.335622
0.335622
0.335622
0.335622
0.335622
0.335622
0.335622
0.335622
0.335622
0.335622
0.335622
0.335698
0.335769
0.335622
0.335622
0.335622
0.335622
0.335622
0.33564
0.33563
0.335661
0.335622
0.335622
0.335622
0.335623
0.335623
0.335622
0.335622
0.335622
0.335622
0.335622
0.335622
0.269313
0.131428
0.129673
0.161089
0.335622
0.335622
0.336142
0.335911
0.335383
0.334488
0.148594
0.14103
0.335622
0.335622
0.117219
0.129531
0.335622
0.335622
0.338615
0.334683
0.33538
0.336394
0.335622
0.314593
0.334043
0.334686
0.336186
0.335976
0.336231
0.33601
0.335622
0.120251
0.330527
0.335655
0.33572
0.335799
0.335681
0.335622
0.336908
0.335622
0.335622
0.335622
0.335623
0.335622
0.335622
0.332116
0.335622
0.119516
0.104552
0.342196
0.337042
0.335632
0.335641
0.335627
0.335629
0.335639
0.335622
0.155124
0.14025
0.334749
0.144543
0.0905043
0.119225
0.31075
0.324267
0.237323
0.202984
0.286804
0.160471
0.335622
0.150006
0.325334
0.333103
0.335622
0.336222
0.335998
0.335622
0.335622
0.335622
0.335622
0.335623
0.333661
0.335622
0.335622
0.335622
0.158001
0.335622
0.335622
0.335622
0.335622
0.335622
0.335622
0.335622
0.335622
0.335622
0.335622
0.330813
0.335622
0.335622
0.335622
0.335622
0.335622
0.335622
0.335622
0.335622
0.335622
0.335622
0.335622
0.335622
0.128384
0.335622
0.335622
0.335622
0.335622
0.335622
0.335622
0.25612
0.144729
0.335622
0.335622
0.335622
0.335622
0.335622
0.335622
0.335622
0.335622
0.335622
0.335622
0.335622
0.335622
0.335622
0.335622
0.335622
0.335622
0.335622
0.335622
0.335622
0.335622
0.335622
0.335622
0.33562
0.335622
0.335622
0.335622
0.335622
0.336695
0.335622
0.335622
0.335622
0.335593
0.335621
0.335622
0.0904953
0.335622
0.335623
0.335622
0.335619
0.335598
0.335623
0.131537
0.335622
0.335622
0.0869654
0.335869
0.335622
0.333756
0.336517
0.335622
0.150967
0.335622
0.335622
0.153569
0.335622
0.335622
0.335622
0.335622
0.3355
0.335622
0.335622
0.335622
0.335622
0.335622
0.357128
0.335622
0.335622
0.335622
0.335622
0.335622
0.335622
0.335622
0.335622
0.138555
0.144566
0.334259
0.335622
0.335622
0.335622
0.335622
0.335622
0.335621
0.335622
0.124536
0.335622
0.335622
0.335622
0.335622
0.335622
0.335622
0.335622
0.335622
0.142071
0.335622
0.335622
0.335622
0.335622
0.335622
0.335623
0.335622
0.335622
0.335622
0.335622
0.335842
0.335622
0.335622
0.33578
0.15072
0.335622
0.335622
0.335622
0.335622
0.139983
0.334454
0.334936
0.336822
0.133791
0.335622
0.335623
0.339574
0.335622
0.335622
0.335604
0.335988
0.33378
0.335117
0.335622
0.335622
0.335622
0.335622
0.299674
0.358741
0.278024
0.335622
0.335622
0.335623
0.335623
0.0926233
0.0975545
0.336716
0.337224
0.335852
0.335622
0.335622
0.335622
0.137917
0.335662
0.335636
0.132756
0.335745
0.335838
0.335694
0.335539
0.145174
0.335622
0.1519
0.335622
0.335622
0.123169
0.335622
0.335622
0.335622
0.335625
0.335624
0.335622
0.335622
0.335623
0.335634
0.335645
0.335629
0.335622
0.335622
0.332086
0.332608
0.335622
0.335622
0.335623
0.335622
0.333627
0.33416
0.335622
0.335622
0.335622
0.149467
0.335622
0.335622
0.14989
0.187714
0.217086
0.335622
0.335622
0.335622
0.334239
0.335817
0.335622
0.335836
0.335659
0.33625
0.335622
0.335622
0.335622
0.335622
0.341941
0.335752
0.335622
0.335622
0.335622
0.335622
0.335622
0.335622
0.335622
0.335622
0.335622
0.335622
0.335622
0.335622
0.335622
0.335622
0.335622
0.335622
0.33562
0.335622
0.335622
0.335622
0.335625
0.335629
0.335622
0.153276
0.335622
0.335622
0.335622
0.335622
0.335622
0.335729
0.335622
0.335622
0.335622
0.335622
0.335622
0.335749
0.335622
0.335622
0.335622
0.335758
0.335622
0.335622
0.335621
0.335622
0.335624
0.335622
0.147913
0.335622
0.335622
0.335622
0.0973653
0.112563
0.0973251
0.335622
0.335622
0.335622
0.337169
0.335622
0.3356
0.134926
0.335622
0.335622
0.335622
0.335623
0.335622
0.335487
0.335622
0.335622
0.335622
0.335622
0.335622
0.151187
0.310748
0.328604
0.12081
0.104155
0.148369
0.113918
0.335622
0.335622
0.335622
0.335689
0.335591
0.335622
0.335772
0.335622
0.335685
0.334743
0.335622
0.335622
0.335622
0.335622
0.335622
0.335622
0.157773
0.134295
0.13916
0.1154
0.335626
0.335659
0.335622
0.335622
0.335622
0.335622
0.335622
0.335622
0.335622
0.335528
0.335622
0.335622
0.335622
0.33556
0.335465
0.335622
0.335622
0.335622
0.335622
0.335622
0.335622
0.155648
0.161043
0.152499
0.335622
0.335622
0.335622
0.335622
0.335622
0.335561
0.335481
0.335575
0.160454
0.174626
0.335622
0.335622
0.335623
0.335622
0.335622
0.335622
0.335653
0.335622
0.335622
0.335622
0.335622
0.335622
0.335622
0.335622
0.335622
0.335622
0.335622
0.335622
0.335622
0.335623
0.335625
0.33569
0.334303
0.335332
0.335624
0.335626
0.335622
0.335622
0.335622
0.335622
0.335605
0.335603
0.335573
0.33682
0.335622
0.335622
0.335637
0.335622
0.345301
0.33564
0.153778
0.163355
0.335023
0.33579
0.334292
0.334103
0.335658
0.335622
0.335622
0.335622
0.335596
0.335616
0.335622
0.139927
0.335622
0.335626
0.335622
0.335615
0.334339
0.335622
0.335622
0.335623
0.335623
0.335622
0.335674
0.335634
0.335698
0.335661
0.335665
0.193239
0.336258
0.335622
0.335622
0.335623
0.335622
0.285328
0.335622
0.335686
0.335622
0.335622
0.335622
0.335622
0.335622
0.335622
0.336625
0.337578
0.335622
0.335622
0.335622
0.335622
0.335622
0.335622
0.335622
0.335622
0.335623
0.335622
0.335622
0.335622
0.335622
0.335622
0.335622
0.335622
0.335623
0.33516
0.335622
0.335622
0.340957
0.335622
0.335627
0.33563
0.218601
0.335169
0.364549
0.335622
0.335966
0.33609
0.335622
0.335625
0.335623
0.33563
0.335622
0.335645
0.335622
0.335622
0.335622
0.335622
0.345774
0.21699
0.335522
0.335622
0.335626
0.335629
0.335624
0.335622
0.335527
0.335624
0.335622
0.33571
0.335622
0.346172
0.335622
0.335622
0.335641
0.335622
0.335622
0.335622
0.335624
0.335622
0.291051
0.309577
0.332843
0.329341
0.333884
0.335623
0.335623
0.335621
0.335622
0.335622
0.335632
0.335637
0.157195
0.335622
0.335621
0.335622
0.335622
0.335103
0.335622
0.335081
0.335622
0.335586
0.335622
0.335622
0.335622
0.335622
0.335622
0.335622
0.335622
0.335622
0.335622
0.335622
0.335914
0.335631
0.335622
0.335622
0.335604
0.335557
0.335615
0.335622
0.335622
0.335622
0.335622
0.335622
0.335415
0.335584
0.335622
0.335622
0.335622
0.335631
0.335622
0.335622
0.335622
0.335628
0.335622
0.335622
0.151412
0.335622
0.335622
0.335622
0.335622
0.335622
0.335622
0.335371
0.335364
0.335622
0.336133
0.335622
0.335734
0.335622
0.337202
0.335386
0.33499
0.335622
0.335622
0.207674
0.335198
0.172182
0.178526
0.335158
0.335622
0.335404
0.335616
0.33563
0.335622
0.335622
0.336208
0.335622
0.335992
0.335623
0.336833
0.339737
0.300257
0.315968
0.335622
0.140693
0.335652
0.12359
0.130228
0.176105
0.334557
0.335623
0.143232
0.335634
0.335712
0.335666
0.335746
0.335623
0.335623
0.335625
0.335625
0.335622
0.335624
0.156657
0.149294
0.335624
0.335627
0.335627
0.335591
0.335622
0.335622
0.28147
0.335375
0.335622
0.335622
0.335622
0.335622
0.335623
0.335622
0.33576
0.158037
0.335622
0.341523
0.149006
0.335622
0.157872
0.335622
0.208403
0.231311
0.335624
0.335102
0.335622
0.335622
0.335622
0.145144
0.339246
0.335622
0.334723
0.335622
0.33753
0.339538
0.33563
0.334214
0.335898
0.332055
0.335622
0.33562
0.330018
0.335622
0.335634
0.3354
0.33566
0.335642
0.335686
0.333389
0.33569
0.335623
0.335622
0.335622
0.334086
0.334855
0.335651
0.335623
0.335623
0.213263
0.215798
0.334582
0.278477
0.334926
0.257362
0.335622
0.335623
0.335622
0.335782
0.336804
0.335248
0.335609
0.335622
0.343966
0.338323
0.340573
0.336788
0.3351
0.335622
0.335616
0.335629
0.335624
0.335623
0.335625
0.335622
0.335607
0.335622
0.335559
0.335419
0.335588
0.335623
0.335683
0.335624
0.337856
0.339367
0.34652
0.335296
0.33562
0.335611
0.335622
0.336081
0.335622
0.335648
0.335622
0.335622
0.335622
0.335622
0.335623
0.335622
0.335622
0.335625
0.335051
0.335622
0.335622
0.335868
0.335627
0.335623
0.335631
0.335646
0.335626
0.33794
0.336344
0.335693
0.335596
0.336186
0.342548
0.335636
0.335406
0.335614
0.335543
0.335623
0.335624
0.335622
0.335625
0.335535
0.33563
0.335476
0.335639
0.336
0.336162
0.338322
0.335621
0.335601
0.336787
0.336136
0.336883
0.33563
0.341265
0.335628
0.335622
0.335646
0.335622
0.335687
0.335629
0.335665
0.335805
)
;

boundaryField
{
    bullet
    {
        type            nutkWallFunction;
        Cmu             0.09;
        kappa           0.41;
        E               9.8;
        value           nonuniform List<scalar> 
30
(
0.00144822
0.00167386
0.00210841
0.0018793
0.00172346
0.00154929
0.00138522
0.0013276
0.00143455
0.00127682
0.00127454
0.00122625
0.00140879
0.00180442
0.00207053
0.00237937
0.00200704
0.00113986
0.00112714
0.00112215
0.00118467
0.00133409
0.00121077
0.00122081
0.00135718
0.00150062
0.0016622
0.00182112
0.00166547
0.00143504
)
;
    }
    topWall
    {
        type            calculated;
        value           nonuniform List<scalar> 
50
(
0.337236
0.336786
0.337054
0.337376
0.33771
0.337354
0.336849
0.336924
0.337984
0.338346
0.338346
0.338346
0.338305
0.337998
0.338045
0.33804
0.338055
0.338088
0.337928
0.337688
0.337622
0.338346
0.339679
0.338323
0.338336
0.338457
0.338416
0.338357
0.338115
0.337767
0.337918
0.338346
0.338346
0.338346
0.338346
0.338346
0.338346
0.338346
0.338346
0.338346
0.338346
0.338346
0.338346
0.338346
0.338346
0.338346
0.338346
0.338346
0.338346
0.338346
)
;
    }
    bottomWall
    {
        type            calculated;
        value           nonuniform List<scalar> 
50
(
0.338826
0.338346
0.338346
0.338346
0.337964
0.337554
0.336897
0.338346
0.338346
0.338346
0.338346
0.338346
0.338346
0.338346
0.338346
0.338346
0.338346
0.338346
0.338346
0.338346
0.338346
0.338346
0.338346
0.338346
0.338346
0.337246
0.336908
0.337686
0.339279
0.338637
0.338758
0.337763
0.338787
0.339133
0.338899
0.338346
0.338679
0.338408
0.339161
0.338346
0.338235
0.338346
0.338346
0.338346
0.338346
0.338346
0.338346
0.338346
0.338175
0.338315
)
;
    }
    inlet
    {
        type            calculated;
        value           uniform 0.338346;
    }
    outlet
    {
        type            calculated;
        value           nonuniform List<scalar> 
30
(
0.335622
0.335622
0.335622
0.335622
0.335622
0.335622
0.335622
0.335622
0.335623
0.33585
0.339056
0.34013
0.340882
0.341279
0.341305
0.339051
0.340115
0.340857
0.341248
0.341272
0.33582
0.335637
0.335622
0.335622
0.335622
0.335622
0.335622
0.335622
0.335622
0.335622
)
;
    }
    defaultFaces
    {
        type            empty;
    }
}


// ************************************************************************* //
