/*--------------------------------*- C++ -*----------------------------------*\
  =========                 |
  \\      /  F ield         | OpenFOAM: The Open Source CFD Toolbox
   \\    /   O peration     | Website:  https://openfoam.org
    \\  /    A nd           | Version:  6
     \\/     M anipulation  |
\*---------------------------------------------------------------------------*/
FoamFile
{
    version     2.0;
    format      ascii;
    class       volScalarField;
    location    "0.0004";
    object      p;
}
// * * * * * * * * * * * * * * * * * * * * * * * * * * * * * * * * * * * * * //

dimensions      [1 -1 -2 0 0 0 0];

internalField   nonuniform List<scalar> 
3704
(
100000
100000
100000
100000
100000
100000
100000
100000
100000
100000
100000
100000
100000
100000
100000
100000
100000
100000
100000
100000
100000
100000
100000
100000
100000
100000
100000
100000
100000
100000
100000
100000
100000
100000
100000
100000
100000
100000
100000
100000
100000
100000
100000
100000
100000
100000
100000
100000
100000
100000
100000
100000
100000
100000
100000
100000
100000
100000
100000
100000
100000
100000
100000
100000
100000
100000
100000
100000
100000
100000
100000
100000
100000
100000
100000
100000
100000
100000
100000
100000
100000
100000
100000
100000
100000
100000
100000
100000
100000
100000
100000
100000
100000
100000
100000
100000
100000
100000
100000
100000
100000
100000
100000
100000
100000
100000
100000
100000
100000
100000
100000
100000
100000
100000
100000
100000
100000
100000
100000
100000
100000
100000
100000
100000
100000
100000
100000
100000
100000
100000
100000
100000
100000
100000
100000
100000
100000
100000
100000
100000
100000
100000
100000
100000
100000
100000
100000
100000
100000
100000
100000
100000
100000
100000
100000
100000
100000
100000
100000
100000
100000
100000
100000
100000
100000
100000
100000
100000
100000
100000
100000
100000
100000
100000
100000
100000
100000
100000
100000
100000
100000
100000
100000
100000
100000
100000
100000
100000
100000
100000
100000
100000
100000
100000
100000
100000
100000
100000
100000
100000
100000
100000
100000
100000
100000
100000
100000
100000
100000
100000
100000
100000
100000
100000
100000
100000
100000
100000
100000
100000
100000
100000
100000
100000
100000
100000
100000
100000
100000
100000
100000
100000
100000
100000
100000
100000
100000
100000
100000
100000
100000
100000
100000
100000
100000
100000
100000
100000
100000
100000
3705.34
3123.51
7319.2
10144.7
10068.4
32977
35439.8
75779.8
212431
299046
341135
369676
389973
293910
329495
7218.26
4576.55
6509.73
14894.3
12663.7
43341.3
46367
107358
235549
295601
324893
344041
347529
299046
333659
17559.6
7711.58
6993.94
24980.6
24215.3
69676.4
66517
117782
233366
290858
313989
326391
331026
288250
339913
31694.4
15332.8
11033
31246.5
41117.2
71895.3
78927.6
125235
237635
288048
309106
318566
323797
282552
353821
37190.4
34731.7
21591.5
30708.9
45147.3
75433.6
95805.1
137735
242470
288167
308642
316316
321449
283894
385643
385801
414622
504002
465958
409916
322693
199686
121664
37187.4
26366.2
19221.9
6861.94
6218.08
4504.19
4704.84
390008
394139
420310
409330
377466
328889
211719
132603
56023.5
35032.1
22985.6
10137.5
8296.47
5717.65
5449.66
391431
389821
384924
382608
364595
322189
223208
128449
68918.6
52016.7
32099.7
20230.6
13812.1
14473.4
6433.1
401879
389013
373011
373642
362058
321314
222683
127717
77414.4
62208.9
40091.8
25261.4
16659.5
16546
9168.09
432212
399534
370277
371304
363000
321974
223632
127865
78520
63918.5
43831.5
27788.1
17143.8
16736.2
11464.8
100000
100000
100000
100000
100000
100000
100000
100000
100000
100000
100000
100000
100000
100000
100000
100000
100000
100000
100000
100000
100000
100000
100000
100000
100000
100000
100000
100000
100000
100000
100000
100000
100000
100000
100000
100000
100000
100000
100000
100000
100000
100000
100000
100000
100000
100000
100000
100000
100000
100000
100000
100000
100000
100000
100000
100000
100000
100000
100000
100000
100000
100000
100000
100000
100000
100000
100000
100000
100000
100000
100000
100000
100000
100000
100000
100000
100000
100000
100000
100000
100000
100000
100000
100000
100000
100000
100000
100000
100000
100000
100000
100000
100000
100000
100000
100000
100000
100000
100000
100000
100000
100000
100000
100000
100000
100000
100000
100000
100000
100000
100000
100000
100000
100000
100000
100000
100000
100000
100000
100000
100000
100000
100000
100000
100000
100000
100000
100000
100000
100000
100000
100000
100000
100000
100000
100000
100000
100000
100000
100000
100000
100000
100000
100000
100000
100000
100000
100000
100000
100000
100000
100000
100000
100000
100000
100000
100000
100000
100000
100000
100000
100000
100000
100000
100000
100000
100000
100000
100000
100000
100000
100000
100000
100000
100000
100000
100000
100000
100000
100000
100000
100000
100000
100000
100000
100000
100000
100000
100000
100000
100000
100000
100000
100000
100000
100000
100000
100000
100000
100000
100000
100000
100000
100000
100000
100000
100000
100000
100000
100000
100000
100000
100000
100000
100000
100000
100000
100000
100000
100000
100000
100000
100000
100000
100000
100000
100000
100000
100000
100000
100000
100000
100000
100000
100000
100000
100000
100000
100000
100000
100000
100000
100000
100000
100000
100000
100000
100000
100000
100000
100000
100000
100000
100000
100000
100000
100000
100000
100000
100000
100000
100000
100000
100000
100000
100000
100000
100000
100000
100000
100000
100000
100000
100000
100000
100000
100000
100000
100000
100000
100000
100000
100000
100000
100000
100000
100000
100000
100000
100000
100000
100000
100000
100000
100000
100000
100000
99999.9
99960.6
100778
107393
79972.1
103143
96059.5
97742
58769
22846.4
12330
25731.4
38270.9
39906.2
100031
26076.2
36284.6
54678.5
96798.1
118298
168445
254735
304391
321723
315610
322127
287869
419917
320033
100663
100004
100000
100000
100000
100000
100000
100000
100000
100000
100000
57957.9
100000
100000
100000
100000
100000
100000
100000
100000
100000
100000
100000
100000
100000
100000
100000
100000
100000
100000
100000
100000
100000
100000
100000
100000
100000
100000
100000
100000
100000
100000
100000
100000
100000
100000
100000
100000
100000
100000
100000
100000
13135.4
100000
100000
100000
100000
100000
100000
100000
100000
100000
100000
100000
99996.4
99202
106820
134727
84302.1
96578.5
97042.1
80420.9
36953.5
34149.9
45133.1
44632.4
36606.6
39881.7
33000.6
74218.5
117430
149106
228053
269390
320994
323097
315468
322601
113977
100065
100000
100000
100000
100000
100000
100000
100000
100000
100000
100000
100000
100000
100000
100000
100000
100000
100000
100000
100000
100000
100000
100000
100000
100000
100000
100000
100000
100000
100000
100000
100000
100000
100000
100000
100000
100000
100000
100000
100000
100000
100000
100000
100000
100000
100000
100000
100000
100000
99999.5
99520.1
106596
150754
82422.3
94484.4
105058
90739.4
48962.6
38041.5
40999.9
100118
218934
100281
100001
100000
100000
100000
100000
100000
100000
100000
100000
100000
100000
100000
100000
100000
100000
100000
100000
100000
100000
100000
100000
100000
100000
100000
100000
100000
100000
100000
100000
100000
100000
100000
100000
100000
100000
99994.6
99067.6
103825
85926.2
99539.4
97386.5
96511.9
68006.2
29196.1
35892.1
32905.9
100000
100000
100000
100000
100000
100000
100000
100000
100000
100000
100018
102348
100000
100000
100000
100000
100000
100000
100000
100000
100000
100000
100000
100000
100000
100000
100000
100000
100000
100000
100000
100000
100000
100000
100000
100000
100000
100000
100000
100000
100000
100000
100000
100000
100000
100000
100000
100000
100000
100000
100000
100000
100000
100000
100000
100000
100000
100000
183673
100000
100000
100000
100000
100000
100000
100000
100000
100000
100000
100000
100000
100000
99999.3
99988
101633
102782
92180.8
96033.8
101891
81569.9
60363.8
49306.8
38965.4
42773.9
100000
100000
42934
45251.3
184344
36284.6
40378.9
40077.8
100000
100193
100000
100001
100000
102059
100474
100000
100000
100000
100000
100000
100014
100003
100000
100000
100000
100000
100000
100000
100000
100000
72693.7
120473
167965
220098
221217
188731
139067
170224
138042
172196
100000
100000
100000
100000
100000
100000
100000
100000
100000
100000
42507.1
36025.7
44991.5
100000
100000
100000
100000
100000
108805
100000
100000
100000
100000
100000
100000
100000
100000
100000
100000
100000
100000
100000
100000
100000
100000
100000
100000
100000
100000
100000
100000
100000
100000
100000
100000
100000
100000
36408.1
100000
100000
100000
100000
100000
100000
100000
100000
100000
100000
100000
100000
100000
100000
100000
100000
100000
100000
100000
100000
99999.8
99999.6
97895.4
97133
110639
105348
102327
102913
89522.3
87463
58146
51424.2
100000
100000
57593.7
100000
100000
100042
100000
100000
100000
100000
100000
100000
100000
100000
100000
100000
100000
138171
91325.1
180369
222935
214651
143384
146821
100000
84984.6
76714.3
104696
100000
131133
100000
100000
48076.4
85646.2
103339
99220.6
92653.2
104313
103773
99355
99999.4
100000
100000
100000
100000
100000
100000
100000
100000
100000
100000
100000
100000
100000
100000
100000
100000
100000
100000
100000
100000
100000
100000
100000
100000
100000
100000
100000
100000
100000
95617.3
97318.5
99998.7
99999.9
100000
100000
100000
100000
100000
100000
98565.5
46174.1
100000
100000
100000
100000
100000
100000
100000
100000
100000
100000
100000
100000
100000
100000
100000
103524
100000
100000
100000
100000
100000
100000
100000
100000
100000
61998.9
100000
100000
100000
100000
100000
100000
100000
100000
100000
100000
108679
100000
85624.7
100000
100000
37280.5
100000
100000
100000
100000
100000
100000
100000
100000
100000
100000
100000
100000
100000
100000
100000
100000
100000
100000
100000
100000
100000
104483
100000
100000
100000
100000
100000
100000
100000
100000
100000
99999.9
98873.4
96002.7
98119.8
105968
44805.4
101305
103941
100000
100000
95946.7
95062.3
78518.6
100000
100000
100000
100000
100000
100000
36140
100000
100000
100000
100000
100000
100372
100000
127549
100000
100000
100000
100000
100000
100000
100000
100000
100000
100000
100000
105823
113994
101144
100000
143118
93107.9
109719
100000
100000
100000
97493.5
99643.4
100000
100000
100000
100000
100000
100000
114712
132506
133591
113531
100000
100000
100000
100002
100000
100000
100000
89761.2
83588.4
87462.2
100000
100000
49861.3
53493.6
100000
106220
100000
100000
100000
105650
100000
100000
100000
100000
100000
100000
100000
100000
100000
100000
100000
100000
100000
96027.2
100007
100000
81402.1
100000
100000
100000
102152
95679.5
100000
100000
100000
100000
100000
100000
100000
100000
100000
100000
100000
100000
100000
100000
100000
100000
100000
100000
100000
99933
100411
97950.5
40972.4
100000
96049
92332.3
98494.7
100000
57216.6
100000
100000
52303.5
42926.4
55655.2
100000
100000
100000
42004.4
39678.4
43817.2
115423
100032
100092
135955
100000
111433
106916
109961
100001
100000
100000
100000
100000
100000
96357.9
100267
99998.6
100000
74947.8
100000
100000
100000
100000
100000
100000
100000
100000
99083.7
100000
102192
100000
100000
100000
100000
100000
100000
100000
100000
100000
100001
100000
100000
100000
100000
100000
100000
100000
100000
99999.9
100000
100000
90176.6
100005
100001
100000
100000
100000
100000
100000
100000
100000
100000
100000
75617.1
100000
100657
99753
100000
99817
100000
100000
100000
100000
100000
100000
100000
100000
100000
100000
107177
100000
87408.6
100000
100000
97859.9
98360.1
100475
100000
100000
100000
100000
100000
100000
44765
100000
100000
100000
100000
100000
100000
100000
100000
99999.8
99836
99740.7
99740.5
100000
99366.2
99340.9
116213
100000
100000
100000
100000
100000
100000
100000
100000
100000
100000
100000
100000
100000
100000
100000
100000
100000
100000
131460
99999.7
99999.7
100000
100000
100000
100000
100000
100000
100000
100000
61227.9
101071
99528.3
99814.3
102546
100069
100016
100000
100000
100000
100000
100000
100000
53339.3
100000
100000
100000
100000
68106.5
100000
99850
100000
100000
100000
100000
93286
100000
100838
102373
100000
100000
100000
100000
96135.4
103867
100000
100000
100000
61643.7
100000
100000
105117
100000
100000
100202
100000
100000
100000
100000
101743
71487.1
44304.8
100000
100000
100000
100000
100000
100000
100000
101087
102287
99990.6
120911
109592
100000
96142.5
99739.4
100000
100000
100000
58706.4
100000
100000
100000
100000
100000
100000
100000
100000
100000
100000
100000
100000
100000
100000
100000
100000
100000
134380
100000
100000
100000
100000
100000
137337
86820.7
92663.4
81934.1
100000
100000
98231.4
100000
100000
100000
100000
100697
100000
101287
100000
91187.5
100000
100000
100000
100000
100000
100000
100000
100000
99305.6
100000
100000
100025
100000
109493
100300
100146
100078
100234
100000
100000
100000
100000
100000
100000
68065.3
100000
100000
100000
69340
100000
100000
100000
100000
100000
100000
100002
100819
99974.1
100000
101613
100000
97187.3
104382
100000
99995.1
99996
99998.7
100000
100000
100000
100000
100000
100000
100000
100000
100000
97848.9
51659
66815.4
49029.6
100000
100000
100000
100000
100000
100000
99999.3
100000
100000
100000
114091
100316
100184
100000
100740
100000
100000
100001
100002
121052
100000
100000
100000
100000
100000
100000
99996
99996.3
100000
100000
100000
100000
100000
100000
100000
100000
100000
100000
100000
100000
100000
100000
98991.3
100544
100000
100000
100000
100000
100001
100000
100000
100000
100000
100000
100000
100000
100000
125633
100000
100000
100000
100001
100000
100000
100000
100000
100000
100000
100000
100000
100000
100000
100014
100013
100092
100000
100000
103898
100000
100000
100000
100000
100000
100128
100000
100000
100236
100000
99999.4
100033
100013
100000
100000
98429.4
101592
79411.4
100000
100000
100000
100000
100000
100000
100000
99797.7
99658.3
100000
98480
100000
100079
100000
79970
100000
98776.8
99256.6
104235
123385
100000
100000
100000
100000
113790
105899
100815
98601.5
100000
98477.4
93641.9
100000
57398.9
100000
100000
100000
100000
100000
100000
100000
98029.7
94944.3
74258.3
100000
82592.9
100000
100000
100000
100000
100000
100000
100000
100000
100000
100000
86330.7
97937.4
100000
100000
100000
100000
100000
100000
100000
100000
100000
100893
100000
100000
100000
100178
100000
100003
100000
100000
100000
100000
100000
100000
102380
100000
100000
99825.9
100047
100024
100000
100000
100632
100000
100000
100000
100000
100000
100000
100000
100000
100000
85333.4
100000
100824
100000
100000
100000
100000
100000
100000
100000
100000
100000
99922.5
100000
100000
100066
100034
100000
100000
100000
100000
99988.1
99911.6
115369
100000
99990.2
100000
100000
100000
100000
100000
100807
101066
107979
100000
100000
100000
100000
100000
100000
100000
100000
100000
100000
116000
100205
100000
98450.1
100000
100000
100000
100000
99998.3
100000
100000
99991.5
94349.2
88011.6
98494.1
99877.2
99114.2
100718
100000
99958.2
100003
100000
102794
100826
100000
115490
100072
98319.5
99181.3
98348.8
99285.9
99962.4
99414.2
100000
100000
100000
100000
100000
100084
100053
100000
100000
100000
100001
100000
100000
100000
100000
105494
103760
100000
100000
100000
100203
100000
100000
100000
94763.6
92073
100001
100007
100000
100001
100000
100000
101016
98647.1
97885
100014
87177.8
99915.2
100010
100007
100006
102400
105411
100000
99929.2
105124
104686
106318
100055
101800
99398.4
99180.1
103640
99945.9
100000
100000
97453.1
100000
100000
100000
100000
100000
100000
100000
100000
102604
102283
99853.5
100235
100058
99988.3
99933
100003
100000
100000
99999.6
100000
100000
99226.2
100285
100000
100018
100010
97294.2
100000
99517.3
99466.6
100000
99254.4
99062.4
100001
99370.7
98430.9
100002
99990.1
100003
100002
100004
100001
100000
103038
100473
100000
100000
100000
100000
100010
98839
100868
100242
99953.5
100021
98727.4
100000
99818.5
100000
102585
98831.8
100000
99950.4
100000
99752.8
100003
99927.1
100936
100137
100810
100002
100005
100005
100035
100007
100000
99847.9
100020
99864.5
100079
100076
100065
100019
100024
100000
100006
100002
99937.9
100001
99942.3
99729.7
100001
99809.5
99262.9
99707.9
100001
100002
100083
100397
100001
100002
100020
100005
100000
100000
100000
100000
100000
100000
100000
100000
100000
100000
100000
100000
100004
100656
314873
436386
409268
371143
375292
367753
316132
213326
133453
77261.6
63912.1
50015.4
32738.6
20876.6
18493.9
12937.2
19798.6
65750.1
114013
98154.1
105330
102294
101118
88886.5
114990
97505.8
89400.8
119464
99489.1
99999.7
100000
100000
100000
100000
100000
100000
100000
100000
100000
100000
100000
100000
100000
100000
100000
100000
100000
100000
100000
100000
100000
100000
100000
100000
100000
100000
100000
100000
100000
100000
100000
100000
100000
100000
100000
100000
100000
100000
100000
100000
100000
100000
103879
100000
100000
100000
100000
100000
100000
100000
100000
100000
100000
100000
100000
22272.2
100000
100000
100000
100000
100000
100000
100059
114947
100001
365984
376279
376068
333523
222029
153214
103012
70361.4
60578
41973.8
27441.2
20350.4
60611.5
106991
99210.9
105313
100967
97185.2
80733.4
95338.4
108379
100224
103632
99683.4
100000
100000
100000
100000
100000
100000
100000
100000
100000
100000
100000
100000
100000
100000
100000
100000
100000
100000
100000
100000
100000
100000
100000
100000
100000
100000
100000
100000
100000
100000
100000
100000
100000
100000
100000
100000
100000
100000
100000
100000
100000
100000
100000
235220
100000
100000
100000
100000
100000
100000
100000
100015
102368
64869.9
107903
102723
101569
106112
86262.1
117618
108710
89720
122264
99460.7
100000
100000
100000
100000
100000
100000
100000
100000
100000
100000
100000
100000
100000
100000
100000
100000
100000
100000
100000
100000
100000
100000
100000
100000
100000
100000
100000
100000
100000
100000
100000
100000
100000
100000
100000
100000
100000
100000
100000
100000
100000
100000
100000
100000
100000
100000
100000
100000
100000
100000
100000
100000
100000
100000
100000
100000
100000
100000
100000
100000
100000
100000
100000
100000
100000
100000
100000
100000
100000
100230
100000
100000
100000
100000
99985.5
99582.2
112696
89997
95956.7
82323.1
109352
99930
104394
98305.6
102328
61530
94197.5
100000
100000
100000
100000
100180
100000
100000
100000
206522
100000
100000
100000
100000
100000
100000
100000
100000
100000
100000
100012
100040
188739
102106
100000
100000
100000
29589.5
100000
100001
100000
100003
100000
100000
100000
127717
100000
78626
88082.8
57070.4
86034
81718.5
96097.3
94775.8
77212.4
94187.1
101035
109724
90265.1
102953
98077.8
97319.5
94430.4
98147.3
101389
96366.8
97353.1
93520.8
99371.4
100819
99970.4
105247
100702
97468
99354.8
103063
105064
99996.9
98616.1
98894.8
100000
100000
99141.1
99945.1
100000
100000
100000
100000
100000
100000
100000
100000
100000
100000
100000
100000
100000
100000
100000
100000
100000
100000
100000
100000
100000
100000
100000
100000
100000
100000
100000
100000
100000
100000
100000
100000
100000
100000
100000
100000
100000
100000
100000
100000
100000
100000
100000
100000
100000
100000
100000
100000
100000
100000
100000
100000
100000
210591
100000
157569
174518
107804
88745.9
74287.3
64819.2
42578.2
34780.9
33199.1
34551.4
36213.4
67569.6
66949.1
100000
100000
100000
100000
100000
100000
100000
100000
100000
113705
110880
100000
100000
100000
60102.4
100000
100000
100000
99009.2
100000
100000
109519
100992
95603.3
100000
100000
100000
100000
100501
118922
100000
100000
99999.8
47244.6
98442.2
100000
95397.5
100000
100000
100000
100000
100000
100000
100000
100000
100000
100000
100000
100000
100000
100000
100000
100000
100000
100000
100000
100000
100000
100000
100000
100000
100000
100000
100000
100000
100000
100000
100000
100000
100000
100000
100000
100000
82367
99928.3
69326.3
137388
175325
100000
100000
123248
68595.8
55354.1
38968.5
100000
100000
100000
100000
100000
100000
100000
100000
100000
100000
100000
100000
100000
100000
100000
100000
100000
100000
100000
100000
100000
100000
100000
100000
100000
100000
100000
100000
100000
100000
100000
100000
100000
100000
100000
100000
100000
100000
100000
100000
100000
100000
100000
100000
100000
100000
100000
100000
100000
100000
100000
100000
100000
100000
100000
100000
100000
58566.8
100000
99056.1
97348.6
100000
100000
100000
88166.4
100000
100034
100000
100000
100000
105103
128313
97740.5
100000
100000
45014.6
38708
55645.4
98453.3
100000
99999.3
100000
100000
100000
100000
100000
100000
100000
100000
99438.6
99986.3
100000
100000
100000
100000
100000
100000
100000
100000
100000
100000
100000
100000
105959
178490
100417
100115
101364
100000
100000
100000
106386
100000
100000
100000
100000
100000
100000
100000
100000
100000
100000
100000
100000
100000
100000
100000
100000
100000
100000
100000
100000
100000
100000
100000
100000
100000
100000
100000
100000
100000
100000
100000
100000
100000
100000
100000
100000
100000
100000
100000
100000
100000
100000
100000
100000
100000
120797
182282
180094
166798
100000
100000
100000
100000
99725.7
99059.4
66917
73680.1
100000
100000
44894.8
65342.7
100000
100000
102533
99095.2
99893.6
100678
100000
103135
101096
102430
100000
100000
100000
100000
100000
41858.7
105839
100000
100000
100000
100000
100000
100935
100000
100000
100000
100000
100000
100000
97083.4
100000
79826
76453.2
105957
101379
100000
100000
100000
100002
100008
100000
125365
97244.7
100075
100438
86675.7
96398.6
99359.3
96863.3
94359.3
98207.4
98713.8
158061
100000
65482.6
91684.4
98252.6
100000
100000
100000
100000
100000
100000
100000
100000
98379.3
100000
100000
100000
172593
100000
100000
100000
100000
100000
100000
100000
100000
100000
100000
95827.5
100000
100000
100000
100000
100000
100000
100000
100000
100000
100000
100000
100000
57323.8
100000
100000
100000
100000
100000
100000
123882
89383.1
100000
100000
100000
100000
100000
100000
100000
100000
100000
100000
100000
100000
100000
100000
100000
100000
100000
100000
100000
100000
100000
100000
99998.5
100000
100000
100000
100000
100869
100000
100000
100000
99987.6
99999.8
100000
91967.6
100000
100000
100000
99998.6
99980
100000
99898.7
100000
100000
87982.4
100145
100000
98546.5
100779
100000
72649.2
100000
100000
132348
100000
100000
100000
100000
99862
100000
100000
100000
100000
100000
107406
100000
100000
100000
100000
100000
100000
100000
100000
54503
56955.9
98827.2
100000
100000
100000
100000
100000
99999.1
100000
160143
100000
100000
100000
100000
100000
100000
100000
100000
60566.3
100000
100000
100000
100000
100000
100000
99999.8
99999.8
100000
100000
100000
100000
100000
100512
85539.2
100000
100000
100000
100000
155237
99052.3
99395.5
101035
75747.3
100000
100000
101735
100000
100000
99990.9
100323
98480.1
99605.5
100000
100000
100000
100000
143808
108095
143049
100000
100000
100000
100000
74673.2
89863
100712
100602
100000
100000
100000
100000
76051
100000
100007
157839
100000
100000
100000
99910.1
59272.4
100000
72834.6
100000
100000
96986.2
100000
100000
100000
100000
100000
100000
100000
100000
100000
100000
100000
100000
100000
99696.1
98252
100000
100000
100001
100000
98331.3
98870.4
100000
100000
100000
69755.8
100000
100000
139256
101333
97138.1
100000
100000
100000
98842.6
100000
100000
100093
100023
100294
100000
100000
100000
100000
101808
100000
100000
100000
100000
100000
100000
100000
100000
100000
100000
100000
100000
100000
100000
100000
100000
100000
99999.1
100000
100000
100000
100000
100000
100000
110272
100000
100000
100000
100000
100000
100000
100000
100000
100000
100000
100000
100000
100000
100000
100000
100000
100000
100000
100000
100000
100001
99999.9
147342
100000
100000
100000
72763.6
79308.6
82854.4
100000
100000
100000
100539
100000
99985.3
101443
100000
100000
100000
100001
100000
99892.1
100000
100000
100000
100000
100000
75775.4
101378
100719
85007.4
83406.4
67958.2
83658.8
100000
100000
100000
100000
99984
100000
100101
100000
100000
99317.3
100000
100000
100000
100000
100000
100000
105189
79824
83769.8
78139.2
100003
100000
100000
100000
100000
100000
100000
100000
100000
99989.8
100000
100000
100000
99956.7
99866.9
100000
100000
99999.7
99999.8
100000
100000
81828.2
100551
74470
100000
100000
100000
100000
100000
99959.7
99884.6
99960.6
98972.1
101019
100000
100000
100000
100000
100000
100000
100000
100000
100000
100000
100000
100000
100000
100000
100000
100000
100000
100000
100000
100001
100002
100000
98907.7
99781.9
100002
100003
100000
100000
100000
100000
99989.8
99986
99960.3
100984
100000
100000
100000
100000
112502
100000
136039
132642
99501.2
100165
99115.2
98773.6
100000
100000
100000
100000
99977
99996.6
100000
100541
100000
100003
100000
99996.1
98911
100000
100000
100000
100000
100000
100019
100000
100000
100000
100000
101481
100243
100000
100000
100001
100000
99953.9
100000
100058
100000
100000
100000
100000
100000
100000
100891
100546
100000
100000
100000
100000
100000
100000
100000
100000
100000
100000
100000
100000
100000
100000
100000
100000
100000
99595.4
100000
100000
101996
100000
100002
100006
102945
99635.4
111154
100000
100171
100172
100000
100000
100000
100000
100000
100000
100000
100000
100000
100000
106656
101792
99927.5
100000
100000
100000
100000
100000
99938.1
100004
100000
100063
100000
102005
100000
100000
100000
100000
100000
100000
100001
100000
102258
100386
99993.3
100214
98984.7
100000
100001
99999.2
100000
100000
100000
100000
105404
100000
99999.4
100000
100000
99565.3
100000
99555.8
100000
99934.2
100000
100000
100000
100000
100000
100000
100000
100000
100000
100000
100185
100008
100000
100000
99989.8
99947
99994.4
100000
100000
100000
100000
100000
99823.9
99979.2
100000
100000
100000
100008
100000
100000
100000
100005
100000
100000
112038
100000
100000
100000
100000
100000
100000
99786.4
99782.5
100000
100465
100000
100054
100000
100482
99811.2
99463.7
100000
100000
103176
99635.2
127515
124055
99611.7
100000
99810.5
99995.4
100000
100000
100000
100479
100000
100188
100000
100403
101254
101344
101810
100000
83625.4
100018
85088.6
85990.5
106977
109765
100000
79150.1
100006
100052
100018
100056
100000
100000
100000
100000
100000
100000
105064
90504.6
100001
100003
100000
99997.2
100000
100000
102473
99796.2
100000
100000
100000
100000
100000
100000
100084
113977
100000
107227
102321
100000
115311
100000
120393
118465
100000
99574.1
100000
100000
100000
105219
110104
100000
99220.6
100000
100763
101716
100003
98856.4
100131
99630
100000
99998.6
101466
100000
100010
99829.1
100027
100010
100031
99336.4
100077
100000
100000
100000
102243
99628.5
100044
100001
100000
109726
113664
99188.9
105416
99541.7
116164
100000
100000
100000
100088
100873
99790.1
99993.7
100000
107484
102719
104528
100941
99555.7
100000
99995
100005
100001
100000
100002
100000
99991.3
100000
99949.5
99892.2
99976.6
100000
100027
100001
101145
101856
108070
99718
99998.7
99990.9
99999.7
100203
100000
100021
100000
100000
100000
99999.6
100001
100000
100000
100002
99538.1
100000
100000
100125
100003
100000
100004
100016
100002
101266
100527
100031
99984.3
100331
103647
100006
99857.5
99994.8
99932.2
100000
100002
100000
100002
99941.6
100003
99880.9
100015
100191
100359
101299
99996.4
100002
100662
100253
100870
99997.8
102481
100005
100000
100015
100000
100041
100005
100029
100101
)
;

boundaryField
{
    bullet
    {
        type            zeroGradient;
    }
    topWall
    {
        type            zeroGradient;
    }
    bottomWall
    {
        type            zeroGradient;
    }
    inlet
    {
        type            fixedValue;
        value           uniform 100000;
    }
    outlet
    {
        type            waveTransmissive;
        gamma           1.3;
        fieldInf        100000;
        lInf            1;
        value           nonuniform List<scalar> 
30
(
100000
100000
100000
100000
100000
100000
100000
100000
100000
100000
100000
100000
100000
100000
100000
100000
100000
100000
100000
100000
100000
100000
100000
100000
100000
100000
100000
100000
100000
100000
)
;
    }
    defaultFaces
    {
        type            empty;
    }
}


// ************************************************************************* //
