/*--------------------------------*- C++ -*----------------------------------*\
  =========                 |
  \\      /  F ield         | OpenFOAM: The Open Source CFD Toolbox
   \\    /   O peration     | Website:  https://openfoam.org
    \\  /    A nd           | Version:  6
     \\/     M anipulation  |
\*---------------------------------------------------------------------------*/
FoamFile
{
    version     2.0;
    format      ascii;
    class       surfaceScalarField;
    location    "0.0004";
    object      phi;
}
// * * * * * * * * * * * * * * * * * * * * * * * * * * * * * * * * * * * * * //

dimensions      [1 0 -1 0 0 0 0];

internalField   nonuniform List<scalar> 
5786
(
0.150621
-3.30291e-15
0.150621
-2.41474e-15
0.150621
-3.85803e-15
0.150621
-4.02456e-15
0.150621
1.80411e-15
0.150621
3.85803e-15
0.150621
3.85803e-15
0.150621
3.46945e-15
0.150621
8.32667e-17
0.150621
-2.47025e-15
0.150621
-4.21885e-15
0.150621
-2.85882e-15
0.150621
-5.93969e-15
0.150621
-5.63438e-15
0.150621
-3.30291e-15
0.150621
-1.32117e-14
0.150621
-1.09079e-14
0.150621
8.27116e-14
0.150621
1.0128e-13
0.150621
4.50195e-14
0.150621
6.63358e-15
0.150621
7.99361e-15
0.150621
1.40443e-14
0.150621
4.77396e-15
0.150621
-2.13995e-14
0.150621
-1.34337e-14
0.150621
1.25733e-14
0.150621
8.43769e-15
0.150621
5.52336e-15
0.150621
-1.36002e-14
0.150621
-2.41751e-14
0.150621
-9.38138e-15
0.150621
2.17049e-14
0.150621
1.16157e-13
0.150621
3.67539e-13
0.150621
1.02918e-12
0.150621
2.86327e-12
0.150621
8.12289e-12
0.150621
2.30074e-11
0.150621
6.31144e-11
0.150621
1.70089e-10
0.150621
4.475e-10
0.150621
1.11954e-09
0.150621
2.72671e-09
0.150621
6.43456e-09
0.150621
1.49312e-08
0.150621
3.27197e-08
0.150621
6.45524e-08
0.150621
9.55707e-08
1.53859e-07
0.150621
-2.72005e-15
0.150621
-2.30371e-15
0.150621
-3.52496e-15
0.150621
-7.63278e-15
0.150621
-1.11022e-16
0.150621
1.44329e-15
0.150621
6.41154e-15
0.150621
3.05311e-15
0.150621
1.58207e-15
0.150621
-2.30371e-15
0.150621
-3.38618e-15
0.150621
-6.77236e-15
0.150621
-1.10745e-14
0.150621
-8.77076e-15
0.150621
-9.07607e-15
0.150621
-2.87548e-14
0.150621
-3.76088e-14
0.150621
7.53841e-14
0.150621
1.24789e-13
0.150621
5.14588e-14
0.150621
6.16174e-15
0.150621
9.27036e-15
0.150621
2.04003e-14
0.150621
1.11022e-14
0.150621
-3.22242e-14
0.150621
-2.226e-14
0.150621
1.39611e-14
0.150621
3.91354e-15
0.150621
9.74221e-15
0.150621
-7.93809e-15
0.150621
-2.57572e-14
0.150621
-1.42386e-14
0.150621
2.53686e-14
0.150621
1.29813e-13
0.150621
3.89827e-13
0.150621
1.05421e-12
0.150621
2.85275e-12
0.150621
7.98017e-12
0.150621
2.26588e-11
0.150621
6.17682e-11
0.150621
1.67417e-10
0.150621
4.46439e-10
0.150621
1.1157e-09
0.150621
2.72699e-09
0.150621
6.48805e-09
0.150621
1.53389e-08
0.150621
3.39545e-08
0.150621
6.4015e-08
0.150621
9.46427e-08
1.5103e-07
0.150621
-3.91354e-15
0.150621
-2.94209e-15
0.150621
-4.94049e-15
0.150621
-6.57807e-15
0.150621
1.52656e-15
0.150621
4.82947e-15
0.150621
3.21965e-15
0.150621
3.4972e-15
0.150621
-1.30451e-15
0.150621
-2.22045e-16
0.150621
-2.58127e-15
0.150621
-5.77316e-15
0.150621
-1.21014e-14
0.150621
-1.62093e-14
0.150621
-8.90954e-15
0.150621
-4.8711e-14
0.150621
-8.61533e-14
0.150621
6.80012e-15
0.150621
1.26982e-13
0.150621
5.97855e-14
0.150621
6.16174e-15
0.150621
1.02696e-14
0.150621
2.56462e-14
0.150621
1.92346e-14
0.150621
-3.43059e-14
0.150621
-3.44169e-14
0.150621
1.23512e-14
0.150621
4.996e-16
0.150621
1.29341e-14
0.150621
-9.4369e-16
0.150621
-3.55271e-14
0.150621
-1.53766e-14
0.150621
2.78388e-14
0.150621
1.42081e-13
0.150621
4.15196e-13
0.150621
1.08832e-12
0.150621
2.84253e-12
0.150621
7.8407e-12
0.150621
2.24223e-11
0.150621
6.0492e-11
0.150621
1.65077e-10
0.150621
4.47106e-10
0.150621
1.11499e-09
0.150621
2.73378e-09
0.150621
6.57344e-09
0.150621
1.57942e-08
0.150621
3.50932e-08
0.150621
6.35319e-08
0.150621
9.51462e-08
1.46162e-07
0.150621
-9.15934e-16
0.150621
-3.13638e-15
0.150621
-2.69229e-15
0.150621
-6.7446e-15
0.150621
-2.96985e-15
0.150621
5.44009e-15
0.150621
9.10383e-15
0.150621
3.46945e-15
0.150621
-1.36002e-15
0.150621
2.59612e-32
0.150621
-2.33147e-15
0.150621
-8.82627e-15
0.150621
-1.54321e-14
0.150621
-2.70617e-14
0.150621
-1.90403e-14
0.150621
-7.23865e-14
0.150621
-1.83409e-13
0.150621
-1.67644e-13
0.150621
8.34888e-14
0.150621
6.10345e-14
0.150621
3.94129e-15
0.150621
9.57567e-15
0.150621
3.43059e-14
0.150621
2.85882e-14
0.150621
-3.9857e-14
0.150621
-4.75731e-14
0.150621
7.27196e-15
0.150621
5.77316e-15
0.150621
6.55032e-15
0.150621
3.16414e-15
0.150621
-3.87468e-14
0.150621
-2.226e-14
0.150621
2.86715e-14
0.150621
1.47493e-13
0.150621
4.34347e-13
0.150621
1.12924e-12
0.150621
2.8556e-12
0.150621
7.69362e-12
0.150621
2.22793e-11
0.150621
5.92859e-11
0.150621
1.63055e-10
0.150621
4.49294e-10
0.150621
1.1172e-09
0.150621
2.74705e-09
0.150621
6.68627e-09
0.150621
1.62822e-08
0.150621
3.61253e-08
0.150621
6.29574e-08
0.150621
9.66028e-08
1.39855e-07
0.150621
-4.69181e-16
0.150621
-3.64693e-16
0.150621
-1.01238e-15
0.150621
-5.00986e-15
0.150621
-9.33285e-16
0.150621
6.415e-15
0.150621
3.89274e-15
0.150621
7.79238e-15
0.150621
3.18835e-15
0.150621
-3.89962e-15
0.150621
-1.15193e-15
0.150621
-9.28772e-15
0.150621
-1.7462e-14
0.150621
-4.22824e-14
0.150621
-1.81007e-14
0.150621
-1.16338e-13
0.150621
-3.35212e-13
0.150621
-6.94322e-13
0.150621
-2.90712e-14
0.150621
4.03335e-14
0.150621
-3.23792e-16
0.150621
5.90142e-15
0.150621
4.06527e-14
0.150621
5.32372e-14
0.150621
-3.13453e-14
0.150621
-5.83905e-14
0.150621
-3.51586e-15
0.150621
1.84074e-14
0.150621
-6.7654e-15
0.150621
2.05061e-14
0.150621
-4.42761e-14
0.150621
-2.47525e-14
0.150621
2.23223e-14
0.150621
1.29666e-13
0.150621
4.03155e-13
0.150621
1.0422e-12
0.150621
2.41962e-12
0.150621
6.28117e-12
0.150621
2.00463e-11
0.150621
5.09696e-11
0.150621
1.4607e-10
0.150621
4.31958e-10
0.150621
1.06049e-09
0.150621
2.68046e-09
0.150621
6.73711e-09
0.150621
1.69902e-08
0.150621
3.69071e-08
0.150621
6.227e-08
0.150621
9.82627e-08
1.3231e-07
0.053693
-0.0270151
-0.0221449
-0.00322705
0.0712652
-0.106835
0.126418
-0.0819902
-0.0425058
-0.173831
0.0551931
-0.273372
0.234693
-0.204639
0.0148609
-0.268638
-8.47499e-05
-0.358206
0.00829552
-0.421054
0.0475763
-0.467097
0.0589947
-0.289026
-0.167127
-0.0188971
-0.28473
0.0499561
-0.113079
0.0120558
0.00409793
0.142308
-0.16058
-0.0132583
-0.151345
0.392782
-0.0576904
0.0451174
-0.0476349
-0.0777516
-0.0599331
0.0542011
-0.250296
0.55824
-0.224041
0.0458971
-0.284581
-0.0490785
-0.499486
0.184202
-0.706752
0.230991
-0.53964
-0.104801
-0.235858
-0.474602
0.307293
-0.881366
0.0238642
0.123309
0.0445435
-0.0543742
-0.00333838
-0.171896
-0.0106514
-0.0350441
0.453225
-0.00328189
0.0142919
-0.115284
0.00184247
-0.19555
0.159161
-0.211009
0.659877
-0.219929
0.096588
-0.436934
0.0902588
-0.649677
0.362107
-0.574589
0.145574
-0.444704
-0.225585
-0.269421
-0.652216
-0.0072715
-1.17076
0.0207689
0.0588234
0.0943295
-0.0751974
-0.00369965
-0.156354
-0.0161467
-0.02359
0.456103
-0.00531701
-0.00661923
-0.196536
0.142256
-0.353273
0.293758
-0.254605
0.548751
-0.255593
0.19992
-0.377193
0.159149
-0.434599
0.379467
-0.424475
0.125539
-0.385233
-0.257837
-0.294478
-0.745406
0.00135354
-1.46647
0.0357384
0.0328147
0.148936
-0.0663465
-0.0797914
-0.0217645
-0.043911
-0.0193976
0.389419
-0.0163756
0.00179856
-0.184293
0.281271
-0.286405
0.483197
-0.259463
0.441438
-0.261906
0.328807
-0.308184
0.153014
-0.336632
0.348475
-0.353668
0.131806
-0.339653
-0.279861
-0.324854
-0.765476
-0.0109111
-1.76535
0.075312
-0.00824917
-0.0775089
0.241947
-0.106179
0.0453126
-0.109668
0.00617017
0.441384
-0.628848
0.814883
-0.425878
0.639868
0.145476
0.423942
0.135635
0.243754
0.153575
0.188728
0.0139665
0.19426
-0.00607431
0.301037
0.0554282
0.0382007
0.187657
0.0159439
0.0166261
-0.00972433
0.0263492
-0.0123269
0.00597176
-0.0267518
-0.162951
0.124716
-0.0254266
-0.111666
0.364918
-1.04669
0.687053
-0.776696
0.908857
-0.0895377
0.588104
0.45146
0.328552
0.319005
0.195309
0.0752088
0.243174
-0.0871397
0.252275
0.219448
0.0453478
0.294866
0.045594
0.0387462
-0.000702046
0.0698328
0.00412238
-0.00145844
-0.0244087
-0.144175
0.169185
0.00484497
-0.241803
0.321564
-1.35639
0.500519
-0.965803
0.638817
-0.2461
0.729795
0.330047
0.430387
0.576688
0.259243
0.206347
0.167189
0.0103263
0.282089
0.290859
0.0754553
0.350032
0.073197
0.0627078
0.0288574
0.107648
-0.00124468
-0.00403596
-0.01706
-0.150795
0.233599
0.0217966
-0.388433
0.265548
-1.57943
0.364259
-1.0519
0.445303
-0.350521
0.406596
0.315924
0.361035
0.584818
0.276383
0.274758
0.198921
0.11756
0.232032
0.406902
0.129302
0.356903
0.0741826
0.133437
0.0430561
0.121388
-0.00284412
0.0284019
-0.0241782
-0.220483
0.361329
0.051649
-0.627672
0.269046
-1.77429
0.357664
-1.11607
0.451895
-0.481014
0.374334
0.318705
0.309088
0.571647
0.278152
0.282424
0.159456
0.253158
0.21653
0.371799
0.162029
0.375659
0.102842
0.204632
0.0384997
0.159779
0.0605189
-0.0106806
0.0334646
-0.150621
1.40508e-07
-0.150621
1.24456e-07
-0.150621
1.1561e-07
-0.150621
5.73166e-08
-0.150621
2.61639e-08
-0.150621
1.07693e-08
-0.150621
4.44627e-09
-0.150621
1.72262e-09
-0.150621
6.56772e-10
-0.150621
2.44015e-10
-0.150621
8.94539e-11
-0.150621
3.21011e-11
-0.150621
1.13077e-11
-0.150621
3.86058e-12
-0.150621
1.29874e-12
-0.150621
4.5372e-13
-0.150621
1.60122e-13
-0.150621
5.32629e-14
-0.150621
7.57727e-15
-0.150621
-8.54872e-15
-0.150621
-1.41553e-14
-0.150621
-1.20737e-14
-0.150621
-7.38298e-15
-0.150621
-1.20737e-14
-0.150621
-1.33504e-14
-0.150621
-1.05194e-14
-0.150621
7.77156e-16
-0.150621
3.63598e-15
-0.150621
3.19189e-15
-0.150621
-9.65894e-15
-0.150621
-7.5856e-14
-0.150621
-5.41095e-13
-0.150621
-1.42614e-12
-0.150621
-1.31292e-12
-0.150621
-8.21787e-13
-0.150621
-1.85851e-13
-0.150621
-2.09277e-14
-0.150621
3.69149e-15
-0.150621
1.67921e-14
-0.150621
1.75138e-14
-0.150621
1.113e-14
-0.150621
-3.58047e-15
-0.150621
-9.35363e-15
-0.150621
-1.00198e-14
-0.150621
-9.4369e-15
-0.150621
-7.54952e-15
-0.150621
-5.46785e-15
-0.150621
-6.91114e-15
-0.150621
-1.09357e-14
-4.88498e-15
-0.150621
1.46344e-07
-0.150621
1.23037e-07
-0.150621
1.13684e-07
-0.150621
5.90524e-08
-0.150621
2.69366e-08
-0.150621
1.07941e-08
-0.150621
4.44573e-09
-0.150621
1.69018e-09
-0.150621
6.39366e-10
-0.150621
2.35652e-10
-0.150621
8.64337e-11
-0.150621
3.10021e-11
-0.150621
1.09729e-11
-0.150621
3.75724e-12
-0.150621
1.27659e-12
-0.150621
4.58356e-13
-0.150621
1.64618e-13
-0.150621
5.8259e-14
-0.150621
6.80012e-15
-0.150621
-7.93809e-15
-0.150621
-1.52656e-14
-0.150621
-4.57967e-15
-0.150621
-1.01308e-14
-0.150621
-1.34059e-14
-0.150621
-1.65423e-14
-0.150621
-9.07607e-15
-0.150621
4.13558e-15
-0.150621
9.29812e-15
-0.150621
6.30052e-15
-0.150621
-8.38218e-15
-0.150621
-1.08025e-13
-0.150621
-8.67223e-13
-0.150621
-2.48457e-12
-0.150621
-2.03909e-12
-0.150621
-1.28436e-12
-0.150621
-2.74253e-13
-0.150621
-1.61537e-14
-0.150621
1.45717e-14
-0.150621
2.63123e-14
-0.150621
2.52021e-14
-0.150621
5.30131e-15
-0.150621
-7.43849e-15
-0.150621
-9.88098e-15
-0.150621
-1.11022e-14
-0.150621
-1.04361e-14
-0.150621
-1.01585e-14
-0.150621
-7.57727e-15
-0.150621
-1.22957e-14
-0.150621
-6.7446e-15
-5.82867e-16
-0.150621
1.49284e-07
-0.150621
1.23954e-07
-0.150621
1.11829e-07
-0.150621
6.10763e-08
-0.150621
2.77102e-08
-0.150621
1.08719e-08
-0.150621
4.44941e-09
-0.150621
1.65978e-09
-0.150621
6.22477e-10
-0.150621
2.27544e-10
-0.150621
8.36334e-11
-0.150621
2.99452e-11
-0.150621
1.06436e-11
-0.150621
3.66199e-12
-0.150621
1.26027e-12
-0.150621
4.64184e-13
-0.150621
1.70003e-13
-0.150621
5.99243e-14
-0.150621
1.47105e-15
-0.150621
-1.27398e-14
-0.150621
-1.62093e-14
-0.150621
-6.41154e-15
-0.150621
-1.2601e-14
-0.150621
-2.03171e-14
-0.150621
-1.84297e-14
-0.150621
-4.996e-16
-0.150621
9.02056e-15
-0.150621
1.31561e-14
-0.150621
5.68989e-15
-0.150621
-1.5099e-14
-0.150621
-1.53572e-13
-0.150621
-1.37099e-12
-0.150621
-4.35935e-12
-0.150621
-3.09913e-12
-0.150621
-1.97325e-12
-0.150621
-4.09173e-13
-0.150621
-3.02536e-15
-0.150621
2.89768e-14
-0.150621
4.02178e-14
-0.150621
2.7478e-14
-0.150621
-1.83187e-15
-0.150621
-1.18516e-14
-0.150621
-1.1019e-14
-0.150621
-1.19627e-14
-0.150621
-8.40994e-15
-0.150621
-9.29812e-15
-0.150621
-5.96745e-15
-0.150621
-8.79852e-15
-0.150621
-8.82627e-15
-1.88738e-15
-0.150621
1.52274e-07
-0.150621
1.25256e-07
-0.150621
1.0967e-07
-0.150621
6.34177e-08
-0.150621
2.85139e-08
-0.150621
1.09991e-08
-0.150621
4.45986e-09
-0.150621
1.63143e-09
-0.150621
6.05635e-10
-0.150621
2.19552e-10
-0.150621
8.0999e-11
-0.150621
2.89094e-11
-0.150621
1.02861e-11
-0.150621
3.58247e-12
-0.150621
1.26013e-12
-0.150621
4.72761e-13
-0.150621
1.79134e-13
-0.150621
6.5864e-14
-0.150621
7.77156e-16
-0.150621
-1.67366e-14
-0.150621
-1.3628e-14
-0.150621
-5.80092e-15
-0.150621
-1.74305e-14
-0.150621
-2.22045e-14
-0.150621
-2.21212e-14
-0.150621
-1.69309e-15
-0.150621
1.50713e-14
-0.150621
1.74027e-14
-0.150621
8.77076e-15
-0.150621
-1.84852e-14
-0.150621
-2.27457e-13
-0.150621
-2.13504e-12
-0.150621
-7.67608e-12
-0.150621
-4.65172e-12
-0.150621
-2.97387e-12
-0.150621
-6.13232e-13
-0.150621
2.45637e-14
-0.150621
4.62408e-14
-0.150621
5.14588e-14
-0.150621
2.38143e-14
-0.150621
1.69309e-15
-0.150621
-6.32827e-15
-0.150621
-1.42109e-14
-0.150621
-1.49325e-14
-0.150621
-9.9365e-15
-0.150621
-1.07414e-14
-0.150621
-9.07607e-15
-0.150621
-8.10463e-15
-0.150621
-9.9365e-15
-3.46945e-15
-0.150621
1.56516e-07
-0.150621
1.25449e-07
-0.150621
1.07389e-07
-0.150621
6.62704e-08
-0.150621
2.9705e-08
-0.150621
1.09394e-08
-0.150621
4.31076e-09
-0.150621
1.47405e-09
-0.150621
5.30693e-10
-0.150621
1.84655e-10
-0.150621
6.85295e-11
-0.150621
2.36302e-11
-0.150621
8.21482e-12
-0.150621
2.88218e-12
-0.150621
1.04971e-12
-0.150621
4.09391e-13
-0.150621
1.77112e-13
-0.150621
6.20839e-14
-0.150621
-7.74007e-15
-0.150621
-2.4106e-14
-0.150621
-1.56139e-14
-0.150621
-1.32226e-15
-0.150621
-1.98004e-14
-0.150621
-2.80746e-14
-0.150621
-2.29602e-14
-0.150621
6.42043e-15
-0.150621
2.07229e-14
-0.150621
1.95208e-14
-0.150621
8.96813e-15
-0.150621
-3.0371e-14
-0.150621
-3.27554e-13
-0.150621
-2.77234e-12
-0.150621
-1.43898e-11
-0.150621
-6.97817e-12
-0.150621
-4.58006e-12
-0.150621
-9.22026e-13
-0.150621
1.26089e-13
-0.150621
8.42576e-14
-0.150621
6.30376e-14
-0.150621
2.29679e-14
-0.150621
-3.42782e-15
-0.150621
-8.87161e-15
-0.150621
-1.68582e-14
-0.150621
-1.46861e-14
-0.150621
-8.40292e-15
-0.150621
-8.70094e-15
-0.150621
-4.29522e-15
-0.150621
-7.34477e-15
-0.150621
-7.17017e-15
-1.94319e-15
7.45574
3.19189e-16
2.5894
4.86634
4.06428
3.39146
4.04997
3.40577
3.91886
3.53688
7.45574
-6.35726
6.35726
6.39537
-6.39537
-6.50148
6.50148
-6.58921
6.58921
6.53891
-6.53891
6.51654
-6.51654
6.50645
-6.50645
6.5301
-6.5301
6.67243
-6.67243
6.74255
-6.74255
6.73524
-6.73524
6.7262
-6.7262
6.71679
-6.71679
6.71046
-6.71046
6.70926
-6.70926
6.71197
-6.71197
6.71943
-6.71943
6.72515
-6.72515
6.71754
-6.71754
6.70519
-6.70519
6.69427
-6.69427
6.63561
-6.63561
6.4654
-6.4654
6.61362
-6.61362
-7.45574
-2.522
-4.93374
-4.08574
-3.36999
-3.96449
-3.49124
-4.1353
-3.32044
-7.45574
-1.99092e-07
6.66983
-6.66983
-1.01566e-07
6.79068
-6.79068
-8.2553e-09
-6.64684
6.64684
-4.42284e-11
-6.69619
6.69619
-8.11328e-14
-6.70645
6.70645
1.09603e-13
-6.70564
6.70564
-6.74261e-14
-6.69664
6.69664
-8.26265e-15
-6.69532
6.69532
-1.68008e-14
-6.70649
6.70649
5.88748e-14
-6.71027
6.71027
-1.33456e-13
-6.70933
6.70933
-5.91821e-10
-6.7033
6.70327
0.000201676
-6.64883
6.69742
0.002272
-8.42072
6.26693
-0.31544
-24.777
8.48955
0.0408883
-2.38164
2.03096
0.0813214
-6.65003
7.96799
-0.0740252
-5.59264
5.06603
-0.0306676
-3.24589
3.62219
-0.331332
-0.208784
0.210471
0.506594
-0.0561779
0.151527
0.0512386
-0.444154
0.0375711
0.0768594
-0.478041
0.0966876
0.140764
0.0972698
-0.0701796
-0.488239
2.06749
1.26599
-3.33348
0.716207
-0.564495
-0.886057
1.07812
1.4702
-1.09283
1.97831
-1.77987
2.0226
-1.45632
1.85285
-1.92817
2.92506
-2.73134
3.27298
-3.12771
2.00178
-2.35775
1.44058
-2.22772
1.62961
-3.30438
0.0182695
0.237564
0.0285602
-0.0835957
-0.125332
-0.445557
0.322559
-1.44566
1.44681
-0.00030622
-1.81253
1.81253
2.75383e-06
2.28517
-2.28517
-3.28557e-08
2.80432
-2.80432
-7.68553e-11
-3.55054
3.55054
6.9048e-13
-4.50692
4.50692
6.33013e-14
-5.72963
5.72963
2.49041e-14
-6.53303
6.53303
-5.41003e-16
1.09848
-9.97773
-0.785901
-0.0197348
-4.11511
6.70451
3.34062
7.4049
4.06631
3.38942
7.45777
7.43939
3.40908
4.04666
3.07862
4.37712
6.64291
-6.64291
6.38768
-6.38768
6.57634
-6.57634
-6.56587
6.56587
-6.52339
6.52339
-6.5139
6.5139
-6.50329
6.50329
-6.59554
6.59554
-6.72297
6.72297
-6.74563
6.74563
-6.73434
6.73434
-6.72221
6.72221
-6.71845
6.71845
-6.71287
6.71287
-6.71174
6.71174
-6.72131
6.72131
-6.72169
6.72169
-6.71732
6.71732
-6.71265
6.71265
-6.70677
6.70677
-6.67597
6.67597
-6.55698
6.55698
-6.4767
6.4767
-0.0128781
-6.19075
6.19075
-4.46275
-2.99299
-3.51308
-3.94265
-3.45344
-4.0023
-0.113794
-2.50716
-4.94858
-7.02461
0.35478
-7.02461
-2.27498e-08
0.00471814
-0.233937
6.66492
-6.66492
-7.39392e-10
6.67748
-6.67748
2.31602e-12
6.70697
-6.70697
1.66693e-13
6.70945
-6.70945
3.14051e-14
6.69814
-6.69814
-7.01817e-14
6.69541
-6.69541
8.12995e-14
6.69771
-6.69771
-4.37093e-14
6.7074
-6.7074
-7.53045e-14
6.70485
-6.70485
-6.05169e-13
6.70353
-6.70353
-7.11903e-07
6.69703
-6.69724
0.00163804
6.36876
-6.12455
-0.142716
10.8605
-10.2545
-0.00457032
49.3994
-19.0442
0.91877
2.05905
-3.83468
-0.454976
5.01105
-8.68739
-1.48861e-05
6.03947
-4.21727
-0.143756
1.13799
-0.620978
0.409577
0.167373
-0.120927
0.130898
0.258771
-0.684894
0.410572
-0.915014
-1.17605
2.23918
0.55015
0.323143
0.338059
0.835728
0.400632
0.543353
0.476134
0.521262
0.627414
0.353391
-1.08404
-0.900108
-0.57983
-2.89743
1.25898
-1.27701
-4.44934e-05
1.62577
-1.62586
1.92735e-05
-2.03818
2.03818
1.70848e-08
0.246989
-2.59944
2.59944
-2.7825e-09
0.204882
3.07029
-3.07029
-2.89605e-12
3.99718
-3.99718
2.3071e-13
5.08862
-5.08862
7.93203e-14
6.40825
-6.40825
1.52945e-14
0.922704
7.32793
7.45242
6.6155
0.00768167
-0.0748586
0.0233462
0.015514
0.00263587
0.00316304
-0.0654448
-0.0505333
-0.00308773
0.000903726
0.00399146
-0.00165683
-0.00240994
-0.00248525
-0.0093385
-0.00225931
0.00783229
0.00489518
-0.00158152
0.0183004
0.0786241
-0.0112966
0.422868
-7.59883
-7.41793
-6.64246
-0.125761
0.0306363
0.0107845
0.00299736
-0.00749339
-0.00122756
0.00238734
0.000911257
-0.00541482
-0.00579891
-0.00614779
-0.00267808
-0.00724756
-0.0156502
-0.215071
-0.551147
-0.489167
-0.638481
0.380329
0.0495016
-0.848043
-0.598861
2.66612
0.775865
0.17935
0.225651
0.314271
0.265966
0.446636
0.581706
0.678623
0.00685325
0.00745574
-0.0268105
-0.076892
-0.0195807
0.0103928
0.00813353
0.00542235
0.00798291
0.0036149
-0.000225931
0.00188276
-0.00346428
-0.000225931
0.00745574
0.0125015
0.0403664
0.0915775
-0.136914
-7.83274
-7.4339
-7.32274
-0.00381071
-0.00150621
-9.03726e-05
0.0087812
0.00286933
0.00447344
-0.000258238
0.00691527
0.0044829
-0.00203191
0.0862733
-2.5765
-0.44202
-0.823958
-0.387874
0.219799
-1.14589
-0.866469
0.247546
0.0269611
-0.285653
-7.92673
-0.000519642
0.0187071
-0.0180745
0.124782
0.641005
0.509739
0.186699
0.169967
0.480255
3.70844
3.69646
4.53098
2.08452
5.4756
3.86599
3.58644
6.22449
-6.2168
-4.16595
-3.76078
-3.78699
-6.53401
6.56097
6.56647
-6.64133
6.552
-6.67776
6.60141
-6.57807
0.0674029
-4.24374
-3.35508
-6.51609
6.51872
6.49267
-6.4895
6.50163
-6.56707
-6.75987
6.70933
6.74473
-6.74782
6.73215
-6.73125
-6.72123
6.72523
6.7195
-6.72116
6.71114
-6.71355
6.71528
-6.71777
6.71604
-6.72538
6.72869
-6.73095
-6.72937
6.7372
-6.71604
6.72093
6.70783
-6.70941
6.71543
-6.69713
-6.60684
6.68546
-6.35379
6.3425
-4.34112
-3.49162
-8.50707
-7.73536
-6.63335
6.62047
-0.0668757
0.0423998
6.71787
-6.71839
-5.73448
-3.73035
-3.68758
-2.14484
-4.49762
6.71163
-6.71544
-6.52038
6.40659
-0.295895
-0.234743
-2.00296
2.03489
-7.6355
7.76028
-6.70861
6.7194
0.00926319
-6.71449
6.71749
-0.0028618
-6.70471
6.72342
0.0146855
-6.70689
6.70539
6.70488
-6.70497
-6.70345
6.71223
-6.71774
6.72061
-6.70723
6.71171
-6.71156
6.7113
-6.69701
6.70404
-6.68302
6.70585
-9.2041
5.5232
-10.0417
4.81748
6.98364
-5.54839
-5.48822
3.48984
5.04595
-4.78876
1.24909
-2.8171
-1.82512
2.44743
1.20698
-0.776402
-1.4336
0.180202
0.373662
6.40342
-6.15588
0.186619
1.33349
-0.893842
-0.906224
1.14236
-1.21171
1.29814
-0.82313
0.383352
0.446326
2.49324
-2.24626
1.73966
-1.56076
3.75158
-3.27132
-2.0109
2.23655
0.482347
-1.34683
1.51962
0.393674
-3.09661
3.36257
0.654968
-2.84701
3.0519
0.51556
5.30295
-4.72124
-1.78659
1.97332
0.449954
6.65397
-5.97535
-4.20914
4.71888
1.09381
6.51985
-6.513
0.00376552
-5.26834
5.90934
1.38564
5.78904
1.40766
-0.90815
-1.21183
1.51784
2.60174
-1.90116
2.66045
-2.06726
1.62522
-1.20275
0.219268
-1.17105
-1.05609
0.413535
0.129863
-2.99958
-1.00959
-0.970629
-6.90077
6.66683
-0.348763
3.60037
3.72757
7.46636
8.25855
-6.6698
6.70043
0.0536211
7.56012
-7.54777
-7.87932
0.943242
-0.831013
0.250263
0.2305
-1.84646
6.7308
0.00135559
6.73893
3.68735
3.75204
7.27379
0.29072
-7.52454
6.73976
0.00497049
6.75015
6.51044
0.0505333
6.52595
-0.857711
-0.000903726
1.1881
7.27446
-6.50795
6.51541
-6.49349
6.46668
-6.68117
6.60428
6.7488
-6.76838
0.0189029
0.017698
-6.72681
6.73223
-6.71905
6.72703
-6.71408
6.71769
-6.71122
6.71099
-6.72809
6.72997
6.72289
-6.72635
6.71913
-6.71935
-6.71476
6.72221
-6.71024
6.72274
6.70956
-6.66919
6.57543
-6.48386
6.37345
-6.51036
-7.1249
-1.07047
-0.17954
3.67139
-7.40174
-3.65135
-3.9669
-3.46699
-8.14897
-7.32199
0.0107694
-7.15457
-0.000828415
1.78493
6.59025
-6.60833
-6.69575
-0.0111459
-6.69698
6.71047
-6.71797
0.0079076
-0.00497049
6.70482
-6.70244
6.71595
-6.71504
6.71571
-6.72112
6.71529
-6.72109
6.70507
-6.71116
6.71029
-6.7138
5.99949
-5.3082
6.67074
-3.86597
9.93174
-0.6188
8.14806
4.03273
-5.45309
-5.18846
3.23333
-2.10004
3.34491
-3.59577
3.36374
-0.188536
0.511428
-2.51978
0.00308773
-0.0064767
0.3755
4.85805
1.11859
0.412578
-0.0875108
0.0129534
3.8934
3.56437
7.60184
7.31641
2.52515
0.526752
-0.00158152
2.83942
-3.74248
4.18911
8.55452
0.9764
0.690024
0.515894
0.831307
-0.274751
-0.84698
1.33851
-1.00099
0.419865
-0.751448
-1.11643
-0.750389
-1.16611
0.221639
-0.787877
0.917794
0.59316
-0.835156
-0.610462
-1.08763
-1.58724
-1.54119
-0.453164
-0.0687616
0.00131226
0.0133966
-0.00647673
0.00805822
0.102723
-0.00203338
0.0125015
-0.000150621
-0.167867
0.201606
0.0462406
-0.00240994
0.00617546
0.0178486
0.00233462
-0.0120497
0.00406677
-0.00293711
0.000451863
-0.000979036
0.0256056
-0.0143843
0.0128028
-7.53105e-05
0.000979033
-0.155592
-0.100389
0.0259068
-0.0590434
0.0134806
0.0110706
-0.605664
-0.0556936
-0.00762993
-0.00707952
-0.00979036
-0.00941381
0.0921047
-0.0125768
0.00557297
0.00979036
-1.07254
-1.63078
6.72974
-6.74232
6.78608
-6.73245
-6.7494
6.7671
-6.7381
6.75158
-6.50728
6.51805
-6.8452
6.78615
-5.56318
7.34812
2.99133
-4.22492
-3.17682
-6.47331
6.37292
6.69759
-6.85319
-0.147611
-6.75414
6.77305
-6.49312
6.54365
3.0122
-2.41904
10.8746
-6.15082
-6.75362
6.75264
-6.74955
6.76062
6.75746
-6.75701
0.0193548
-6.73261
6.74541
-6.73554
6.73961
-6.7384
6.76401
6.75068
-6.76273
-0.00293711
-0.917052
1.38305
6.75475
-6.76122
6.74684
-6.74691
0.0112966
6.75189
-6.74571
0.0192795
6.73908
-6.75347
-0.0236475
6.74232
-6.74473
0.00391614
6.74383
-6.74586
0.738205
-1.54659
-6.58733
6.78894
1.07307
-2.83386
-6.0814
5.91353
-3.21244
-4.10954
1.14011
-0.740131
6.43784
-6.43867
-0.0354716
-2.00145
-6.14752
-6.22637
-7.00523
6.76514
-6.76378
0.0157399
6.77192
-6.76695
0.0177732
-6.74398
6.73901
-0.0142337
-3.89062
-3.26396
-7.10306
-6.44078
6.60428
-6.53687
0.111158
-6.74827
6.75384
-0.00444332
-6.74887
6.74601
-0.00986567
-6.72199
6.72989
3.99125
-6.62167
-6.74066
6.75045
-6.73374
6.74624
0.0201079
-6.67605
6.76815
0.110029
6.80167
-6.69894
0.214334
-6.73547
6.74353
6.7378
-6.74428
-6.7239
6.73735
-6.3286
6.14994
-6.36861
3.92638
-7.32211
5.44684
-0.182601
1.54591
-2.07869
-6.69132
6.46312
-1.10268
6.58176
-6.36012
0.500363
3.72786
-5.07638
3.8074
-4.45828
-2.07698
1.31727
6.74993
-6.74684
0.00421739
-5.70198
5.8886
-6.75158
6.75068
-0.00557297
-4.92463
6.11273
0.372394
6.75196
-6.75354
0.00240994
-5.41776
6.53635
2.84079
0.834365
1.80452
-1.40974
3.8207
-3.16574
1.94627
-1.16843
-3.06316
3.57872
0.757548
-2.77802
3.30477
0.800701
-6.48762
6.40011
0.280532
6.53898
-6.53522
0.0317057
6.70866
-5.32302
1.78403
2.0251
1.43595
-1.15659
0.470565
0.65091
4.93073
-3.95433
-0.687997
1.75584
1.53356
-1.06072
0.454121
-1.46814
4.31324
-3.39545
1.14751
1.53528
-4.80987
4.1443
-1.7877
6.46623
-6.815
-0.538997
-0.414885
-6.66385
5.9124
-0.750318
-2.59467
0.879946
-1.69522
0.875382
-1.00814
0.298694
-0.170238
5.55791
-4.4641
1.60359
1.64862
2.06216
-1.61221
2.3889
-1.90655
6.49726
-6.6768
-0.355919
0.978143
-3.04826
-2.01061
-1.93075
-6.74835
6.75761
0.00233462
-2.04365
0.618958
-0.885486
3.58621
3.68758
-0.977857
0.428818
-0.0138571
4.47736
3.12448
-1.10441
6.75678
-0.00203338
6.77463
3.21531
4.25105
6.80151
7.09184
0.00926319
-6.49877
6.52467
0.0192795
0.0036149
-0.303878
0.000677794
-6.80453
6.80551
6.74624
-6.74917
-1.15736
1.54957
0.512605
-0.0183762
0.546956
-6.7668
6.76913
-0.000677794
-6.725
6.77124
-1.58263
-0.534433
6.69103
-6.75791
0.0135559
0.0860044
0.00557297
6.47587
0.0677794
6.48883
-6.73313
0.0111459
-6.73328
6.73532
-6.74646
6.77719
-6.7625
0.00240994
0.0171708
-0.00700387
-6.74322
0.00775698
-6.75301
6.74804
-6.75746
-0.0152127
0.002184
6.73547
-6.74255
6.73509
-6.61545
-6.73569
7.08383
-0.078624
-1.21194
0.0447344
-0.89402
4.30654
-2.05482
3.2957
0.0277896
-1.03989
0.564407
6.50389
-0.615287
6.20799
-0.693149
-0.771563
1.20198
0.601234
-6.61279
6.65519
0.0782476
0.118313
0.924549
-0.737019
0.0957768
0.540053
1.08824
1.96218
0.552575
0.752228
-0.0141584
0.249077
-1.26351
-1.22478
-0.780293
0.776689
6.55969
-6.79444
-0.198217
-4.71444
-3.02093
-7.30911
-7.13047
-1.41016
-0.0208684
0.013268
-0.00881133
-2.038
0.0390108
0.0385588
0.0079076
0.0722981
-0.00489518
-0.0463913
-0.0165683
-0.0139324
-0.00899244
-0.00519681
-1.81254
0.828884
6.81748
-6.82238
-6.78721
6.82622
-6.81432
6.82223
-6.78404
6.79534
-6.81424
6.81131
6.7909
-6.80483
-6.82102
6.85958
6.80347
-6.7979
7.46869
2.31726
-1.54057
-6.79331
6.80905
-6.49598
6.51526
-7.49738
1.27101
-8.03638
-6.79745
6.8168
6.7796
-6.79617
6.81319
-6.80392
0.0198819
-6.51149
6.20763
-6.77169
6.78886
0.031781
3.65046
-4.29939
-1.79876
2.31137
0.518493
6.86759
-6.88599
0.0465404
6.80061
-6.80129
0.0165683
-6.78472
6.804
6.7851
-6.80874
-0.0291452
6.80061
-6.79669
0.0134053
-2.04077
0.404786
-6.55804
6.98685
-5.67245
4.08249
6.65332
-6.67231
-6.42323
6.37684
3.48445
-5.00024
-6.78239
6.77538
-0.00278649
6.87475
-7.02221
-0.0112177
6.79391
-6.79323
-0.00278649
6.81643
-6.79865
0.0125013
-6.80272
6.78849
-0.0273377
10.0614
-10.5619
6.80242
-6.80686
-1.2968
1.66248
-6.8037
6.79383
-0.0152127
2.75297
-4.2874
-1.43336
-1.50132
6.79941
-6.797
-0.00188276
6.80069
-6.79707
0.00323835
6.7857
-6.79956
-0.023045
0.576139
-1.36584
-6.79835
6.80054
-0.00745574
6.47181
-6.40403
0.0485753
6.91516
-6.80513
6.97044
-6.7561
0.4124
6.78992
-6.80513
6.78599
-6.79091
-6.65761
6.77477
-0.00115586
6.51051
-6.79582
-6.80182
6.82961
-6.466
6.57173
-0.0558004
2.20484
-1.01464
-6.79052
6.79828
-0.000602484
-6.80212
6.84685
0.0153633
4.04711
3.2693
7.17159
6.95688
6.8159
-6.81349
0.0188276
3.79136
-2.99065
-6.70941
6.98994
0.205748
6.49252
-6.46081
-0.00346457
-6.77854
6.78969
0.0103175
6.81409
-6.81612
0.0122756
2.1476
-1.52925
6.69413
-7.04992
-0.328187
6.8031
-6.81725
-0.0112213
-6.80792
6.80234
-0.0140831
6.79918
-6.79496
0.0144596
-6.80603
6.80837
-0.00369021
1.1456
-2.43255
-6.23396
4.49646
6.48267
-6.77076
-0.139677
-0.334569
-1.5009
2.05336
0.810513
-6.78894
6.80905
0.0134806
6.22282
-6.25831
-0.288705
6.58884
-6.47768
0.184812
0.133654
-0.0140077
-4.81189
6.59592
1.6743
-3.21487
0.0609233
-1.50459
1.03303
2.75832
-0.532596
0.0107694
-0.0064767
-5.16976
0.0198067
-5.03037
1.1183
-0.00594953
-2.5878
-0.0395417
-1.18583
-6.69985
6.77809
-0.842599
0.00610015
0.0111459
-5.38101
-2.66171
-7.87278
6.86206
-6.78977
-0.00655201
3.57815
3.22336
-1.30096
1.53483
2.10922
-3.64405
0.041722
1.31646
-0.0839711
-4.13289
5.73647
0.743461
1.31059
1.10565
-6.80588
6.81944
0.0346428
-0.00421739
0.547748
-1.65574
0.984684
0.845294
-1.08912
-6.50155
6.58755
-0.00632608
0.105962
-6.78216
-0.0229697
-6.79097
0.0364503
-0.0049705
-1.26851
1.71038
-0.886447
0.00308649
1.23981
1.51234
6.60751
-6.10715
2.71693
-3.42875
-0.0101292
-0.586443
5.77654
-6.39183
-3.82284
-3.28022
1.70131
6.62205
-6.50374
0.14437
2.88206
4.07482
6.46021
-3.94853
0.957874
-3.19098
-5.46212
4.7118
1.1454
-2.59731
0.0137069
6.96057
-4.93547
2.14868
2.53322
6.24557
-4.59695
2.11268
1.99897
0.879702
-2.39893
0.813024
5.64173
-6.05662
-2.39465
0.933323
6.86161
-7.05983
0.161767
-1.99307
1.15923
-2.75395
-2.74021
-2.13892
-3.42821
4.96349
2.30827
-2.68228
-3.66182
-3.46865
-6.25913
-7.29148
0.00316304
-1.9622
0.00594953
-1.69501
0.329215
-1.71739
-3.82344
0.632457
-2.67593
4.45296
2.71863
6.98618
6.79346
-0.898449
2.57275
-6.83345
6.89438
4.33766
-3.30462
6.47569
-6.88458
-6.8778
6.87185
0.274356
-7.4271
7.04532
-6.85724
6.87607
-0.497892
-2.31263
0.616972
-1.56876
6.54806
-7.43706
-0.913031
6.84459
-6.86756
6.92351
-6.87689
0.0901182
-6.85122
6.86779
-6.85521
6.85461
-0.0106188
-1.60478
0.0283265
-6.85868
6.85212
-0.00406677
6.83465
-6.84113
-1.65773
0.377559
4.50183
-2.96701
3.60339
1.37065
-6.84745
6.86086
6.91561
-6.87389
0.885726
-6.51608
6.84491
1.96342
6.82721
-6.86222
-4.96993
3.43238
-6.85077
6.88541
-1.29555
2.35104
3.73693
-7.11042
-6.84738
6.86726
-7.00353
6.99404
0.0396342
0.118772
6.84888
-6.85167
0.0014309
6.86041
-6.84808
0.0130274
6.86184
-6.87585
6.83638
-6.86372
6.85446
-6.84369
0.00278649
-6.85295
6.87276
1.87339
-4.05484
0.82377
-1.46845
-0.952171
-0.901227
6.87118
-6.86003
-6.86252
6.85506
-0.0103928
6.85898
-6.85574
0.00602484
6.83608
-6.85913
6.84217
-6.84289
-6.87125
6.86493
-0.0161918
-6.31177
6.36035
-1.21417
2.66473
-1.99422
0.726394
-1.37699
-6.35477
7.23447
-2.00201
1.11352
-6.84274
6.84582
-0.000540779
6.58324
-6.56964
0.0671101
-1.18494
2.42778
7.28252
-6.87012
0.92775
-6.86244
6.84723
-0.0260574
6.87411
-6.86816
0.0168696
-6.85425
6.84502
-0.0257964
-8.44999
6.8705
-6.86733
0.00233464
-6.86365
6.87901
-0.00180745
6.98136
-6.87539
0.111234
-6.86312
7.06887
0.0524914
-6.84248
6.8397
-0.00783229
5.26774
-4.43338
-6.84943
6.84444
-0.00361485
-6.08803
4.45765
-3.90118
-7.0517
6.46525
-1.27516
-0.594576
6.3012
-6.30468
-0.268435
6.87931
-6.86703
0.0285427
6.85996
-6.86184
0.00873601
6.84527
-6.87442
-0.0325341
6.88255
-6.87645
0.015514
-2.02064
2.83085
-1.12408
6.87389
-6.88511
-0.00256056
3.09124
-6.8757
6.86161
-0.0284674
6.86734
-6.85288
0.0236475
-6.87524
6.87155
-0.0136312
-6.83104
6.86282
0.0401405
-6.86673
6.88021
-0.00180745
-5.65347
5.35872
1.18875
-2.09362
6.44484
-6.26003
0.133073
1.50033
-2.01211
0.0462416
2.28756
6.53401
-4.53505
-0.038333
2.65846
7.98789
-0.260617
-4.21972
6.33241
2.31429
-1.27546
-6.39785
6.67221
0.00226075
-2.49954
0.930657
-1.68902
-0.0231203
-0.0132546
7.00739
-8.32941
7.5585
-2.2423
0.0203338
5.88182
0.00512111
-0.024024
-6.78005
7.71337
0.288816
-6.63642
-0.0774707
-6.8164
0.0201832
-2.67245
0.01092
-0.466827
-0.0042927
2.43702
-2.11873
6.84994
-6.85416
-5.081
2.98271
-2.20366
-0.538532
1.78929
-3.64857
0.343943
-2.69069
6.28323
0.0771151
6.19925
1.52345
0.675328
-0.902201
-3.8084
-6.85627
6.89272
-1.2531
-2.6106
-3.57998
0.0325341
0.888231
6.40147
-6.2571
0.141433
-3.13126
-5.31873
-0.105458
0.00459394
6.85258
-6.84226
-7.55502e-05
-2.42277
-3.17896
-3.61069
0.158619
4.75774
0.611523
-5.11373
-5.17074
-2.12074
7.04371
-6.88195
0.645863
6.68576
-4.53708
2.15072
2.4491
-1.99347
6.75121
4.46674
5.47605
-1.99408
2.211
0.433868
0.0114472
-8.302
-0.00918788
0.0136312
-4.77536
2.08467
-4.1429
0.0173214
0.0205598
1.73782
-2.28264
6.87253
-6.91087
8.03766
-5.72337
-1.85535
-7.39269
6.8693
3.10588
3.22653
1.40222
-7.37425
6.89083
-6.89144
0.415111
5.41415
-6.88931
6.89159
6.89648
-6.89505
-7.08544
6.90189
-6.85557
8.0985
-7.71694
-2.14981
0.772848
-1.21916
-3.2559
6.48242
4.78176
-0.161911
6.89316
-6.8833
6.90364
5.96653
-5.83347
-6.9742
6.88955
-6.90439
6.92171
-6.88744
6.89889
6.9007
-6.88014
-6.87623
0.330125
-2.31882
6.87999
-6.90401
7.62719
6.90589
-6.89497
6.8955
-6.89302
6.89904
-6.89927
-6.89467
-6.88805
6.90168
-6.90424
3.5588
6.91267
-7.01839
7.12681
-6.90642
-3.87224
4.21618
-2.15805
0.882481
-1.38521
-6.90853
6.88247
5.94306
-6.2082
-1.06711
2.60736
-1.08129
5.68906
-5.79377
-0.515216
6.8885
-6.89633
-6.89934
1.98485
-6.49499
-1.30226
1.99027
1.18566
7.37222
-7.96679
0.490271
-6.89656
6.91501
-1.22853
2.90778
-2.50991
1.60696
-4.9098
2.33297
6.88654
-6.89987
6.89068
6.91019
-6.93216
-6.83018
-2.92936
0.0963927
-5.11757
-2.73053
-7.05896
-7.39992
-2.49074
-6.98396
-1.13855
2.54079
6.40689
-5.99178
-2.76142
1.49971
-1.02919
-1.78757
1.48842
-1.65868
-3.46275
-4.17674
5.521
-3.21289
2.78018
-5.52746
-1.1736
5.63255
-2.07375
3.84498
4.40868
-6.20016
0.476791
-4.04944
-5.83632
-1.62736
3.89815
0.318036
-5.82755
5.90463
0.138929
0.111197
-5.841
5.98244
0.565883
0.148962
-2.81077
3.50041
-0.198009
4.45356
2.3399
6.90266
6.80664
-0.676859
5.2688
6.64381
-5.99795
0.652038
-3.52711
0.92864
-3.06972
2.71539
-3.85395
1.32162
4.31589
2.26277
0.452628
-2.13821
6.91998
-0.250558
-2.33909
-3.70617
-5.03909
1.62512
-3.58463
6.56655
-2.37964
0.752277
-2.48205
1.33008
0.56171
-1.94693
-1.81794
-0.625303
0.0176688
2.29538
-0.868585
-4.7252
5.04324
4.9741
-5.48265
-1.17256
2.4141
1.10526
2.58083
1.56854
-2.24556
-5.4532
2.73183
-6.10115
-3.85927
3.5301
-1.28472
6.35777
-1.40865
-8.13617
-4.31635
2.00046
2.31588
-3.17587
2.85321
1.54417
5.37581
5.95284
6.02785
7.16911
-4.5669
4.78875
-4.6398
0.701894
-2.49942
1.60117
-1.00837
5.26464
-2.65153
1.62158
-1.08328
5.32463
-5.21097
-0.153389
1.63747
-0.880229
4.29172
0.751523
-5.76014
5.90023
-5.6952
6.26108
-7.6459
-1.34803
-3.73783
-4.82212
4.99361
-2.80418
0.558625
-2.05189
0.394655
0.332646
8.04611
4.30723
-4.06385
0.889672
-3.59167
-0.971298
-4.31245
-4.28358
3.31222
0.692318
-0.180476
2.27261
-2.45309
0.220729
5.07261
2.81992
-1.70782
1.5076
5.40526
6.15678
3.19986
2.95692
1.62127
2.52455
-1.96594
-2.80064
1.79705
-1.1802
-4.23609
4.93181
1.44127
-4.02305
0.565758
-1.34203
4.54189
-5.62566
3.65158
-0.106635
-2.47562
4.57818
-3.80622
0.294589
-4.67346
-0.899063
-2.79025
0.824307
-3.64849
4.27015
2.51194
-2.61701
0.0553644
-0.815874
-2.56952
-5.36396
1.12777
-2.0512
-3.10727
4.23312
2.05526
-4.1065
1.87055
2.67134
4.82065
0.117639
3.00467
-1.56339
1.82403
-3.37065
3.4358
-4.03802
0.934645
-1.98289
-2.40972
3.39794
0.253638
-2.90182
1.33841
-2.07752
4.06135
0.196506
1.32043
4.18953
3.19098
0.506148
-4.64364
-2.96592
-1.1406
3.22934
-1.40579
2.05038
-3.38876
7.45574
2.65055
4.80518
3.58199
3.87374
4.00787
3.44786
3.27917
4.17657
7.45574
-6.51743
6.51743
-5.49931
5.49931
4.07815
-4.07815
3.08697
-3.08697
2.44388
-2.44388
-2.04412
2.04412
-1.64693
1.64693
1.31119
-1.31016
-0.273436
0.438875
0.0306908
0.0240143
-0.573381
-3.46913
1.80221
-3.23013
2.12879
-3.30456
2.77614
-3.49748
3.5811
-2.37939
2.87803
-1.72095
1.91135
-0.910323
1.30453
-0.738222
1.17408
-0.706775
1.05699
-0.66719
0.794917
-0.431701
0.578826
0.33525
-0.34903
0.0271062
0.316542
0.033188
0.447138
2.80356
-1.32129
-2.9772
3.08183
3.18417
-3.28063
5.23192
-4.29674
8.25301
-6.56582
2.60823
-8.50796
17.3464
-6.40663
6.77108
-3.49212
3.42426
-3.52447
22.4925
-18.2412
6.45463
-6.47386
6.7144
-6.71397
6.70819
-6.70819
6.71802
-6.71802
6.71374
-6.71374
6.70251
-6.70251
6.69152
-6.69152
6.68652
-6.68652
6.64841
-6.64841
6.54184
-6.54184
6.46293
-6.46293
6.82669
-6.82669
-7.45574
-3.01686
-4.43887
-3.52076
-3.93497
-3.39394
-4.06179
-3.54411
-3.91163
-7.45574
6.36502
-6.36502
6.42135
-6.42135
-6.556
6.556
-6.70504
6.70504
-6.7253
6.7253
-6.7262
6.7262
-6.72711
6.72711
-6.72131
6.72131
-6.70896
6.70896
-6.70903
6.70903
-6.7082
6.7082
-6.70617
6.70617
-6.70226
6.70226
-6.70527
6.70527
-6.72726
6.72726
-6.74963
6.74963
-6.66445
6.66445
-6.52151
6.52151
-6.47226
6.47226
-6.49078
6.49078
-6.45983
6.45983
-6.39958
6.39958
-6.32525
6.32525
-6.75836
6.75836
10.1063
0.938308
-0.0363059
-10.4726
-1.09072
-3.21922
8.02441
4.23652
7.81851
3.51918
3.93655
3.29898
4.15676
7.30685
7.43593
2.57743
4.87831
6.38587
0.13156
6.38587
-0.00233745
0.886555
-4.81425
4.81425
-3.46229
3.46229
-2.7279
2.7279
2.22744
-2.22744
1.84453
-1.84453
-1.45785
1.45787
1.1865
-1.18977
0.197604
-3.84993
-1.36675
-1.15595
-1.03103
1.09368
1.08821
1.06737
0.712192
0.524402
0.36773
0.296937
0.244863
-0.623072
1.12969
-0.499411
-3.15022
3.05322
3.1645
-3.02797
-3.41649
4.14838
-5.66799
6.0044
-6.80414
9.087
-2.24048
1.61204
-8.06391
6.82566
-18.8366
4.23097
-5.09039
14.9023
-13.9699
6.60249
-6.46821
6.68512
-6.71463
6.71463
-6.71405
6.71405
-6.71438
6.71438
-6.7068
6.7068
-6.69494
6.69494
-6.69268
6.69268
-6.67108
6.67108
-6.61151
6.61151
-6.46981
6.46981
-6.59875
6.59875
0.183321
-6.43801
6.43801
-3.88459
-3.57115
-4.06225
-3.39349
-4.0502
-3.40554
7.39293
-3.06958
-4.38616
-6.66001
0.294991
-6.66001
-0.238659
6.42594
-6.42594
6.65888
-6.65888
6.72455
-6.72455
6.72809
-6.72809
6.72741
-6.72741
6.71988
-6.71988
6.71295
-6.71295
6.70391
-6.70391
6.70489
-6.70489
6.70354
-6.70354
6.70241
-6.70241
6.69819
-6.69819
6.70918
-6.70918
6.73765
-6.73765
6.72372
-6.72372
6.58342
-6.58342
6.48627
-6.48627
6.47964
-6.47964
6.4877
-6.4877
6.43724
-6.43724
6.3303
-6.3303
6.50344
-6.50344
6.33346
-6.33346
1.6226
-6.61369
6.75399
0.685062
0.615866
0.359073
0.216435
0.199588
0.189083
0.117729
-0.761432
-0.165816
-0.15009
-0.360175
-0.828809
-0.171319
-0.035661
0.0859512
0.0336661
0.00734829
-0.000218396
-0.00585915
0.0036375
0.00693609
0.00757623
-0.00115978
0.0154386
0.0369021
0.0720345
-0.135822
0.388685
-7.58301
-7.44414
0.00459395
0.102874
0.0195054
0.00278649
0.00120497
-0.00722981
-0.00835946
-0.0050458
-0.00414208
-0.00466925
-0.00376552
-0.00406677
0.00391614
0.0103928
-0.0259068
-0.0810341
-0.0352453
0.00738043
-0.00308773
-0.0225931
-0.0692856
0.178185
-0.424902
-0.00396886
0.000640139
0.0042927
0.0034191
0.0061604
0.0226685
0.0696622
0.00688338
-0.227942
-7.81956
-7.45528
-7.31717
0.000753105
-0.00188276
-0.000301242
0.0014309
-0.00399146
0.00512111
0.00331366
0.00263587
-0.000150621
0.00707918
0.0180745
0.0119744
-0.0592694
-0.0619052
-0.0140077
0.0111459
-0.0278649
-0.0376552
-0.0050458
0.254926
7.38442
0.147157
0.284018
0.375317
0.7361
0.00643905
-0.00113889
-0.0044558
0.184456
-0.129037
-0.0770188
-0.280708
-0.835898
-0.334744
-0.199026
-0.210634
-0.489169
-0.233084
-0.213932
-8.01002
0.0461653
0.130061
4.78515
3.03336
-1.42571
1.57256
5.69171
-5.00665
-3.66934
4.2852
7.82145
-7.68989
2.85883
-2.81586
-6.70856
6.715
-3.00998
3.36905
-4.29282
5.02892
1.39889
1.35958
-2.37913
2.59557
3.83224
-3.45692
0.822262
2.18985
-1.99026
-4.09463
-3.48838
1.75917
-1.57008
0.333506
-0.968856
1.37532
-1.25755
-2.73351
3.01752
0.635545
0.638392
-0.422194
-4.51772
-2.09597
-1.76088
1.95849
0.428968
0.388398
-5.87189
6.75844
1.94956
1.7518
-1.59368
0.292655
-4.30399
-3.70603
-1.40228
0.849152
-1.39663
1.18962
0.695464
-0.796488
1.88239
-2.21223
-0.899137
-2.76755
2.10528
-2.28616
1.58612
-0.415566
-1.0114
-4.72849
3.5156
-3.96597
3.11451
-0.718427
-1.60159
-5.50457
5.3671
-2.89842
3.58655
-1.08361
-1.03527
-7.46757
6.32798
4.59994
-4.38737
-0.550295
-4.53571
4.23998
-6.50637
6.04763
-0.732549
-0.887792
-10.0598
8.45072
7.29626
-7.11883
-0.219144
-6.37277
6.25111
9.48124
-7.0592
-0.0101808
-6.7141
6.72426
6.17976
-5.96976
0.0043479
6.72189
-6.72211
0.01333
6.63749
-6.23865
0.0168954
6.72422
-6.72536
0.00210862
-6.72407
6.72771
-6.71871
6.72565
-6.70441
6.71199
6.70069
-6.70185
-6.68599
6.70143
6.69359
-6.65669
-6.49929
6.57133
6.31203
-6.44785
-4.25745
-3.56211
-8.56145
-7.65674
2.3266
-2.14328
0.336344
-4.03459
6.7546
-6.70843
-5.47688
-3.84663
-3.59751
-3.58335
-3.73382
-7.42998
-8.25154
6.25612
-6.25152
6.73923
-6.73848
4.00614
4.01827
8.79129
-6.41939
6.18073
-0.163273
-6.72907
6.74857
0.0101669
6.73404
-6.73592
-6.73072
6.73042
-6.72643
6.72786
-6.71212
6.70813
-6.71099
6.71611
-6.70949
6.7128
-6.70587
6.70851
-6.70467
6.70451
-6.70105
6.70813
-6.7134
6.73148
-6.7549
6.76687
-6.7607
6.70143
-6.55645
6.49455
-6.46804
6.45403
-6.49312
6.50426
-6.4767
6.44884
6.43355
-6.4712
-6.24971
6.24467
-6.52482
6.77975
3.52634
3.85808
6.72362
-6.72759
-0.000451863
3.77283
-1.10615
5.81662
-1.25545
0.302625
0.251094
-1.30864
1.02627
-0.055779
1.18876
-0.0970747
-0.479402
1.27667
-0.807863
1.38046
-0.7192
1.08461
0.894133
-0.592127
-0.466087
0.680138
0.361472
0.224654
0.718937
-1.38998
-0.516952
-6.6228
6.72568
0.131793
-1.87327
-7.74062
7.79109
-7.57284
3.48446
3.95147
6.59117
0.102422
6.66083
0.533489
-1.43085
-1.00293
3.04781
4.25903
6.57415
7.7435
-0.369558
-7.35194
6.70024
0.000451863
6.7064
-0.00800078
0.82828
0.452285
0.269313
-0.020642
-0.877299
7.36619
-6.52089
-0.831051
3.84392
-7.3323
-3.61136
0.317917
-0.939269
0.0401405
0.161541
-0.00100344
-0.376261
-0.388531
0.841369
-0.0407739
6.71931
-6.72516
6.72037
-6.71973
6.70968
-6.70539
6.69884
-6.69542
0.0204091
-6.67914
6.7018
-6.39932
6.4062
-6.74883
-6.5667
0.315174
-6.43664
-7.27785
4.72686
2.66607
-7.20887
7.76022
-1.09712
-6.72854
6.73133
-6.73358
6.73479
6.72304
-6.73027
6.72184
-6.7302
6.70534
-6.71039
6.70866
-6.7128
6.70933
-6.714
6.7125
-6.71626
6.70022
-6.70429
6.70429
-6.70037
6.73411
-6.72372
6.7549
-6.7808
6.57784
-6.65888
6.46292
-6.49816
6.45569
-6.44831
6.55668
-6.55977
-6.46013
6.43754
6.37322
-6.44251
6.32969
-6.15151
6.52415
-0.00828415
0.717751
0.899011
0.180509
0.0662665
1.21717
-0.937291
4.88072
8.83219
1.09279
0.686396
0.571215
0.487124
-0.0265846
0.0799797
-0.0979789
-0.0391614
0.063562
-0.0123509
-0.0935357
-0.182856
-1.43198e-07
0.0207104
0.00323835
-0.00444332
0.00662732
-0.000150621
-0.00233462
-0.00677794
-0.00459394
-0.00768167
-0.436801
0.172009
-0.197841
-0.110932
0.0222919
0.0559557
-0.044132
0.62824
-0.164327
-0.0793782
0.0431529
0.0311032
0.00384083
-0.0117484
-0.00549766
-1.0392e-14
0.0057236
-0.0416467
-0.00301242
0.00527173
0.00165683
-0.0101669
0.00798291
0.0202585
0.0165683
0.045111
0.289042
-0.022066
-0.00240994
-0.00316304
0.00549766
-0.00715449
-0.00112966
-6.6759
6.77832
6.43219
-6.37624
6.76514
-6.72003
0.0892429
-6.71867
6.73524
-3.0229
3.84516
-1.27984
0.895813
5.71426
2.04596
-6.86285
5.9375
-5.602
5.56883
-2.161
2.49734
6.15121
-6.98226
-2.41024
-3.75032
2.11329
-3.12132
-4.21099
1.81833
-1.48482
-6.75204
6.76002
6.73509
-6.75716
-2.19465
2.64693
-8.50146
5.50113
2.22921
-1.60925
-6.1296
7.22743
4.26665
-3.43837
1.24375
-1.05017
0.818249
-0.613506
-0.526317
5.40952
-5.05506
-6.73494
6.74827
-6.74469
6.7621
6.75113
-6.74902
0.0161918
-6.73178
6.75204
6.75994
-6.75829
0.0281661
6.74398
-6.73871
0.0253043
-6.72199
6.7424
6.74966
-6.1754
0.0221692
6.8775
-6.58846
-6.53846
6.34061
6.761
-6.76197
0.0119744
-6.42993
6.60194
6.73532
-6.73486
0.01333
6.524
2.2673
7.36536
7.98155
6.75603
-6.59449
0.326094
-1.16026
-1.64532
2.71648
-1.30556
1.62577
0.512445
0.473602
6.76574
-6.76687
6.76386
-6.77101
6.75542
-6.76371
-1.55527
0.632978
5.73158
-5.89485
5.43553
-6.53266
-2.81601
-0.801077
-6.76808
6.77824
-0.00421739
-6.75392
6.75942
0.0118237
5.93868
-6.37548
-1.04358
6.76582
-6.7735
-6.76152
6.75693
-0.026434
-6.24527
6.20362
0.35667
-0.171858
-6.73193
6.73765
6.7369
-6.7369
6.73622
-6.74172
6.73848
-6.75023
-6.72093
6.72477
-6.72553
6.75663
-6.74925
6.7924
-6.90315
6.82377
-5.75523
6.38347
1.61014
6.40772
-6.50125
-6.4099
6.39755
0.0222918
6.74541
-6.72312
0.0253796
6.00066
-5.92068
-0.537792
0.462783
6.37503
-6.41419
-6.44658
6.33564
-0.0715449
-6.56451
6.46653
-0.223898
-6.60352
6.43919
-0.195808
-6.23578
6.55096
0.641721
-6.77696
6.8171
0.00128028
-1.47719
0.578461
1.45634
-1.45449
-0.138088
2.78567
-2.04533
-6.7604
6.89219
0.0567088
5.73971
3.09247
7.68927
6.30305
-6.71708
-0.31435
1.38891
-1.59731
-0.843527
-6.45102
6.42444
0.015514
1.20655
-0.786901
1.43309
-1.04629
6.75226
-6.75271
0.000225931
7.19511
-8.13147
-0.0903648
7.12775
-6.22755
-0.0157043
0.0192795
-1.58053
0.585447
-1.10363
-0.973633
5.11464
2.62886
8.20711
6.3602
0.213957
8.98906
0.656105
0.654909
-0.829788
-4.40016
5.79906
-5.15327
6.90507
2.536
2.5049
0.0102422
-8.98656
-0.642447
2.96778
-2.32939
0.773137
-2.69163
3.32718
1.15353
0.997788
0.183833
-0.0235829
0.485933
1.00912
-0.403384
0.628937
-9.99162
-0.115485
-3.86072
5.2203
1.93834
1.78192
2.10346
-1.71508
0.618653
0.00014982
1.13266
1.11398
2.18043
-1.50226
-4.26984
2.52457
1.24203
-1.32777
-2.32957
3.40434
-5.31627
-1.18567
-4.11073
2.9951
-2.15147
-1.49228
1.10168
0.00173214
-0.55855
3.50896
-4.25765
-0.735626
0.01333
6.7381
8.78406
3.69368
-6.815
-3.51519
6.74925
-6.75942
1.9274
0.569942
2.35637
-0.00885196
0.303727
-6.73991
0.00798291
-6.74225
0.581972
6.73336
-6.73637
-0.00150621
0.00271118
-0.00112966
-0.0115978
-3.183
-4.24698
-6.69819
-7.06299
-0.0144596
-0.0111459
-1.69939
-6.47542
0.0991839
-6.41186
6.75731
-6.76047
-6.75927
6.75686
-6.73765
6.73087
-0.00534704
6.74789
-6.74804
-6.74134
6.74797
-6.73667
6.73223
6.72899
-6.72575
6.75994
-6.73923
6.82094
-6.82095
0.68969
6.64473
-6.82758
-6.43852
-0.0627357
-6.48265
-0.0851021
-0.00956443
-0.0762142
-0.82911
0.933863
-0.258405
0.0716936
-4.82725
-2.82949
-7.23749
-7.04047
0.0344168
0.00805822
-0.0028618
0.0109953
0.00278626
0.0531688
0.0308773
-0.0118991
-1.72748e-14
-0.00233462
0.00534704
-0.0166436
-0.0262834
-0.0118237
0.00625077
-0.0179992
-0.388385
6.40333
-6.79073
6.77041
-6.78841
6.79828
-6.80987
-6.77998
6.79331
-6.79798
6.80995
6.7217
-7.49325
-6.72809
6.91192
-6.79958
6.82183
-6.7921
6.82027
6.81939
-6.81349
0.0201471
6.80423
-6.82087
1.34356
-2.62108
6.79963
-6.76522
6.81037
-6.81024
0.0122757
-7.22987
6.97231
-0.818664
-3.08216
4.32591
-4.1797
1.99067
6.13569
-6.03651
6.78495
-6.79677
-0.805571
-7.29017
6.30227
6.19865
-6.27487
5.85392
-6.62539
-1.45185
6.80091
-6.81206
1.07235
-1.85633
-6.77064
6.79594
-2.42748
2.91342
-1.63701
2.70331
6.80656
-6.81612
-6.80837
6.81108
6.77614
-6.77764
-0.00384083
-7.24887
6.34767
7.21376
-6.91004
-6.81944
6.81522
-0.0211622
-2.78641
-4.02858
6.41532
-5.75922
0.786534
-1.61876
6.31418
-6.30394
6.7985
-6.81296
-0.00986567
6.78909
-6.81552
-6.81138
6.8232
-0.00481987
6.8583
-6.76906
0.130212
1.39235
-0.692493
0.671691
-6.62536
6.05081
5.24605
-6.28963
-1.99143
-6.81899
6.82433
-0.0147609
-6.93637
6.93924
0.0362643
6.78811
-6.79346
-2.02213
2.64474
-6.79346
6.80445
-0.00851008
-6.78193
6.78193
-6.7976
6.79474
-0.0271871
-6.77041
6.77847
-6.75987
6.79075
0.039761
1.43994
-0.774367
6.49837
-6.5611
6.82192
-6.79654
0.052868
-6.40101
6.32947
-0.086833
6.61535
-6.83925
-6.38791
6.19218
0.110579
-6.46879
7.11051
0.744971
3.74316
5.04091
-6.83646
6.83774
-0.0212376
-5.98412
5.0811
1.56525
-0.908784
6.81206
-6.81033
0.0199573
-6.78065
6.78864
0.00745574
-1.75835
2.78731
-6.41507
7.10388
-0.459883
-0.223602
-1.59969
1.82152
-6.44138
6.45689
0.173967
-1.65453
0.829334
6.78856
-6.78969
0.01092
6.90882
-6.65163
-0.0691235
6.32247
-5.98005
-0.0109627
6.81018
-6.80995
-0.000150621
-6.87878
6.93549
-0.0410442
-1.45356
1.31322
-0.669358
-0.596896
-6.1677
6.18999
-0.0320079
-6.81061
6.8823
0.128763
-0.72528
0.864302
-1.72434
0.724068
-1.69627
-0.927883
4.12219
4.86686
4.4507
-5.25178
-2.61229
1.16355
-1.15253
-4.48271
6.98761
2.06735
-1.44867
0.915054
-5.00626
7.54227
3.20085
3.05956
-0.827968
0.822935
0.00670263
0.653637
0.00112966
-6.77945
6.79873
-3.42229
-6.34086
-0.220232
-6.42595
0.0115989
5.14981
-3.36788
2.06765
-6.78818
6.80438
6.66385
-6.30718
2.85773
1.46818
-4.06722
6.00556
2.92039
2.63767
4.01126
6.79519
-6.78186
4.08529
-6.07832
-2.26636
0.162143
0.152956
0.641286
-6.61331
6.93941
-0.0258145
-1.95525
-0.0120497
0.298606
-6.81236
6.81002
-1.17853
0.0245512
1.3513
0.897013
4.41488
-3.10922
2.04121
0.0217647
0.0546001
-0.0232709
-0.111933
5.52734
2.45422
-0.00768167
-1.24043
1.75267
0.826943
0.650069
-3.46375
-3.23443
-6.25017
-5.84673
0.0384083
-0.786644
7.86535
0.01333
-0.0108447
6.77772
-6.804
-5.89576
5.7239
0.768092
-0.565732
0.0109953
-0.235962
0.0138571
-6.79677
6.80302
-6.7805
-0.0079076
-6.7924
-0.00203338
0.0203331
0.00820884
6.83608
-6.78292
-0.598219
0.002184
0.0254549
0.00625077
-6.2287
-0.610542
-6.7665
0.0708629
1.57835
2.79138
-2.01825
0.3639
0.00625077
2.03703
0.876387
2.60697
7.13747
-4.61111
-2.42937
-6.60254
-6.45795
-0.0378059
0.632231
7.49512
-0.022066
-0.0139324
0.0992403
8.06771
-6.83804
6.87645
-6.83345
6.84437
6.90237
-6.80267
6.82682
-6.86462
-6.80965
6.88039
0.0938858
-1.2293
2.22078
-6.84384
6.8656
6.88134
-6.86139
0.0433035
-0.565264
0.345871
-2.73871
-0.809534
-2.45241
3.4502
1.55885
1.43195
1.00603
-1.7945
7.08415
-7.0587
6.75362
-6.64032
-4.45827
1.21205
-6.85069
6.90356
-6.83932
6.85318
-6.81163
6.85137
0.0682785
-6.87065
6.87178
7.53362
-8.35763
6.83081
-6.858
6.84625
-6.85476
-2.66366
4.13183
6.83405
-6.84798
-5.33868
6.68998
-1.73126
0.601966
3.68584
-4.92178
-2.26716
-0.53806
-1.14486
0.0335802
-0.824353
-1.79571
6.87313
-6.87795
6.85506
-6.86493
-0.0155893
4.11301
3.38212
-6.88752
6.87481
5.62583
-5.65777
-7.17006
6.48383
6.28059
-6.12764
2.26308
4.8744
-6.93024
6.23818
6.84655
-6.8403
0.013104
6.85197
-6.87313
6.86899
-6.85672
0.0251537
5.95171
-5.78957
1.7427
-0.262637
-2.28023
0.476121
-1.26392
-1.19591
-6.86918
6.88946
6.37609
-6.88127
6.86003
-0.0292958
-6.80039
7.09899
6.96637
-6.83616
0.165984
6.85619
-6.83164
0.0158905
-6.66484
5.01964
-6.84904
6.86003
-0.00278649
6.87072
-6.88549
-7.09752
7.14334
0.475971
-6.82727
6.8476
0.0240703
-6.13507
5.89928
-0.50916
-6.84587
6.83796
-0.0118244
-0.758575
1.34984
1.0115
0.457971
-6.8592
6.85717
-0.028392
-6.86914
6.87735
0.00158152
-6.83879
6.8455
5.2529
-5.84894
-3.08909
0.909855
0.87295
-0.0906116
0.59321
6.84286
-6.8467
0.00353959
6.87902
-6.86805
0.0222919
-6.17749
6.09066
0.1031
5.33718
6.86726
-6.86508
0.0165683
-7.47577
8.22074
-0.391614
-6.86297
6.8763
0.0101669
6.86109
-6.87313
-0.00384083
-6.8586
6.86485
-0.0014309
-6.84617
6.85363
0.0138571
2.35478
-1.71349
0.906098
3.85206
4.0133
6.53999
-6.3189
-0.0411208
6.87911
-6.8895
0.0100327
6.87871
-6.87886
0.0173214
-6.92691
6.88586
-0.0668757
6.98398
-6.85033
0.18534
0.299809
-8.19508
6.54455
-6.87547
6.8522
-0.0486506
-1.42932
0.0448097
-1.3697
0.11992
4.94677
2.98994
-0.921754
3.04572
6.61318
-6.78727
-0.150735
3.88626
-6.01805
-2.76247
7.23417
0.293954
-0.172838
0.0148362
-6.55558
-0.0803547
-6.77465
0.00316304
-4.27406
2.88206
0.0201878
-2.33402
3.89287
-0.872486
-0.100149
-0.00707918
-0.000378674
4.64553
-2.57788
1.98187
-0.000602484
-1.15477
1.98169
-3.88888
6.80927
3.59314
4.47457
7.60643
7.53413
5.03734
-3.43195
-1.0465
1.79781
0.0100916
-0.0139862
-0.0200326
-2.34575
-0.0118991
-2.48957
-4.24337
-2.0068
6.15347
-0.062809
-6.20807
0.4185
6.83503
-6.85709
-0.00233462
6.86139
-6.86907
-1.35332
1.73378
-0.724861
6.6884
0.410593
7.32063
0.0674029
4.56743
-5.13316
-2.03511
2.47342
-6.71679
-3.98453
-3.83473
0.893478
-0.029597
-5.99999
6.76808
1.32064
1.63492
-0.0117484
-6.55081
0.42317
-6.37684
6.93036
-0.601303
-6.88059
6.86975
-0.00346428
1.06387
3.3465
-2.9826
2.32217
-1.41607
1.1674
2.17823
6.72284
-1.98862
-4.68318
1.03361
-1.96222
-0.762166
-0.028392
7.22182
-7.83236
0.844983
-2.8856
3.64525
-0.0115978
-0.0157399
2.14966
1.19683
3.02605
-1.68368
1.81913
-4.68947
1.30986
6.84792
-6.83883
-6.88707
6.9019
-3.10038
5.73806
3.70889
3.16018
6.91425
-6.87095
-6.75267
5.88289
6.9188
6.8656
0.935162
6.88323
-6.89482
-0.924862
6.88217
-6.89791
-6.89452
6.89392
3.73096
3.87548
-6.89573
6.89889
-6.90266
-1.55064
6.88463
-6.88714
6.90055
4.85591
-3.24754
2.64311
-5.47992
2.74518
-3.05705
-3.15791
2.67405
-1.78057
1.25797
-4.72457
5.01864
6.10007
-5.6769
5.55302
-5.61583
7.37621
4.34858
1.44044
-5.64524
6.15717
-5.73866
1.43267
-0.185642
-6.90763
-6.7133
7.23356
6.89264
-6.89543
-6.54231
-6.89686
-8.52518
-6.87683
6.90198
4.29729
-2.49948
7.05268
-6.88669
-6.90522
6.89528
6.8946
-6.87984
7.29043
6.88616
-6.91546
6.95357
-6.88202
1.19003
-1.91515
6.90291
-6.87867
6.88277
5.24109
-5.74881
-1.51488
-0.729729
6.89708
-6.90055
-6.90296
6.88293
2.34223
-7.73325
7.61214
-1.8839
6.89746
6.90718
-5.59835
5.70145
0.501718
6.91041
-1.33055
1.88363
6.89882
6.8888
6.69619
-0.286218
-7.42509
5.32821
-1.02701
-1.74907
0.8234
6.91823
-6.73822
-2.11253
4.45476
8.21946
-3.24074
6.62724
4.28177
-1.08787
3.0934
2.18476
1.90501
5.69748
-5.2829
8.22405
4.41944
-2.43757
1.91997
-3.4908
0.0856279
-0.558998
-6.83089
1.15398
2.35258
-1.5292
0.667936
4.83062
-3.46577
1.42765
1.24548
0.552131
-1.31033
-2.33671
1.30967
-1.66691
0.613292
-1.28985
-4.8983
0.916752
-5.9859
-0.828831
-1.1693
-2.00778
1.24572
-0.698198
-0.669136
4.49423
-1.33405
2.05665
2.23815
-2.83567
6.54456
-5.22541
5.31104
-4.54054
6.7787
1.41628
-0.477505
0.659216
2.66267
-1.4047
1.49337
5.00341
-6.87862
2.12918
2.32559
-6.01964
0.525183
-3.9129
6.60088
-5.10763
5.60935
4.38473
6.37292
-5.21894
1.26529
1.55976
1.61874
-2.17764
1.40347
-2.09047
4.27522
2.22904
-1.30207
-1.46658
2.40456
-1.68492
3.8141
-0.0875219
0.383933
4.67108
-1.35951
4.68868
5.21051
-7.92727
5.66469
-0.353659
4.71188
-2.79191
2.62141
0.653481
1.19154
5.47908
-2.83962
2.5903
2.48024
-1.81136
1.18263
2.41639
-0.92302
-6.25082
0.0898282
5.1597
-3.95291
3.52242
4.65856
-3.22588
4.0075
-3.46156
1.48949
2.32461
1.71821
-2.03418
1.36497
-0.31597
-0.812743
2.12611
4.99754
-6.53552
-1.7646
3.01008
1.75782
3.24731
0.440731
4.29919
-3.92317
-1.77761
1.60538
4.74793
-5.1016
-5.60161
0.783424
-4.94336
-4.3129
-3.12616
-5.99333
-0.15865
-2.43833
4.49498
2.77218
1.70307
-2.35184
2.44179
-3.38875
-0.125017
0.328755
-4.83607
4.1058
3.23759
-0.912983
-1.18478
2.37782
-2.70705
-0.447088
-2.89402
-3.88901
-5.66468
4.33193
-0.177057
-2.43939
-1.32207
2.92745
1.92524
2.00443
3.92638
-1.33608
4.06216
-4.23855
6.035
2.13034
-4.56596
-3.52974
-0.502598
1.30928
1.9283
-1.69768
-0.654202
3.2345
2.63465
-1.45279
1.44896
0.978109
3.66787
-3.79984
3.35171
-6.5772
-0.886629
-1.09788
0.630432
3.0134
-2.51046
-4.71685
3.38076
4.81143
-4.4275
-2.09544
-5.29269
4.19498
-0.54473
-0.290171
3.93957
0.822063
2.41241
-0.27017
-5.20486
0.777353
-2.56317
3.19327
2.82647
-2.37371
4.30201
3.36559
-0.95324
2.7112
-4.29286
3.7481
-0.823467
2.26523
-1.87204
-2.02678
0.147782
-4.68771
3.80174
1.73885
-1.33107
2.29091
0.486297
-4.28657
-0.492009
4.29245
4.50762
-4.7978
0.214717
0.639688
3.34873
3.79039
3.56337
3.71081
2.9877
-1.25067
2.16239
0.927816
2.38162
-2.87371
-3.64737
-0.639432
-1.56197
2.48514
0.610872
-0.429861
4.17796
4.15811
3.28071
2.02958
1.30428
)
;

boundaryField
{
    bullet
    {
        type            calculated;
        value           uniform 0;
    }
    topWall
    {
        type            calculated;
        value           nonuniform List<scalar> 
50
(
7.44682e-15
6.87399e-15
9.16532e-15
8.01966e-15
6.87399e-15
6.87399e-15
9.16532e-15
8.01966e-15
1.7185e-15
-1.00334e-14
-1.67223e-14
-1.67223e-15
5.72833e-15
2.29133e-14
1.2946e-13
5.30443e-13
8.53521e-13
8.40345e-13
3.45418e-13
5.21278e-14
6.87399e-15
-5.01669e-15
1.67223e-15
5.72833e-15
1.43208e-14
9.73815e-15
4.00983e-15
1.0311e-14
1.31751e-14
1.31751e-14
1.0311e-14
-8.36114e-15
-4.34779e-14
-1.42139e-13
-4.14713e-13
-1.24079e-12
-3.75917e-12
-1.10885e-11
-3.17673e-11
-8.89358e-11
-2.4367e-10
-6.54403e-10
-1.71332e-09
-4.36962e-09
-1.06568e-08
-2.53264e-08
-5.58565e-08
-1.18049e-07
-1.27673e-07
-1.31029e-07
)
;
    }
    bottomWall
    {
        type            calculated;
        value           nonuniform List<scalar> 
50
(
5.15549e-15
-1.00334e-14
-8.36114e-15
-8.36114e-15
1.48936e-14
2.00491e-14
8.59249e-15
-2.00667e-14
-1.00334e-13
-3.26085e-13
-9.44809e-13
-2.72406e-12
-7.86951e-12
-2.2453e-11
-6.22219e-11
-1.67945e-10
-4.39619e-10
-1.10559e-09
-2.69527e-09
-6.35787e-09
-1.45784e-08
-3.16121e-08
-6.51605e-08
-9.80422e-08
-1.53893e-07
4.00983e-15
3.437e-15
2.86416e-15
1.67223e-15
1.67223e-15
1.67223e-15
0
1.7185e-15
0
1.67223e-15
-1.67223e-15
1.67223e-15
2.29133e-15
1.67223e-15
-1.67223e-15
4.00983e-15
-1.67223e-15
-6.35447e-14
-6.52169e-14
-2.67557e-14
-5.01669e-15
-8.36114e-15
-8.36114e-15
4.00983e-15
1.43208e-14
)
;
    }
    inlet
    {
        type            calculated;
        value           nonuniform List<scalar> 
30
(
-7.45574
-7.45574
-7.45574
-7.45574
-7.45574
-7.45574
-7.45574
-7.45574
-7.45574
-7.45574
-0.150621
-0.150621
-0.150621
-0.150621
-0.150621
-0.150621
-0.150621
-0.150621
-0.150621
-0.150621
-7.45574
-7.45574
-7.45574
-7.45574
-7.45574
-7.45574
-7.45574
-7.45574
-7.45574
-7.45574
)
;
    }
    outlet
    {
        type            calculated;
        value           nonuniform List<scalar> 
30
(
7.45574
7.45574
7.45574
7.45574
7.45574
7.45574
7.45574
7.45574
7.45574
7.45574
0.150621
0.150621
0.150621
0.150621
0.150621
0.150621
0.150621
0.150621
0.150621
0.150621
7.45574
7.45574
7.45574
7.45574
7.45574
7.45574
7.45574
7.45574
7.45574
7.45574
)
;
    }
    defaultFaces
    {
        type            empty;
        value           nonuniform 0();
    }
}


// ************************************************************************* //
