/*--------------------------------*- C++ -*----------------------------------*\
  =========                 |
  \\      /  F ield         | OpenFOAM: The Open Source CFD Toolbox
   \\    /   O peration     | Website:  https://openfoam.org
    \\  /    A nd           | Version:  6
     \\/     M anipulation  |
\*---------------------------------------------------------------------------*/
FoamFile
{
    version     2.0;
    format      ascii;
    class       volScalarField;
    location    "0.0004";
    object      T;
}
// * * * * * * * * * * * * * * * * * * * * * * * * * * * * * * * * * * * * * //

dimensions      [0 0 0 1 0 0 0];

internalField   nonuniform List<scalar> 
3704
(
300
300
300
300
300
300
300
300
300
300
300
300
300
300
300
300
300
300
300
300
300
300
300
300
300
300
300
300
300
300
300
300
300
300
300
300
300
300
300
300
300
300
300
300
300
300
300
300
300
300
300
300
300
300
300
300
300
300
300
300
300
300
300
300
300
300
300
300
300
300
300
300
300
300
300
300
300
300
300
300
300
300
300
300
300
300
300
300
300
300
300
300
300
300
300
300
300
300
300
300
300
300
300
300
300
300
300
300
300
300
300
300
300
300
300
300
300
300
300
300
300
300
300
300
300
300
300
300
300
300
300
300
300
300
300
300
300
300
300
300
300
300
300
300
300
300
300
300
300
300
300
300
300
300
300
300
300
300
300
300
300
300
300
300
300
300
300
300
300
300
300
300
300
300
300
300
300
300
300
300
300
300
300
300
300
300
300
300
300
300
300
300
300
300
300
300
300
300
300
300
300
300
300
300
300
300
300
300
300
300
300
300
300
300
300
300
300
300
300
300
300
300
300
300
300
300
300
300
300
300
300
300
300
300
300
300
300
300
300
300
300
300
300
300
300
300
300
300
300
300
133.819
24.2685
73.1122
107.856
86.307
75.4878
322.163
414.199
408.626
436.538
502.609
538.819
545.31
368.184
258.496
93.6051
27.3055
115.033
130.298
113.804
92.0878
332.616
392.483
387.19
403.157
396.035
407.226
395.298
343.799
243.225
84.0147
39.6333
149.273
122.413
138.567
119.644
293.059
343.554
371.418
378.573
364.145
370.386
349.712
330.784
232.171
82.4167
67.3103
200.313
109.07
145.598
141.442
263.518
343.441
364.813
358.14
349.066
354.219
329.185
314.956
222.978
80.2835
110.418
197.783
106.098
144.866
182.278
256.997
343.749
358.455
345.04
343.562
347.677
319.485
301.294
216.527
302.406
346.711
531.706
525.889
521.798
411.151
343.102
375.143
376.366
159.594
69.8157
98.4236
81.6474
178.091
262.406
288.029
391.931
397.412
389.509
457.14
426.313
358.085
354.158
344.252
176.1
81.6704
130.423
100.702
211.918
222.526
273.745
392.763
369.842
366.899
425.432
417.879
382.691
327.929
285.272
186.485
113.38
152.209
115
208.82
258.836
260.647
385.277
356.352
358.785
391.527
406.31
381.838
335.489
275.957
179.125
133.741
150.347
127.042
187.774
274.683
250.82
379.657
349.088
356.483
375.604
384.345
371.263
333.581
259.239
185.449
161.976
146.83
119.667
186.085
279.689
300
300
300
300
300
300
300
300
300
300
300
300
300
300
300
300
300
300
300
300
300
300
300
300
300
300
300
300
300
300
300
300
300
300
300
300
300
300
300
300
300
300
300
300
300
300
300
300
300
300
300
300
300
300
300
300
300
300
300
300
300
300
300
300
300
300
300
300
300
300
300
300
300
300
300
300
300
300
300
300
300
300
300
300
300
300
300
300
300
300
300
300
300
300
300
300
300
300
300
300
300
300
300
300
300
300
300
300
300
300
300
300
300
300
300
300
300
300
300
300
300
300
300
300
300
300
300
300
300
300
300
300
300
300
300
300
300
300
300
300
300
300
300
300
300
300
300
300
300
300
300
300
300
300
300
300
300
300
300
300
300
300
300
300
300
300
300
300
300
300
300
300
300
300
300
300
300
300
300
300
300
300
300
300
300
300
300
300
300
300
300
300
300
300
300
300
300
300
300
300
300
300
300
300
300
300
300
300
300
300
300
300
300
300
300
300
300
300
300
300
300
300
300
300
300
300
300
300
300
300
300
300
300
300
300
300
300
300
300
300
300
300
300
300
300
300
300
300
300
300
300
300
300
300
300
300
300
300
300
300
300
300
300
300
300
300
300
300
300
300
300
300
300
300
300
300
300
300
300
300
300
300
300
300
300
300
300
300
300
300
300
300
300
300
300
300
300
300
299.982
300.616
302.991
299.464
302.461
301.587
288.598
319.419
313.392
263.942
165.386
73.2234
82.8129
300.025
188.18
155.177
175.186
245.917
286.686
327.552
360.961
367.186
366.847
345.664
313.028
290.907
201.21
324.58
303.787
300.015
300
300
300
300
300
300
300
300
300
413.306
300
300
300
300
300
300
300
300
300
300
300
300
300
300
300
300
300
300
300
300
300
300
300
300
300
300
300
300
300
300
300
300
300
300
300
300
300
300
300
300
532.438
300
300
300
300
300
300
300
300
300
300
300
299.998
299.856
300.853
303.953
300.923
302.522
298.667
290.178
364.933
283.437
220.452
151.09
245.027
168.142
136.19
226.502
298.559
335.436
349.521
358.476
396.063
389.61
359.515
326.833
367.512
300.233
300.001
300
300
300
300
300
300
300
300
300
300
300
300
300
300
300
300
300
300
300
300
300
300
300
300
300
300
300
300
300
300
300
300
300
300
300
300
300
300
300
300
300
300
300
300
300
300
300
299.999
299.879
301.326
307.868
299.423
301.026
302.681
285.524
329.769
221.927
131.825
300.078
369.194
299.922
299.999
300
300
300
300
300
300
300
300
300
300
300
300
300
300
300
300
300
300
300
300
300
300
300
300
300
300
300
300
300
300
300
300
300
300
299.994
299.956
300.272
296.852
303.851
300.617
295.466
307.566
305.462
208.111
118.511
300
300
300
300
300
300
300
300
300
300
299.994
295.403
300
300
300
300
300
300
300
300
300
300
300
300
300
300
300
300
300
300
300
300
300
300
300
300
300
300
300
300
300
300
300
300
300
300
300
300
300
300
300
300
300
300
300
300
300
300
316.956
300
300
300
300
300
300
300
300
300
300
300
300
300
299.999
299.995
301.01
301.872
298.813
300.977
295.099
263.337
179.533
168.81
125.086
148.947
300
300
208.235
285.481
352.203
178.369
222.641
199.145
300
299.919
300
299.999
300.001
297.391
301.187
300
300
300
300
300
299.993
300.006
300
300
300
300
300
300
300
300
276.356
327.561
341.194
366.938
401.922
485.15
416.69
331.945
315.978
321.809
300
300
300
300
300
300
300
300
300
300
155.192
104.239
253.235
300
300
300
300
300
323.072
300
300
300
300
300
300
300
300
300
300
300
300
300
300
300
300
300
300
300
300
300
300
300
300
300
300
300
300
114.676
300
300
300
300
300
300
300
300
300
300
300
300
300
300
300
300
300
300
300
300
300
299.999
299.546
298.969
301.451
301.519
301.619
300.484
287.552
213.677
181.238
155.482
300
300
241.813
300
300
300.072
300
300
300
300
300
300
300
300
300
300
300
342.749
335.346
351.83
381.507
434.249
358.001
436.668
300
210.819
279.5
298.121
300
428.385
300
300
176.772
239.534
296.599
299.953
299.662
300.803
300.179
299.753
300
300
300
300
300
300
300
300
300
300
300
300
300
300
300
300
300
300
300
300
300
300
300
300
300
300
300
300
300
300
300.1
299.756
299.999
300
300
300
300
300
300
300
300.38
148.711
300
300
300
300
300
300
300
300
300
300
300
300
300
300
300
299.655
300
300
300
300
300
300
300
300
300
281.594
300
300
300
300
300
300
300
300
300
300
295.635
300
276.515
300
300
246.842
300
300
300
300
300
300
300
300
300
300
300
300
300
300
300
300
300
300
300
300
300
301.806
300
300
300
300
300
300
300
300
300
300
299.9
300.293
300.212
301.475
140.31
300.325
300.556
300
300
299.712
298.076
280.683
300
300
300
300
300
300
166.332
300
300
300
300
300
300.881
300
359.538
300
300
300
300
300
300
300
300
300
300
300
309.943
326.755
299.974
300
384.667
343.035
306.43
300
300
300
300.083
301.395
300
300
300
300
300
300
350.656
422.316
422.565
366.356
300
300
300
300.007
300.001
300
300
274.7
280.879
283.006
300
300
164.177
165.919
300
298.6
300
300
300
305.596
300
300
300
300
300
300
300
300
300
300
300
300
300
299.36
300.004
300
326.649
300
300
300
300.124
299.143
300
300
300
300
300
300
300
300
300
300
300
300
300
300
300
300
300
300
300
299.961
299.968
299.452
180.608
300
299.083
290.114
294.125
300
212.708
300
300
210.82
250.251
269.416
300
300
300
268.335
300.426
247.121
354.012
300.069
300.046
375.614
300
321.918
308.049
315.722
300
300
300
300
300
300
297.402
300.206
299.999
300
270.377
300
300
300
300
300
300
300
300
299.777
300
303.898
300
300
300
300
300
300
300
300
300
300
300
300
300
300
300
300
300
300
300
300
300
298.633
300.004
300.001
300
300
300
300
300
300
300
300
300
314.275
300
300.256
299.971
300
299.33
300
300
300
300
300
300
300
300
300
300
300.91
300
335.938
300
300
300.248
299.345
300.448
300
300
300
300
300
300
281.835
300
300
300
300
300
300
300
300
300
299.956
299.967
300.014
300
299.888
299.94
357.724
300
300
300
300
300
300
300
300
300
300
300
300
300
300
300
300
300
300
376.891
300
300
300
300
300
300
300
300
300
300
270.186
300.594
299.985
299.94
300.963
300.065
300.005
300
300
300
300
300
300
240.674
300
300
300
300
320.234
300
298.8
300
300
300
300
295.938
300
300.589
300.142
300
300
300
300
300.633
300.944
300
300
300
293.364
300
300
344.534
300
300
300.145
300
300
300
300
300.728
307.623
298.438
300
300
300
300
300
300
300
300.545
302.712
299.995
374.641
305.306
300
294.571
299.948
300
300
300
294.049
300
300
300
300
300
300
300
300
300
300
300
300
300
300
300
300
300
352.501
300
300
300
300
300
345.7
305.79
299.903
315.699
300
300
299.778
300
300
300
300
298.709
300
300.914
300
294.995
300
300
300
300
300
300
300
300
299.883
300
300
300.015
300
306.71
300.286
300.065
300.022
300.036
300
300
300
300
300
300
362.102
300
300
300
360.116
300
300
300
300
300
300
300.001
300.644
299.988
300
299.709
300
337.097
301.334
300
299.999
300.001
299.999
300
300
300
300
300
300
300
300
300
301.247
264.928
302.688
266.098
300
300
300
300
300
300
300
300
300
300
350.365
300.298
300.281
300
300.786
300
300
300
300
355.729
300
300
300
300
300
300
299.998
299.996
300
300
300
300
300
300
300
300
300
300
300
300
300
300
299.609
300.708
300
300
300
300
300
300
300
300
300
300
300
300
300
321.411
300
300
300
300.001
300
300
300
300
300
300
300
300
300
300
300.004
300.003
300.018
300
300
303.707
300
300
300
300
300
299.779
300
300
300.142
300
299.999
300.03
300.002
300
300
299.568
300.206
378.063
300
300
300
300
300
300
300
299.935
299.958
300
299.699
300
300.1
300
326.019
300
300.023
299.912
303.319
319.436
300
300
300
300
359.81
354.524
301.364
299.785
300
302.966
306.584
300
277.045
300
300
300
300
300
300
300
299.401
299.521
304.945
300
316.685
300
300
300
300
300
300
300
300
300
300
358.816
344.131
300
300
300
300
300
300
300
300
300
301.452
300
300
300
300.07
300
300.003
300
300
300
300
300
300
300.446
300
300
299.758
300.009
300.031
300
300
300.239
300
300
300
300
300
300
300
300
300
315.961
300
300.104
300
300
300
300
300
300
300
300
300
299.979
300
300
300.106
300.006
300
300
299.999
300
299.997
299.986
342.115
300
299.997
300
300
300
300
300
300.175
346.679
330.201
300
300
300
300
300
300
300
300
300
300
316.74
300.203
300
299.87
300
300
300
300
299.998
300
300
299.995
311.557
360.119
299.818
299.954
300.024
300.139
300
299.99
300.003
300
303.484
300.724
300
315.479
300.846
302.029
299.941
300.025
299.918
299.996
300.256
300
300
300
300
300
300
300.179
300
300
300
300
300
300
300
300
336.928
325.187
300
300
300
300.193
300
300
300
305.411
307.693
300.001
300.002
300
300.001
300
300
299.965
299.963
299.584
299.998
332.631
299.983
300.009
300.011
300.001
328.294
314.196
300
299.989
311.232
313.633
309.864
300.1
300.161
299.869
309.831
307.432
300.006
300
300
303.657
300
300
300
300
300
300
300
300
305.278
301.303
299.985
300.176
300.069
299.998
299.991
300.002
300
300
300
300
300
300.095
300.72
300
300.01
300.003
304.817
300
299.935
299.929
300
303.48
304.186
300
299.878
299.715
300.001
299.999
300.001
300.001
300.004
300
300
310.765
311.559
300
300
300
300
300.009
299.891
300.59
300.375
299.993
300.011
302.894
300
299.961
300
308.851
304.497
300
301.579
300
299.987
300.002
301.399
301.399
301.011
300.807
300.001
300.005
300.001
300.02
300.003
300
299.998
300.015
299.988
300.028
300.573
300.041
300.01
300.101
300
300.007
300.001
300.097
300.001
300.052
300.212
300
300.976
300.039
300.249
300.001
300.001
300.043
300.229
300
300.001
300.02
300.004
300
300
300
300
300
300
300
300
300
300
300
300
300.013
303.767
340.784
213.325
375.612
342.421
366.156
377.959
373.374
345.062
307.495
252.038
215.182
204.886
161.57
156.181
161.088
202.38
241.872
229.698
236.991
199.375
238.924
261.371
290.543
303.146
302.156
299.865
298.769
302.289
299.942
300
300
300
300
300
300
300
300
300
300
300
300
300
300
300
300
300
300
300
300
300
300
300
300
300
300
300
300
300
300
300
300
300
300
300
300
300
300
300
300
300
300
300
397.432
300
300
300
300
300
300
300
300
300
300
300
300
607.664
300
300
300
300
300
300.001
300.211
375.681
299.999
340.294
382.1
402.004
363.481
320.397
289.021
251.8
204.3
200.281
179.238
152.629
141.954
215.994
218.479
189.116
257.278
276.429
300.375
299.832
300.723
303.979
298.703
301.696
299.91
300
300
300
300
300
300
300
300
300
300
300
300
300
300
300
300
300
300
300
300
300
300
300
300
300
300
300
300
300
300
300
300
300
300
300
300
300
300
300
300
300
300
300
362.149
300
300
300
300
300
300
300
299.994
296.16
257.659
220.773
252.183
272.602
298.139
300.32
304.456
300.486
298.176
303.732
299.923
300
300
300
300
300
300
300
300
300
300
300
300
300
300
300
300
300
300
300
300
300
300
300
300
300
300
300
300
300
300
300
300
300
300
300
300
300
300
300
300
300
300
300
300
300
300
300
300
300
300
300
300
300
300
300
300
300
300
300
300
300
300
300
300
300
300
300
300
300
299.939
300
300
300
300
299.992
299.981
301.466
299.124
301.532
297.056
304.275
284.67
262.653
209.597
201.997
188.622
191.578
300
300
300
300
299.923
300
300
300
321.015
300
300
300
300
300
300
300
300
300
300
299.993
300.074
352.537
296.787
300
300
300
216.04
300
299.999
300
300.006
300
300
300
409.75
300
190.913
253.802
175.709
176.075
194.986
293.604
224.594
211.789
252.12
301.135
285.128
272.657
295.456
299.89
295.807
296.395
298.715
300.756
299.775
300.028
299.332
300.304
300.311
300.201
301.033
300.265
300.578
299.966
300.034
300.659
299.998
299.813
299.828
300
300
299.796
299.967
300
300
300
300
300
300
300
300
300
300
300
300
300
300
300
300
300
300
300
300
300
300
300
300
300
300
300
300
300
300
300
300
300
300
300
300
300
300
300
300
300
300
300
300
300
300
300
300
300
300
300
300
300
356.344
300
437.144
429.631
312.325
249.01
218.049
214.897
193.22
179.572
195.737
171.829
206.866
160.364
166.555
300
300
300
300
300
300
300
300
300
349.059
316.754
300
300
300
159.174
300
300
300
299.877
300
300
338.145
300.741
300.388
300
300
300
300
301.453
352.58
300
300
300
210.99
299.973
300
298.779
300
300
300
300
300
300
300
300
300
300
300
300
300
300
300
300
300
300
300
300
300
300
300
300
300
300
300
300
300
300
300
300
300
300
300
300
237.646
314.55
612.326
400.815
376.863
300
300
449.482
218.151
212.402
173.355
300
300
300
300
300
300
300
300
300
300
300
300
300
300
300
300
300
300
300
300
300
300
300
300
300
300
300
300
300
300
300
300
300
300
300
300
300
300
300
300
300
300
300
300
300
300
300
300
300
300
300
300
300
300
300
300
300
218.283
300
300.101
299.676
300
300
300
196.021
300
300.038
300
300
300
301.879
363.831
299.519
300
300
202.793
207.881
231.421
299.891
300
299.999
300
300
300
300
300
300
300
300
299.791
299.992
300
300
300
300
300
300
300
300
300
300
300
300
315.648
401.458
300.917
300.067
298.885
300
300
300
308.573
300
300
300
300
300
300
300
300
300
300
300
300
300
300
300
300
300
300
300
300
300
300
300
300
300
300
300
300
300
300
300
300
300
300
300
300
300
300
300
300
300
300
300
300
300
323.805
321.345
308.499
403.161
300
300
300
300
300.054
300.046
181.535
198.973
300
300
206.683
222.24
300
300
300.599
300.359
299.799
300.144
300
303.034
300.067
307.595
300
300
300
300
300
200.068
313.71
300
300
300
300
300
300.73
300
300
300
300
300
300
299.47
300
236.63
232.668
300.793
300.094
300
300
300
300.006
300.009
300
340.662
260.409
300.042
292.17
274.933
287.447
299.878
299.25
296.75
295.661
298.354
434.629
300
214.728
299.071
298.567
300
300
300
300
300
300
300
300
299.731
300
300
300
381.972
300
300
300
300
300
300
300
300
300
300
300.702
300
300
300
300
300
300
300
300
300
300
300
300
212.862
300
300
300
300
300
300
338.362
242.325
300
300
300
300
300
300
300
300
300
300
300
300
300
300
300
300
300
300
300
300
300
300
299.999
300
300
300
300
300.142
300
300
300
299.992
299.999
300
268.472
300
300
300
299.999
299.995
300
303.965
300
300
287.419
300.106
300
299.652
300.114
300
271.317
300
300
373.051
300
300
300
300
300.176
300
300
300
300
300
310.721
300
300
300
300
300
300
300
300
228.502
233.175
299.975
300
300
300
300
300
299.999
300
332.521
300
300
300
300
300
300
300
300
236.019
300
300
300
300
300
300
300
300
300
300
300
300
300
299.921
275.789
300
300
300
300
401.268
299.682
300.094
300.147
269.179
300
300
300.882
300
300
299.928
300.11
299.702
299.834
300
300
300
300
326.21
326.551
322.948
300
300
300
300
271.477
312.857
300.534
300.949
300
300
300
300
280.918
300
300.013
329.065
300
300
300
299.928
241.072
300
271.565
300
300
310.634
300
300
300
300
300
300
300
300
300
300
300
300
300
300.258
299.893
300
300
300
300
299.799
299.98
300
300
300
276.688
300
300
418.866
302.358
297.477
300
300
300
299.81
300
300
300.153
300.018
300.293
300
300
300
300
300.175
300
300
300
300
300
300
300
300
300
300
300
300
300
300
300
300
300
299.999
300
300
300
300
300
300
356.649
300
300
300
300
300
300
300
300
300
300
300
300
300
300
300
300
300
300
299.999
300
300
299.999
335.591
300
300
300
294.659
287.102
312.262
300
300
300
301.229
300
299.994
307.478
300
300
300
300
300
299.982
300
300
300
300
300
320.035
299.058
299.753
285.873
314.818
310.135
318.118
300
300
300
300
299.992
300
300.124
300
300
299.715
300
300
300
300
300
300
399.387
342.902
358.312
326.267
300
300
300
300
300
300
300
300
300
299.844
300
300
300
299.987
299.967
300
300
300
300
300
300
335.742
411.071
355.289
300
300
300
300
300
299.991
299.976
299.988
406.108
449.779
300
300
300
300
300
300
300
300
300
300
300
300
300
300
300
300
300
300
300
300
300.002
300
299.782
299.894
299.999
300
300
300
300
300
299.995
299.995
299.988
300.272
300
300
300
300
315.959
300
328.84
308.715
299.909
299.913
299.784
299.768
300
300
300
300
299.992
299.999
300
313.524
300
300.001
300
299.998
299.912
300
300
300
300
300
300.05
300
300
300
300
303.255
300.767
300
300
299.998
300
298.619
300
300.09
300
300
300
300
300
300
299.956
302.046
300
300
300
300
300
300
300
300
300
300
300
300
300
300
300
300
300
299.968
300
300
302.071
300
300.003
300.001
301.995
299.876
315.681
300
300.096
300.066
300
300
300
300
300
300
300
300
300
300
305.355
305.668
299.962
300
300
300
300
300
299.986
299.998
300
300.005
300
302.115
300
300
300
300
300
300
300.001
300
301.086
300.221
300.164
300.117
299.816
300
300
300
300
300
300
300
318.728
300
300
300
300
299.928
300
299.892
300
300.065
300
300
300
300
300
300
300
300
300
300
300.113
300.001
300
300
299.997
299.991
299.999
300
300
300
300
300
299.969
299.993
300
300
300
300.001
300
300
300
299.999
300
300
382.085
300
300
300
300
300
300
299.946
299.996
300
299.965
300
300.008
300
301.139
299.983
299.936
300
300
309.924
299.941
305.659
299.23
299.958
300
299.962
299.953
300
300
300
300.109
300
300.052
300
300.621
301.168
301.668
300.982
300
384.506
300.016
349.913
382.127
331.272
310.908
300
392.154
299.999
300.072
300.058
300.07
300
300
300
300
300
300
426.108
418.665
300
300.002
300
299.975
300
300
305.962
299.966
300
300
300
300
300
300
300.084
396.153
300
306.335
402.8
300
380.042
300
299.857
303.036
300
299.91
300
300
300
395.242
310.955
300
299.89
300
300.482
301.078
300.006
299.931
300.043
300.243
300
300
301.318
300
300.005
299.966
300.016
300.004
300.015
299.95
300.006
300
300
300
300.779
300.122
299.976
300
300
328.694
327.331
299.961
308.415
299.912
302.247
300
300
300
300.034
300.417
300.047
300
300
305.697
302.36
303.906
300.838
299.941
300
299.998
299.993
300.001
300
300
300
299.997
300
299.988
299.96
299.995
300
300.018
300
300.339
301.346
307.276
300.027
300
299.999
300
300.041
300
300.009
300
300
300
300
300
300
300
300.001
299.97
300
300
300.058
300
300
300.001
300.009
300.001
300.777
300.25
300.007
299.998
300.135
304.448
300.004
299.981
299.999
299.988
300
300
300
300.001
299.983
300.001
299.988
300.004
300.066
300.176
300.974
300.001
300.016
300.394
300.12
300.68
300.003
302.668
300.001
300
300.006
300
300.022
300.002
300.014
300.064
)
;

boundaryField
{
    bullet
    {
        type            zeroGradient;
    }
    topWall
    {
        type            inletOutlet;
        inletValue      uniform 300;
        value           nonuniform List<scalar> 
50
(
300
300
300
300
300
300
300
300
300
300
300
300
300
300
300
300
300
300
300
300
300
300
300
300
300
300
300
300
300
300
300
300
300
300
300
300
300
300
300
300
300
300
300
300
300
300
300
300
300
300
)
;
    }
    bottomWall
    {
        type            inletOutlet;
        inletValue      uniform 300;
        value           nonuniform List<scalar> 
50
(
300
300
300
300
300
300
300
300
300
300
300
300
300
300
300
300
300
300
300
300
300
300
300
300
300
300
300
300
300
300
300
300
300
300
300
300
300
300
300
300
300
300
300
300
300
300
300
300
300
300
)
;
    }
    inlet
    {
        type            fixedValue;
        value           uniform 300;
    }
    outlet
    {
        type            inletOutlet;
        inletValue      uniform 300;
        value           nonuniform List<scalar> 
30
(
300
300
300
300
300
300
300
300
300
300
300
300
300
300
300
300
300
300
300
300
300
300
300
300
300
300
300
300
300
300
)
;
    }
    defaultFaces
    {
        type            empty;
    }
}


// ************************************************************************* //
