/*--------------------------------*- C++ -*----------------------------------*\
  =========                 |
  \\      /  F ield         | OpenFOAM: The Open Source CFD Toolbox
   \\    /   O peration     | Website:  https://openfoam.org
    \\  /    A nd           | Version:  6
     \\/     M anipulation  |
\*---------------------------------------------------------------------------*/
FoamFile
{
    version     2.0;
    format      ascii;
    class       volScalarField;
    location    "0.0003";
    object      alphat;
}
// * * * * * * * * * * * * * * * * * * * * * * * * * * * * * * * * * * * * * //

dimensions      [1 -1 -1 0 0 0 0];

internalField   nonuniform List<scalar> 
3704
(
0.390857
0.390781
0.392229
0.392578
0.392376
0.391942
0.391881
0.391748
0.392806
0.392817
0.392875
0.392095
0.392124
0.39301
0.393009
0.392955
0.393612
0.393479
0.391946
0.391958
0.392626
0.392288
0.393099
0.391845
0.391571
0.392765
0.392751
0.39278
0.39301
0.391096
0.391139
0.391112
0.390964
0.390768
0.390592
0.390429
0.391159
0.394099
0.393255
0.392915
0.392784
0.392738
0.392734
0.392747
0.392763
0.392775
0.392782
0.392784
0.392775
0.392777
0.390863
0.390808
0.393368
0.393705
0.393435
0.392336
0.392114
0.39191
0.393633
0.393193
0.393868
0.393066
0.39328
0.393843
0.394104
0.394075
0.393915
0.394012
0.392381
0.392853
0.393215
0.392291
0.394009
0.392638
0.392573
0.393763
0.393787
0.393836
0.394093
0.391334
0.391197
0.391149
0.390988
0.390781
0.390599
0.390432
0.390329
0.393214
0.393999
0.393912
0.393796
0.393764
0.393791
0.39384
0.393885
0.393912
0.393924
0.393922
0.393887
0.393888
0.390875
0.390744
0.393875
0.394409
0.394162
0.392843
0.392446
0.392149
0.393217
0.393316
0.394253
0.39394
0.394153
0.394249
0.394376
0.394381
0.393818
0.393722
0.392941
0.393719
0.393699
0.392952
0.393596
0.392884
0.393545
0.394369
0.394246
0.394197
0.39386
0.39143
0.391267
0.3912
0.391019
0.390797
0.390605
0.390432
0.390267
0.391424
0.392993
0.393663
0.393987
0.39422
0.394406
0.39455
0.394646
0.394694
0.394708
0.3947
0.394634
0.394637
0.390889
0.390691
0.393948
0.394715
0.394457
0.393237
0.392708
0.392343
0.392737
0.393214
0.394232
0.394295
0.394439
0.394397
0.394228
0.394183
0.393783
0.393613
0.393405
0.394082
0.393825
0.393132
0.392667
0.392914
0.394059
0.394566
0.394175
0.393964
0.393003
0.391386
0.391305
0.39123
0.391032
0.390798
0.390599
0.390423
0.390254
0.390501
0.391653
0.392724
0.39354
0.394153
0.394573
0.394851
0.395014
0.395089
0.395108
0.395097
0.395003
0.395021
0.390904
0.390663
0.393812
0.394678
0.394437
0.393353
0.392766
0.392379
0.392483
0.393076
0.394021
0.394235
0.394335
0.394287
0.393952
0.393852
0.393684
0.393558
0.393565
0.394031
0.393697
0.392962
0.392001
0.392834
0.394118
0.394452
0.393874
0.393551
0.39232
0.391291
0.391281
0.391204
0.391002
0.390768
0.39057
0.390397
0.390231
0.390196
0.390863
0.391948
0.393004
0.393855
0.394431
0.394798
0.395004
0.395095
0.395119
0.39511
0.394994
0.395046
0.00267009
0.00374797
0.00244027
0.0070446
0.00243479
0.00163428
0.00990568
0.0157362
0.0356315
0.0471643
0.0407224
0.0446802
0.0531691
0.0496856
0.066124
0.0114561
0.00374411
0.0034024
0.0100171
0.00576504
0.00523129
0.0343288
0.0599619
0.0833635
0.113232
0.161559
0.289459
0.330926
0.295393
0.414321
0.0318096
0.00404501
0.00636403
0.013991
0.0121991
0.0145243
0.0757431
0.103433
0.137115
0.146072
0.183794
0.333782
0.383085
0.413069
0.824734
0.0760003
0.00519329
0.0136757
0.0233359
0.0189289
0.0235521
0.0922247
0.127767
0.154097
0.148706
0.222709
0.311927
0.364251
0.436965
1.21068
0.14846
0.00661845
0.0250172
0.0307408
0.0314278
0.0339741
0.0982102
0.137052
0.148949
0.155501
0.238033
0.290043
0.348834
0.414519
1.59257
0.0552137
0.0458157
0.050659
0.04241
0.038432
0.0305176
0.0271035
0.0145258
0.00547919
0.00386466
0.00154426
0.00737438
0.000983116
0.00318977
0.00393946
0.370757
0.336417
0.388885
0.275738
0.223765
0.165211
0.0788933
0.0502895
0.028528
0.0172578
0.00362782
0.00873682
0.00118975
0.00277636
0.0191286
0.741971
0.520789
0.520059
0.38949
0.317772
0.264735
0.135821
0.0955004
0.0637879
0.036054
0.0137201
0.0135269
0.00458242
0.00235282
0.0322177
1.10781
0.614556
0.560606
0.427309
0.380855
0.32573
0.192318
0.132856
0.10577
0.0534612
0.0276054
0.0209067
0.0132021
0.00377365
0.0562366
1.49705
0.675504
0.574393
0.430385
0.416666
0.379634
0.247558
0.16662
0.145599
0.0714905
0.0373912
0.0226986
0.0209247
0.00703501
0.0768339
0.392774
0.392773
0.392782
0.392782
0.39278
0.392774
0.392761
0.392745
0.392733
0.392741
0.392791
0.392931
0.393291
0.394178
0.390101
0.390244
0.390453
0.390733
0.391055
0.391137
0.390913
0.39112
0.392928
0.39277
0.392773
0.392784
0.392562
0.392903
0.393229
0.391901
0.391783
0.391743
0.393417
0.39206
0.392167
0.391911
0.392125
0.393502
0.392798
0.392799
0.392986
0.392123
0.391326
0.390836
0.3911
0.392212
0.391821
0.391472
0.391608
0.390839
0.393876
0.393876
0.393911
0.393918
0.39392
0.393909
0.393879
0.393833
0.393786
0.393765
0.393807
0.393924
0.393974
0.392971
0.3901
0.390249
0.39047
0.390771
0.391119
0.391222
0.391092
0.391742
0.393942
0.393876
0.393886
0.393898
0.393782
0.392961
0.394058
0.392228
0.392031
0.392012
0.393984
0.392467
0.392855
0.392539
0.392312
0.393988
0.39389
0.393874
0.393949
0.393155
0.391522
0.390904
0.391243
0.392371
0.392268
0.391982
0.391469
0.390845
0.394617
0.394615
0.394678
0.394694
0.394704
0.394691
0.394637
0.394536
0.394389
0.394203
0.393975
0.393625
0.392867
0.391133
0.390099
0.390255
0.390492
0.390825
0.391213
0.391341
0.391318
0.392417
0.394204
0.394584
0.39462
0.394628
0.394501
0.393631
0.394009
0.392713
0.392406
0.392322
0.393466
0.392877
0.393578
0.393257
0.392412
0.393609
0.394464
0.394519
0.39443
0.393883
0.391722
0.390994
0.391433
0.39268
0.392864
0.392619
0.39124
0.390855
0.394994
0.39498
0.395068
0.395087
0.395103
0.395085
0.395002
0.394828
0.394541
0.394108
0.393496
0.39264
0.391491
0.3903
0.390092
0.390252
0.390503
0.390863
0.391284
0.391429
0.391463
0.392819
0.394146
0.394888
0.394965
0.394976
0.394836
0.394195
0.393913
0.393122
0.392729
0.392585
0.39319
0.39313
0.39394
0.393659
0.392494
0.393257
0.39458
0.394784
0.394674
0.394075
0.391785
0.391053
0.391563
0.392899
0.393292
0.393041
0.391039
0.390868
0.395017
0.394974
0.39508
0.395095
0.395111
0.395093
0.394991
0.394771
0.394389
0.393792
0.392941
0.391847
0.390711
0.390054
0.390076
0.390235
0.390487
0.390852
0.391281
0.391429
0.391477
0.392885
0.393969
0.394845
0.394948
0.394964
0.394833
0.394361
0.393823
0.393259
0.392833
0.392665
0.393075
0.393162
0.393928
0.393685
0.392473
0.392995
0.394412
0.394725
0.394649
0.393944
0.391718
0.391043
0.391573
0.392895
0.393395
0.393133
0.390884
0.390883
0.391312
0.391417
0.391393
0.391417
0.391387
0.391291
0.390204
0.389809
0.389793
0.389778
0.389794
0.389804
0.389785
0.389787
0.389785
0.389736
0.389672
0.389654
0.389675
0.389672
0.389705
0.389727
0.389706
0.389685
0.389659
0.389645
0.389654
0.389687
0.389727
0.389754
0.38974
0.389622
0.389619
0.389619
0.389619
0.389619
0.389619
0.389619
0.389619
0.389619
0.389619
0.389619
0.389619
0.389619
0.389619
0.389619
0.389619
0.389619
0.389619
0.389619
0.389598
0.386988
0.4116
0.362423
0.297158
0.154266
0.093346
0.0251702
0.00341739
0.149787
0.0856275
0.389672
0.0399018
0.0454206
0.0613204
0.056555
0.104229
0.136854
0.166877
0.202064
0.242184
0.270881
0.345103
0.325664
2.73537
1.70668
0.389371
0.389638
0.389619
0.389619
0.389619
0.389621
0.389664
0.390201
0.390587
0.389642
0.389619
0.138974
0.390872
0.391375
0.390852
0.391408
0.390878
0.390897
0.39141
0.391415
0.389876
0.389803
0.389779
0.389783
0.389803
0.389789
0.389787
0.389793
0.389768
0.389713
0.389647
0.389676
0.389664
0.389682
0.389726
0.389717
0.389695
0.389673
0.38965
0.389646
0.389669
0.389707
0.389743
0.389715
0.389796
0.389619
0.389619
0.389619
0.389722
0.389619
0.389619
0.389619
0.0701077
0.389619
0.389619
0.389619
0.389619
0.389619
0.389619
0.389619
0.389619
0.389619
0.389619
0.389619
0.389619
0.389619
0.389618
0.389555
0.370847
0.379289
0.431526
0.161469
0.155598
0.0628526
0.0390867
0.0556046
0.038434
0.0109914
0.0486497
0.0605338
0.0754221
0.124358
0.138769
0.18344
0.233248
0.240059
0.262528
0.299651
0.21486
0.389817
0.389621
0.389619
0.389619
0.389619
0.389619
0.389619
0.389629
0.389788
0.390603
0.390875
0.390899
0.390881
0.389721
0.389719
0.389717
0.389726
0.389729
0.389717
0.389717
0.389711
0.389677
0.38964
0.38963
0.389637
0.389647
0.389678
0.389688
0.389676
0.389664
0.389645
0.389631
0.389628
0.389642
0.389664
0.389685
0.389619
0.389619
0.389619
0.389619
0.389619
0.389619
0.389619
0.389619
0.389619
0.389619
0.389619
0.389619
0.389619
0.389619
0.389619
0.389619
0.389608
0.37552
0.405214
0.383822
0.200976
0.18993
0.0968551
0.0582
0.389837
0.283244
0.391028
0.389622
0.389619
0.389619
0.389619
0.389624
0.389708
0.389729
0.389718
0.389719
0.389718
0.389698
0.389662
0.389629
0.389639
0.389638
0.38966
0.389691
0.389683
0.389671
0.389655
0.389638
0.389627
0.389634
0.389653
0.389673
0.389619
0.389619
0.389619
0.389619
0.389619
0.389619
0.389619
0.389619
0.389619
0.389619
0.389619
0.389619
0.389617
0.389507
0.381768
0.348512
0.435163
0.188875
0.105649
0.0455687
0.0459965
0.38975
0.389721
0.389934
0.389619
0.389619
0.389619
0.389619
0.389938
0.389641
0.38962
0.389701
0.387971
0.389619
0.390393
0.390369
0.390553
0.390449
0.389632
0.389619
0.389679
0.38962
0.38962
0.389619
0.38962
0.389619
0.389619
0.38962
0.38962
0.38962
0.38962
0.389619
0.389619
0.389619
0.389619
0.389619
0.389619
0.38962
0.38962
0.389619
0.389619
0.389619
0.389619
0.389619
0.389619
0.389619
0.389619
0.389619
0.38962
0.389619
0.389619
0.389619
0.389619
0.389619
0.389619
0.389619
0.389621
0.389624
0.38962
0.242096
0.389923
0.389619
0.389619
0.389619
0.389619
0.389619
0.389619
0.389619
0.389619
0.389619
0.389619
0.389619
0.389619
0.389619
0.389619
0.389618
0.389608
0.365835
0.352238
0.389212
0.266972
0.13697
0.112473
0.0536772
0.0349832
0.38969
0.38965
0.0797203
0.0510355
0.200496
0.0643497
0.0781011
0.0890991
0.389619
0.390857
0.389619
0.389622
0.38962
0.402467
0.391952
0.389619
0.389619
0.389619
0.389619
0.389623
0.389701
0.389635
0.389699
0.38962
0.389621
0.38962
0.389619
0.389638
0.389659
0.390574
0.0732549
0.106757
0.137846
0.167518
0.202494
0.2946
0.205365
0.219327
0.240077
0.219439
0.389619
0.389619
0.390422
0.390134
0.390091
0.389619
0.389619
0.390167
0.38962
0.389619
0.0351009
0.0475925
0.0540754
0.390178
0.389619
0.389619
0.39044
0.390141
0.3286
0.389619
0.389619
0.389619
0.389619
0.38962
0.389619
0.389619
0.389628
0.389916
0.38962
0.38962
0.38962
0.38962
0.389619
0.389619
0.389619
0.389619
0.389619
0.38962
0.38962
0.389619
0.389619
0.389619
0.389619
0.389619
0.389619
0.389619
0.389621
0.0531852
0.389619
0.389619
0.389619
0.389619
0.389619
0.389619
0.389619
0.389619
0.389619
0.389781
0.389619
0.389619
0.389619
0.389619
0.389619
0.389619
0.389619
0.389619
0.389619
0.389619
0.389619
0.389619
0.389619
0.389616
0.382718
0.389083
0.398972
0.402556
0.327425
0.140256
0.160416
0.0745537
0.389619
0.389619
0.0742103
0.390364
0.389767
0.389807
0.389619
0.389619
0.390421
0.390108
0.390128
0.389619
0.389619
0.389619
0.389619
0.390078
0.389619
0.135338
0.0933638
0.180414
0.207076
0.274757
0.227852
0.286944
0.389619
0.123197
0.32514
0.375088
0.389619
0.329809
0.389619
0.389619
0.0795616
0.197322
0.340818
0.414678
0.37819
0.389586
0.389619
0.389619
0.389619
0.389619
0.389619
0.389619
0.389619
0.389619
0.389619
0.389619
0.389619
0.389619
0.389619
0.389619
0.389619
0.389619
0.389619
0.389619
0.389619
0.389619
0.389619
0.389619
0.389619
0.389619
0.389619
0.389619
0.389619
0.389619
0.389619
0.389619
0.389619
0.389619
0.389616
0.389619
0.389619
0.389619
0.389619
0.389619
0.389619
0.389619
0.389619
0.389619
0.364923
0.0624561
0.389619
0.389619
0.389619
0.389619
0.389619
0.389619
0.389738
0.389875
0.389619
0.389619
0.389619
0.389619
0.389619
0.389619
0.389619
0.389618
0.389619
0.389619
0.389619
0.389619
0.389619
0.389619
0.389619
0.389619
0.389619
0.0785662
0.389619
0.389619
0.389619
0.389619
0.389619
0.389619
0.389619
0.389619
0.389619
0.389619
0.387686
0.389619
0.117057
0.389619
0.389619
0.0625988
0.389619
0.389619
0.389619
0.389619
0.389619
0.389619
0.389619
0.389619
0.389619
0.389619
0.389619
0.389619
0.389619
0.389619
0.389619
0.389619
0.389619
0.389619
0.389619
0.389619
0.389619
0.359472
0.389619
0.389619
0.389619
0.389619
0.389619
0.389619
0.389619
0.389619
0.389619
0.389619
0.389619
0.388833
0.389619
0.389619
0.0632408
0.395131
0.373066
0.389619
0.389619
0.428749
0.390226
0.306806
0.389619
0.389619
0.389643
0.389619
0.389619
0.389625
0.0563257
0.389619
0.389619
0.38974
0.389887
0.389677
0.391211
0.389619
0.123842
0.389619
0.389619
0.389619
0.389619
0.389619
0.389619
0.389619
0.389619
0.389647
0.389632
0.389679
0.382989
0.369478
0.396533
0.389619
0.162467
0.0863811
0.403845
0.389619
0.389619
0.389619
0.378209
0.391053
0.389619
0.389619
0.389619
0.389619
0.389619
0.389619
0.306721
0.185842
0.195265
0.29433
0.38962
0.389619
0.389621
0.389628
0.38962
0.389619
0.389619
0.177467
0.253317
0.140475
0.389619
0.389619
0.0827025
0.0661079
0.389919
0.32516
0.389619
0.389619
0.389896
0.39878
0.389619
0.389619
0.389922
0.389793
0.389784
0.389619
0.389619
0.389619
0.389619
0.389619
0.389619
0.389619
0.389619
0.381145
0.38966
0.389619
0.0772862
0.389619
0.389619
0.389619
0.373395
0.389595
0.389619
0.389619
0.389619
0.389619
0.389619
0.389619
0.389619
0.389619
0.389619
0.389619
0.389619
0.389619
0.389619
0.389619
0.389619
0.389619
0.389619
0.389619
0.389619
0.389619
0.389619
0.389619
0.0576703
0.389619
0.402563
0.357486
0.346051
0.389619
0.131051
0.389628
0.389623
0.0810742
0.114386
0.0755048
0.389619
0.389619
0.389619
0.085269
0.0782971
0.119549
0.0994064
0.389717
0.390102
0.144377
0.389619
0.380346
0.404533
0.387438
0.389622
0.389619
0.389619
0.389619
0.389619
0.389619
0.367613
0.389619
0.389619
0.389619
0.0972136
0.389619
0.389619
0.389619
0.389619
0.389619
0.389619
0.389619
0.389619
0.389619
0.389619
0.401112
0.389619
0.389619
0.389619
0.389619
0.389619
0.389619
0.389619
0.389619
0.389768
0.389622
0.389619
0.389619
0.389619
0.389619
0.389619
0.389619
0.389619
0.389619
0.389619
0.389619
0.389619
0.38854
0.389654
0.389626
0.389619
0.389619
0.389619
0.389619
0.389619
0.389619
0.389619
0.389619
0.389619
0.0851458
0.389619
0.409907
0.389619
0.389619
0.395876
0.389619
0.389619
0.389619
0.389619
0.389619
0.389619
0.389619
0.389619
0.389619
0.389619
0.388785
0.389619
0.0747999
0.389619
0.389619
0.359503
0.410914
0.350411
0.389619
0.389619
0.389619
0.389619
0.389619
0.389619
0.0643791
0.389619
0.389619
0.389619
0.389619
0.389619
0.389619
0.389619
0.389619
0.389619
0.389619
0.389619
0.389619
0.389619
0.389619
0.389619
0.0953778
0.389619
0.389619
0.389619
0.389619
0.389908
0.389779
0.389787
0.389619
0.389619
0.389619
0.389619
0.389619
0.389619
0.389619
0.389619
0.389619
0.389619
0.389619
0.132805
0.389619
0.389619
0.389619
0.389619
0.389619
0.389619
0.389619
0.389619
0.389619
0.389619
0.056852
0.38709
0.389618
0.389619
0.389586
0.390006
0.389691
0.389619
0.389619
0.389619
0.389619
0.389619
0.389619
0.0709442
0.389619
0.389626
0.38962
0.389619
0.0788602
0.389619
0.388115
0.389619
0.389619
0.389619
0.389619
0.245767
0.389619
0.383754
0.406816
0.389619
0.389619
0.389619
0.389619
0.388303
0.383821
0.389619
0.389619
0.389709
0.0579628
0.389619
0.389619
0.0827191
0.389619
0.389619
0.390748
0.389619
0.389619
0.389619
0.389619
0.395463
0.0602388
0.0648093
0.389619
0.389619
0.389619
0.389619
0.389619
0.389619
0.389619
0.394609
0.402761
0.389619
0.116008
0.423268
0.389619
0.334147
0.389619
0.38962
0.389626
0.389619
0.0718254
0.389619
0.389619
0.389704
0.389663
0.389619
0.389619
0.389619
0.389619
0.389619
0.389619
0.389654
0.389635
0.389695
0.38962
0.389619
0.389622
0.389619
0.193582
0.389619
0.389619
0.389619
0.389619
0.389619
0.217356
0.124379
0.194242
0.104654
0.389619
0.389619
0.385227
0.389619
0.389619
0.389619
0.389619
0.391471
0.389619
0.395319
0.389619
0.318861
0.389619
0.389619
0.3897
0.389659
0.389661
0.389621
0.389619
0.389619
0.389575
0.389619
0.389619
0.389619
0.389619
0.409229
0.391441
0.39035
0.389619
0.38962
0.389619
0.389619
0.389619
0.389619
0.389619
0.389619
0.0775395
0.389619
0.389619
0.389619
0.0508497
0.389619
0.38962
0.389619
0.389619
0.389619
0.389619
0.389619
0.394624
0.389619
0.389619
0.380626
0.389619
0.0668031
0.382552
0.389619
0.389619
0.389619
0.389619
0.389619
0.389619
0.389619
0.389619
0.389619
0.389619
0.389619
0.389619
0.389619
0.333709
0.0643039
0.0523111
0.0688501
0.389619
0.389619
0.389619
0.389619
0.389619
0.389619
0.389619
0.389619
0.389619
0.389619
0.0894752
0.392354
0.390802
0.389619
0.394205
0.389619
0.389619
0.389619
0.389619
0.131854
0.389619
0.389619
0.389619
0.389619
0.389619
0.389619
0.389619
0.389619
0.389619
0.389619
0.389619
0.389619
0.389619
0.389619
0.389619
0.389619
0.389619
0.389619
0.389619
0.389661
0.389619
0.389619
0.388129
0.387615
0.38962
0.389622
0.389619
0.389619
0.389619
0.389619
0.389619
0.389619
0.389619
0.389619
0.389619
0.389619
0.389619
0.229233
0.389638
0.389619
0.389619
0.389624
0.389619
0.389619
0.389619
0.389619
0.389619
0.389619
0.389619
0.389619
0.389619
0.389619
0.389619
0.389619
0.389619
0.389619
0.389619
0.407374
0.389619
0.389619
0.38962
0.389619
0.389712
0.389617
0.389619
0.389619
0.391848
0.389619
0.389619
0.389828
0.389684
0.389619
0.389619
0.388822
0.389619
0.0729742
0.389619
0.389667
0.389619
0.389619
0.389619
0.389619
0.389619
0.389619
0.389619
0.389619
0.369177
0.389619
0.38956
0.389619
0.0943573
0.389619
0.348939
0.383541
0.400262
0.214581
0.389619
0.389619
0.389619
0.389619
0.128652
0.088371
0.395848
0.388885
0.389619
0.303258
0.212828
0.389619
0.0592837
0.389619
0.389619
0.389619
0.389619
0.389619
0.389619
0.389619
0.397148
0.442844
0.0530384
0.389641
0.111408
0.389619
0.389619
0.389619
0.389619
0.389627
0.389622
0.389637
0.389628
0.389638
0.389622
0.0651107
0.0725244
0.389619
0.389619
0.389619
0.389619
0.389619
0.389619
0.389619
0.389619
0.389619
0.39472
0.389619
0.389619
0.389619
0.389619
0.389619
0.389639
0.389619
0.389619
0.389619
0.389619
0.389619
0.389619
0.403403
0.389619
0.389619
0.389623
0.389926
0.389781
0.389619
0.389619
0.389619
0.389619
0.389619
0.389619
0.389619
0.389619
0.389619
0.389619
0.389619
0.389619
0.0980268
0.389619
0.389623
0.389619
0.389619
0.389619
0.389619
0.389619
0.389619
0.389619
0.389619
0.389619
0.389623
0.389619
0.389619
0.390078
0.389846
0.389619
0.389619
0.389619
0.389619
0.38962
0.389621
0.139966
0.389619
0.389619
0.389619
0.389619
0.389619
0.389619
0.389619
0.38884
0.105078
0.133407
0.389619
0.389619
0.389619
0.389619
0.389619
0.389619
0.389619
0.389619
0.389619
0.389619
0.241554
0.391052
0.389619
0.379433
0.389619
0.389619
0.389619
0.389619
0.389619
0.389619
0.389619
0.389619
0.19553
0.0728586
0.38962
0.389621
0.389526
0.389621
0.38962
0.389619
0.389639
0.389619
0.40101
0.395622
0.389619
0.245493
0.381707
0.342956
0.381145
0.381567
0.389563
0.389619
0.375511
0.389619
0.389619
0.389619
0.389619
0.38962
0.389622
0.390013
0.389619
0.389619
0.389619
0.389619
0.389619
0.389619
0.389619
0.389619
0.0993022
0.113182
0.389637
0.389627
0.389627
0.391383
0.389619
0.389619
0.389619
0.222964
0.195665
0.389626
0.389658
0.389622
0.389628
0.389619
0.389622
0.388471
0.391428
0.385666
0.389727
0.0916394
0.389621
0.389693
0.389665
0.389658
0.100923
0.28879
0.389619
0.389623
0.16411
0.306109
0.154975
0.389958
0.395946
0.393198
0.192753
0.188932
0.389632
0.389619
0.389622
0.339561
0.389622
0.389619
0.389619
0.389619
0.38962
0.38962
0.389619
0.389619
0.425196
0.403513
0.389615
0.391035
0.38999
0.38962
0.389623
0.389637
0.389619
0.389619
0.389619
0.389619
0.389619
0.388998
0.387032
0.389619
0.389734
0.389689
0.219603
0.389619
0.390139
0.389499
0.389619
0.394297
0.377661
0.389619
0.390708
0.401529
0.38962
0.38962
0.389641
0.389634
0.389642
0.389625
0.389619
0.369085
0.363162
0.389619
0.389619
0.389619
0.389619
0.38968
0.38959
0.393606
0.391002
0.389629
0.389747
0.388675
0.389619
0.390108
0.38962
0.426857
0.384315
0.389619
0.388691
0.389619
0.390219
0.389639
0.39418
0.40221
0.402115
0.393398
0.389631
0.389634
0.389623
0.389742
0.389627
0.38962
0.389648
0.389731
0.389673
0.389925
0.39154
0.389743
0.389658
0.390241
0.389621
0.389646
0.389632
0.390098
0.389623
0.390182
0.392422
0.389622
0.395526
0.391438
0.391497
0.389624
0.389622
0.389873
0.390341
0.38962
0.389624
0.389674
0.389638
0.391284
0.391378
0.391391
0.391457
0.391381
0.391312
0.390201
0.389665
0.389621
0.389619
0.389619
0.389619
0.389636
0.386205
2.14716
2.70227
0.726457
0.594142
0.439928
0.424063
0.476044
0.321743
0.229494
0.192065
0.118606
0.0599038
0.0363532
0.034439
0.0187849
0.0649791
0.0105361
0.122633
0.11623
0.190669
0.144821
0.109124
0.297455
0.388657
0.451905
0.384959
0.388135
0.389619
0.389619
0.389619
0.389619
0.389619
0.389619
0.389619
0.389619
0.389619
0.389619
0.389619
0.389619
0.389619
0.389619
0.389619
0.389619
0.389619
0.389619
0.38975
0.389783
0.389756
0.389721
0.389683
0.389655
0.389643
0.389647
0.389659
0.389686
0.389718
0.389694
0.389734
0.389774
0.389788
0.38977
0.389751
0.389764
0.389782
0.389781
0.389788
0.389745
0.389697
0.389736
0.389823
0.390772
0.390603
0.334805
0.389619
0.389691
0.390818
0.391348
0.390828
0.39145
0.39141
0.390931
0.39087
0.39142
0.38994
0.389789
0.0510959
0.389709
0.389629
0.389619
0.389619
0.389619
0.38962
0.389751
0.122851
0.389622
0.636546
0.435634
0.401175
0.45933
0.425876
0.285435
0.216029
0.181051
0.0939593
0.0634565
0.0464762
0.0349989
0.0930545
0.200801
0.161923
0.125522
0.123222
0.390572
0.332878
0.395992
0.386701
0.389617
0.389619
0.389619
0.389619
0.389619
0.389619
0.389619
0.389619
0.389619
0.389619
0.389619
0.389619
0.389619
0.389619
0.389619
0.389619
0.389619
0.389619
0.39091
0.389619
0.38969
0.389761
0.389681
0.389741
0.389702
0.389667
0.389648
0.389643
0.389652
0.389669
0.389711
0.389701
0.389706
0.389753
0.38979
0.389779
0.389759
0.389757
0.389773
0.389779
0.389791
0.389773
0.389706
0.389709
0.389761
0.390079
0.363254
0.389619
0.390879
0.389642
0.38962
0.389619
0.389619
0.389619
0.389703
0.412926
0.136003
0.135278
0.129666
0.114305
0.430628
0.343801
0.454107
0.386441
0.389566
0.389619
0.389619
0.389619
0.389619
0.389619
0.389619
0.389619
0.389619
0.389619
0.389619
0.389619
0.389619
0.389619
0.389619
0.389619
0.389673
0.38965
0.389632
0.389629
0.389634
0.389642
0.38965
0.389671
0.389672
0.389661
0.389683
0.389709
0.389707
0.389698
0.389694
0.389704
0.389719
0.389721
0.389703
0.389673
0.389675
0.389694
0.389873
0.389619
0.389619
0.389619
0.389619
0.389619
0.389619
0.389619
0.389619
0.389619
0.389619
0.389619
0.389619
0.389628
0.389632
0.389638
0.389645
0.389657
0.38968
0.389662
0.389673
0.389697
0.38971
0.389704
0.389692
0.389701
0.389712
0.389719
0.389717
0.389688
0.389669
0.389683
0.389721
0.390965
0.39087
0.389619
0.389619
0.389624
0.389619
0.389619
0.389619
0.389619
0.38649
0.384323
0.383969
0.377842
0.171101
0.102878
0.146616
0.183381
0.107311
0.176593
0.389619
0.38964
0.389661
0.39037
0.390944
0.389638
0.38962
0.389927
0.264952
0.389619
0.389619
0.389623
0.389629
0.389621
0.389619
0.389619
0.389619
0.389619
0.389619
0.389709
0.38984
0.194962
0.395775
0.389619
0.389619
0.389619
0.0237854
0.389619
0.389624
0.38962
0.389637
0.389702
0.389787
0.389661
0.147726
0.389619
0.119093
0.137973
0.0881518
0.113653
0.102641
0.409959
0.128509
0.112535
0.127525
0.367488
0.21176
0.171216
0.273442
0.391556
0.340884
0.402219
0.34058
0.378933
0.396311
0.373326
0.383998
0.39484
0.403366
0.383461
0.389619
0.385819
0.386109
0.389619
0.389537
0.389616
0.389619
0.389619
0.389619
0.389619
0.389619
0.389619
0.389619
0.389619
0.389619
0.389619
0.389619
0.389619
0.389619
0.389619
0.389619
0.389619
0.389619
0.389619
0.389619
0.389619
0.389619
0.389619
0.389619
0.389619
0.38962
0.389619
0.389619
0.389619
0.389619
0.389619
0.389619
0.390312
0.390046
0.389619
0.389619
0.389619
0.389619
0.389619
0.389619
0.389619
0.389619
0.389619
0.389619
0.389619
0.38962
0.38962
0.38962
0.38962
0.38962
0.38962
0.38962
0.38962
0.38962
0.38962
0.389621
0.389676
0.390552
0.389619
0.389619
0.390399
0.210401
0.390575
0.140339
0.221863
0.290162
0.227485
0.189138
0.145454
0.0844071
0.0812974
0.0540972
0.0841856
0.0473642
0.112456
0.0970573
0.389619
0.389619
0.390182
0.389619
0.390063
0.38962
0.390411
0.389619
0.389619
0.168465
0.246278
0.390462
0.390199
0.390133
0.105943
0.389619
0.389619
0.389619
0.389619
0.389619
0.389619
0.183753
0.389619
0.407837
0.389869
0.389619
0.389619
0.389619
0.391707
0.199221
0.389619
0.389619
0.389619
0.0710163
0.378781
0.38974
0.387518
0.389619
0.389619
0.389619
0.389619
0.389619
0.389619
0.389619
0.389619
0.389619
0.38962
0.38962
0.390441
0.389619
0.390108
0.389619
0.389619
0.389619
0.389619
0.389619
0.389619
0.389619
0.389619
0.389619
0.38962
0.38962
0.38962
0.38962
0.38962
0.38962
0.38962
0.38962
0.389619
0.38962
0.38963
0.390191
0.389619
0.191261
0.267133
0.359451
0.37517
0.180662
0.390373
0.390089
0.308115
0.189944
0.111313
0.097842
0.389619
0.389623
0.389619
0.389619
0.389619
0.389619
0.389619
0.389619
0.389619
0.389619
0.389619
0.389619
0.389619
0.389619
0.389619
0.389619
0.389619
0.389619
0.389619
0.389619
0.38962
0.389619
0.389619
0.389619
0.389619
0.389644
0.389619
0.389619
0.389619
0.389619
0.389619
0.389619
0.389619
0.389619
0.389619
0.389619
0.389619
0.389619
0.389619
0.389619
0.389619
0.389619
0.389619
0.389619
0.389619
0.389619
0.389619
0.389619
0.389619
0.389619
0.389619
0.389619
0.389619
0.389619
0.389619
0.389619
0.389619
0.122908
0.389893
0.389619
0.389619
0.389619
0.389619
0.389619
0.0902962
0.389619
0.389746
0.389619
0.389619
0.389619
0.392858
0.18275
0.382627
0.389619
0.389619
0.119402
0.105769
0.143072
0.383552
0.389619
0.389619
0.389619
0.389619
0.389619
0.389619
0.389619
0.389619
0.389619
0.389619
0.389619
0.389619
0.389619
0.389619
0.389619
0.389619
0.389619
0.389619
0.389619
0.389853
0.389725
0.389762
0.389619
0.389619
0.276117
0.319609
0.39145
0.390275
0.393361
0.389619
0.389619
0.389619
0.396998
0.389619
0.389619
0.389619
0.389619
0.389619
0.389619
0.389619
0.389619
0.389619
0.389619
0.389619
0.389619
0.389619
0.389619
0.389619
0.389619
0.389619
0.389619
0.389619
0.389619
0.389619
0.389619
0.389619
0.389619
0.38964
0.389671
0.389619
0.389619
0.389619
0.389619
0.389619
0.389622
0.38962
0.389628
0.389619
0.389619
0.389619
0.389619
0.389619
0.389619
0.389619
0.389619
0.389619
0.389619
0.389619
0.433029
0.337005
0.32083
0.277612
0.389619
0.389619
0.389885
0.389744
0.385486
0.381542
0.0881034
0.0879791
0.389619
0.389619
0.113802
0.113313
0.389619
0.389619
0.389599
0.389618
0.389619
0.389619
0.389619
0.395619
0.396447
0.399014
0.389911
0.389777
0.38994
0.389796
0.389619
0.118301
0.418483
0.389625
0.389648
0.389684
0.389633
0.389619
0.385094
0.389619
0.389619
0.389619
0.389619
0.389619
0.389619
0.389619
0.389619
0.093271
0.102096
0.382564
0.389154
0.38962
0.389622
0.38962
0.389635
0.38967
0.389619
0.144158
0.128209
0.387168
0.306839
0.191242
0.256569
0.382693
0.38438
0.407978
0.368992
0.397375
0.235845
0.389619
0.0955248
0.388723
0.38962
0.389619
0.389934
0.38979
0.389619
0.389619
0.389619
0.389619
0.38962
0.389619
0.389619
0.389619
0.389619
0.323734
0.389619
0.389619
0.389619
0.389619
0.389619
0.389619
0.389619
0.389619
0.389619
0.389619
0.386774
0.389619
0.389619
0.389619
0.389619
0.389619
0.389619
0.389619
0.389619
0.389619
0.389619
0.389619
0.389619
0.1118
0.389619
0.389619
0.389619
0.389619
0.389619
0.389619
0.456404
0.119175
0.389619
0.389619
0.389619
0.389619
0.389619
0.389619
0.389619
0.389619
0.389619
0.389619
0.389619
0.389619
0.389619
0.389619
0.389619
0.389619
0.389619
0.389619
0.389619
0.389619
0.389619
0.389619
0.389619
0.389619
0.389619
0.389619
0.389619
0.380065
0.389619
0.389619
0.389619
0.389619
0.389619
0.389619
0.119495
0.389619
0.389619
0.389619
0.389619
0.389619
0.389619
0.256299
0.389619
0.389619
0.160146
0.383358
0.389619
0.388029
0.3885
0.389619
0.0971424
0.389619
0.389619
0.16379
0.389619
0.389619
0.389619
0.389619
0.389619
0.389619
0.389619
0.389619
0.389619
0.389619
0.443672
0.389619
0.389619
0.389619
0.389619
0.389619
0.389619
0.389619
0.389619
0.1331
0.142428
0.389619
0.389619
0.389619
0.389619
0.389619
0.389619
0.389619
0.389619
0.362908
0.389619
0.389619
0.389619
0.389619
0.389619
0.389619
0.389619
0.389619
0.116041
0.389619
0.389619
0.389619
0.389619
0.389619
0.389619
0.389619
0.389619
0.389619
0.389619
0.389703
0.389619
0.389619
0.387299
0.127939
0.389619
0.389619
0.389619
0.389619
0.233755
0.389362
0.387855
0.389608
0.0940687
0.389619
0.389619
0.410475
0.389619
0.389619
0.38962
0.389619
0.389619
0.389619
0.389619
0.389619
0.389619
0.389619
0.376271
0.423744
0.443294
0.389619
0.389619
0.389619
0.389619
0.110954
0.15143
0.394865
0.396149
0.389707
0.389619
0.389619
0.389619
0.0900518
0.389627
0.389654
0.375466
0.389657
0.389701
0.389637
0.379806
0.122868
0.389619
0.119636
0.389619
0.389619
0.241174
0.389619
0.389619
0.389619
0.389619
0.389619
0.389619
0.389619
0.389619
0.389621
0.389623
0.38962
0.389619
0.389619
0.387043
0.388245
0.389619
0.389619
0.389622
0.389619
0.389619
0.384658
0.389619
0.389619
0.389619
0.109535
0.389619
0.389619
0.211071
0.321267
0.392779
0.389619
0.389619
0.389619
0.38962
0.389692
0.389619
0.390022
0.389788
0.391058
0.389619
0.389619
0.389619
0.389619
0.404829
0.389659
0.389619
0.389619
0.389619
0.389619
0.389619
0.389619
0.389619
0.389619
0.389619
0.389619
0.389619
0.389619
0.389619
0.389619
0.389619
0.389619
0.389619
0.389619
0.389619
0.389619
0.389619
0.38962
0.389619
0.150462
0.389619
0.389619
0.389619
0.389619
0.389619
0.389651
0.389619
0.389619
0.389619
0.389619
0.389619
0.389658
0.389619
0.389619
0.389619
0.389662
0.389619
0.389619
0.389619
0.389619
0.389619
0.389619
0.437004
0.389619
0.389619
0.389619
0.094821
0.093345
0.115365
0.389619
0.389619
0.389619
0.39392
0.389619
0.389619
0.223003
0.389619
0.389619
0.389619
0.389619
0.389619
0.389619
0.389619
0.389619
0.389619
0.389619
0.389619
0.120579
0.38167
0.378206
0.0947695
0.107927
0.129969
0.101247
0.389619
0.389619
0.389619
0.389636
0.389619
0.389619
0.38962
0.389619
0.389635
0.383148
0.389619
0.389619
0.389619
0.389619
0.389619
0.389619
0.156899
0.0855987
0.091751
0.0988471
0.389619
0.389626
0.389619
0.389619
0.389619
0.389619
0.389619
0.389619
0.389619
0.390849
0.389619
0.389619
0.389619
0.389619
0.38962
0.389619
0.389619
0.389619
0.389619
0.389619
0.389619
0.138561
0.15314
0.140684
0.389619
0.389619
0.389619
0.389619
0.389619
0.389619
0.38962
0.38962
0.19093
0.175543
0.389619
0.389619
0.389619
0.389619
0.389619
0.389619
0.389625
0.389619
0.389619
0.389619
0.389619
0.389619
0.389619
0.389619
0.389619
0.389619
0.389619
0.389619
0.389619
0.389621
0.389634
0.389636
0.389619
0.389619
0.389619
0.389619
0.389619
0.389619
0.389619
0.389619
0.389619
0.389619
0.389619
0.388902
0.389619
0.389619
0.389621
0.389619
0.421783
0.389622
0.43396
0.415608
0.389635
0.38963
0.385815
0.38759
0.389626
0.389619
0.389619
0.389619
0.38962
0.389619
0.389619
0.185083
0.389619
0.389619
0.389619
0.389619
0.389619
0.389619
0.389619
0.389619
0.389619
0.389619
0.389793
0.389621
0.389638
0.389627
0.389628
0.331599
0.390753
0.389619
0.389619
0.389619
0.389619
0.415917
0.389619
0.38491
0.389619
0.389619
0.389619
0.389619
0.389619
0.389619
0.388338
0.393749
0.389619
0.389619
0.389619
0.389619
0.389619
0.389619
0.389619
0.389619
0.38962
0.389619
0.389619
0.389619
0.389619
0.389619
0.389619
0.389619
0.389619
0.389589
0.389619
0.389619
0.40128
0.389619
0.389634
0.389652
0.345664
0.389618
0.416002
0.389619
0.391154
0.390645
0.389619
0.389619
0.389619
0.38962
0.389619
0.389623
0.389619
0.389619
0.389619
0.389619
0.400577
0.334699
0.389619
0.389619
0.389619
0.38962
0.389619
0.389619
0.389631
0.389619
0.389619
0.390183
0.389619
0.396817
0.389619
0.389619
0.389622
0.389619
0.389619
0.389619
0.389619
0.389619
0.38052
0.40169
0.383622
0.385172
0.386863
0.38962
0.389622
0.389619
0.389619
0.389619
0.38962
0.389621
0.168664
0.389619
0.389619
0.389619
0.389619
0.389656
0.389619
0.389619
0.389619
0.389624
0.389619
0.389619
0.389619
0.389619
0.389619
0.389619
0.389619
0.389619
0.389619
0.389619
0.390409
0.389619
0.389619
0.389619
0.389621
0.38963
0.38962
0.389619
0.389619
0.389619
0.389619
0.389619
0.389642
0.389631
0.389619
0.389619
0.389619
0.389619
0.389619
0.389619
0.389619
0.389619
0.389619
0.389619
0.180889
0.389619
0.389619
0.389619
0.389619
0.389619
0.389619
0.389653
0.389633
0.389619
0.388564
0.389619
0.390281
0.389619
0.391442
0.389629
0.389619
0.389619
0.389619
0.306059
0.38962
0.393744
0.383526
0.389619
0.389619
0.38962
0.387988
0.38962
0.389619
0.389619
0.389609
0.389619
0.390229
0.389619
0.390881
0.392489
0.382474
0.390695
0.389619
0.119949
0.389733
0.118483
0.125797
0.15017
0.404725
0.389619
0.136639
0.389658
0.389988
0.389726
0.389973
0.389619
0.389619
0.389619
0.389619
0.389619
0.389619
0.150941
0.151105
0.389622
0.389628
0.389619
0.389103
0.389619
0.389619
0.362114
0.38964
0.389619
0.389619
0.389619
0.389619
0.389619
0.389619
0.389899
0.17035
0.389619
0.397796
0.160273
0.389619
0.175859
0.389619
0.382483
0.368643
0.389619
0.387432
0.389619
0.389619
0.389619
0.144587
0.400546
0.389619
0.386968
0.389619
0.391023
0.391845
0.38963
0.388085
0.390007
0.389288
0.389619
0.38962
0.389526
0.389619
0.389647
0.389634
0.389699
0.389652
0.389711
0.383178
0.3896
0.389619
0.389619
0.389619
0.390225
0.389201
0.389177
0.38962
0.389619
0.206713
0.193388
0.38808
0.349193
0.387864
0.358181
0.389619
0.389619
0.389619
0.389823
0.392085
0.389223
0.389623
0.389619
0.396201
0.385389
0.388265
0.392066
0.388043
0.389619
0.389621
0.389624
0.389621
0.38962
0.389623
0.389619
0.389624
0.389619
0.389612
0.389373
0.389619
0.389619
0.389686
0.38962
0.390887
0.391336
0.398266
0.389695
0.38962
0.389624
0.38962
0.389991
0.389619
0.389664
0.389619
0.389619
0.389619
0.389622
0.38962
0.389619
0.389619
0.389623
0.389065
0.389619
0.389619
0.389778
0.389625
0.38962
0.389626
0.389645
0.389622
0.390784
0.390931
0.389664
0.389624
0.389915
0.394503
0.389634
0.389732
0.389628
0.389606
0.389619
0.389621
0.389619
0.389621
0.389592
0.389623
0.389435
0.389634
0.3898
0.389931
0.390908
0.389633
0.389721
0.390563
0.390008
0.390612
0.389657
0.391695
0.389626
0.389619
0.389635
0.389619
0.389654
0.389631
0.389646
0.389988
)
;

boundaryField
{
    bullet
    {
        type            compressible::alphatWallFunction;
        Prt             0.85;
        value           nonuniform List<scalar> 
30
(
0.00579243
0.00488524
0.00534867
0.00454091
0.00415258
0.00335047
0.00301817
0.00170754
0.000699881
0.000508691
0.000216657
0.000924812
0.000138693
0.000429743
0.000522734
0.000367895
0.000497161
0.000337188
0.000884891
0.000332481
0.000238088
0.00122162
0.00185583
0.00385365
0.00505108
0.00441859
0.00480894
0.00562226
0.0053025
0.00684939
)
;
    }
    topWall
    {
        type            calculated;
        value           nonuniform List<scalar> 
50
(
0.390839
0.391608
0.391472
0.391821
0.392212
0.3911
0.390836
0.391326
0.392123
0.392015
0.392015
0.392015
0.393502
0.392125
0.391911
0.392167
0.39206
0.393417
0.391743
0.391783
0.391901
0.392015
0.392015
0.392562
0.392015
0.392015
0.392015
0.392015
0.39112
0.390913
0.391137
0.391055
0.390733
0.390453
0.390244
0.390101
0.392015
0.392015
0.392015
0.392015
0.392015
0.392015
0.392015
0.392015
0.392015
0.392015
0.392015
0.392015
0.392015
0.392015
)
;
    }
    bottomWall
    {
        type            calculated;
        value           nonuniform List<scalar> 
50
(
0.392015
0.392015
0.392015
0.392015
0.391096
0.391139
0.391112
0.390964
0.390768
0.390592
0.390429
0.392015
0.392015
0.392015
0.392015
0.392015
0.392015
0.392015
0.392015
0.392015
0.392015
0.392015
0.392015
0.392015
0.392015
0.390857
0.390781
0.392229
0.392578
0.392376
0.391942
0.391881
0.391748
0.392806
0.392015
0.392015
0.392095
0.392124
0.392015
0.392015
0.392015
0.392015
0.392015
0.391946
0.391958
0.392626
0.392015
0.392015
0.391845
0.391571
)
;
    }
    inlet
    {
        type            calculated;
        value           uniform 0.392015;
    }
    outlet
    {
        type            calculated;
        value           nonuniform List<scalar> 
30
(
0.389619
0.389619
0.389619
0.389619
0.389619
0.389619
0.389619
0.389619
0.389619
0.38975
0.392777
0.393888
0.394637
0.395021
0.395046
0.392774
0.393876
0.394617
0.394994
0.395016
0.38974
0.389622
0.389619
0.389619
0.389619
0.389619
0.389619
0.389619
0.389619
0.389619
)
;
    }
    defaultFaces
    {
        type            empty;
    }
}


// ************************************************************************* //
