/*--------------------------------*- C++ -*----------------------------------*\
  =========                 |
  \\      /  F ield         | OpenFOAM: The Open Source CFD Toolbox
   \\    /   O peration     | Website:  https://openfoam.org
    \\  /    A nd           | Version:  6
     \\/     M anipulation  |
\*---------------------------------------------------------------------------*/
FoamFile
{
    version     2.0;
    format      ascii;
    class       volScalarField;
    location    "0.0003";
    object      epsilon;
}
// * * * * * * * * * * * * * * * * * * * * * * * * * * * * * * * * * * * * * //

dimensions      [0 2 -3 0 0 0 0];

internalField   nonuniform List<scalar> 
3704
(
249561
241250
257095
259669
255185
246056
243167
241882
252079
250911
260521
254039
255537
259990
260167
260275
257424
258228
245772
249266
249872
247530
256901
247185
249489
259725
259638
259467
258320
237366
236625
236349
235547
234616
233823
233077
234273
251045
256290
258078
258982
259576
259998
260329
260596
260814
260992
261137
261255
261368
249580
240784
251463
253473
251422
245075
242590
241494
246146
246814
252594
250977
251471
251845
251454
251584
249137
249018
244543
246588
245312
242513
244546
242389
245996
250158
249338
248910
246455
236431
236435
236216
235441
234533
233757
233025
232306
236982
242456
245638
247661
249142
250259
251167
251912
252529
253037
253451
253790
254118
249622
240436
246405
248174
247301
243621
241639
240827
242348
243826
247181
247108
246752
246404
245745
245778
245046
244654
242884
243007
241318
238757
237237
237992
241541
243096
241808
241327
239099
235468
236124
235972
235243
234376
233632
232925
232171
232655
235206
237667
239717
241494
242979
244261
245351
246269
247037
247666
248177
248692
249695
240261
243042
244441
244185
242149
240589
240042
240555
241873
243744
243930
243129
242779
242276
242279
242617
242364
241253
240024
238429
235825
233638
235056
237896
238400
237000
236619
235319
234755
235755
235655
234978
234162
233457
232785
232061
231581
232195
233456
234965
236605
238160
239601
240872
241965
242891
243660
244269
244932
249809
240175
241184
242221
242229
240959
239671
239287
239565
240635
241776
241923
240970
240668
240367
240391
241114
240980
240005
238218
236787
234205
232190
233504
235788
235925
234592
234322
233721
234272
235370
235298
234671
233907
233245
232611
231926
231294
231183
231718
232758
234166
235645
237088
238393
239528
240501
241320
241939
242713
7.91289e+07
8.86011e+07
7.90008e+07
8.65134e+07
6.87608e+07
7.11866e+07
8.5249e+07
1.0225e+08
1.45105e+08
1.90831e+08
2.40895e+08
2.3826e+08
2.64157e+08
2.52353e+08
2.46145e+08
4.28569e+07
6.37253e+07
5.7225e+07
7.39262e+07
4.90855e+07
5.65975e+07
6.00761e+07
6.83567e+07
1.00457e+08
1.09591e+08
9.02778e+07
8.19718e+07
9.20196e+07
1.24253e+08
1.75837e+08
5.10139e+07
5.32206e+07
4.27055e+07
6.78097e+07
4.92444e+07
6.14953e+07
7.27078e+07
7.34293e+07
8.71133e+07
8.55897e+07
7.66038e+07
5.00716e+07
7.24525e+07
1.18399e+08
1.81103e+08
8.48147e+07
4.88222e+07
4.16263e+07
5.07641e+07
4.10057e+07
4.56938e+07
6.72671e+07
6.82751e+07
7.35101e+07
7.1354e+07
5.34745e+07
3.40236e+07
4.99502e+07
1.13428e+08
2.09735e+08
1.08295e+08
4.51048e+07
4.4482e+07
3.87461e+07
3.84082e+07
4.38949e+07
5.94196e+07
5.95738e+07
6.22302e+07
5.43269e+07
3.08602e+07
2.82654e+07
4.39851e+07
1.03764e+08
2.52607e+08
2.13128e+08
3.04214e+08
3.19823e+08
2.19565e+08
1.6703e+08
1.30514e+08
1.00525e+08
6.85684e+07
5.12693e+07
4.4884e+07
4.85575e+07
6.37018e+07
5.08144e+07
6.37905e+07
9.23601e+07
1.43892e+08
1.35174e+08
1.07519e+08
8.94122e+07
7.5174e+07
6.23507e+07
5.60001e+07
3.82334e+07
3.08553e+07
2.08756e+07
3.13493e+07
4.68208e+07
3.83858e+07
4.62661e+07
4.81025e+07
1.53206e+08
1.21197e+08
8.04888e+07
6.41725e+07
5.63171e+07
4.93833e+07
4.29849e+07
3.30907e+07
2.80307e+07
2.33854e+07
2.23129e+07
4.80392e+07
3.51945e+07
4.40903e+07
5.70819e+07
1.87632e+08
1.21593e+08
7.00035e+07
4.87535e+07
4.41206e+07
4.17394e+07
3.69561e+07
3.00103e+07
2.70832e+07
2.24784e+07
2.17342e+07
4.37782e+07
4.07941e+07
7.6723e+07
8.62619e+07
2.3873e+08
1.27556e+08
6.70654e+07
4.15728e+07
3.92207e+07
3.8437e+07
3.39797e+07
2.8112e+07
2.76153e+07
2.2022e+07
2.18497e+07
3.46026e+07
3.48129e+07
9.97893e+07
9.42582e+07
261402
261310
261214
261098
260957
260783
260565
260297
259964
259533
258931
257948
255944
249921
231154
231714
232702
234254
236154
236645
236874
243411
259494
260724
260973
261164
259474
253184
258967
244444
242600
242322
255753
244847
248899
248274
243505
255795
260943
261080
260179
251304
237538
234542
236794
243730
244897
246158
244576
249535
254215
253948
253674
253339
252937
252441
251827
251076
250167
249032
247541
245348
241808
235714
231127
231677
232640
234149
235992
236427
236379
241460
249541
252302
252998
253599
253546
249106
250022
243720
242075
241479
246612
243521
246823
246472
242068
247306
253000
253428
252058
247592
236825
234323
236370
241630
243708
244647
242157
249553
248840
248420
248005
247494
246884
246138
245224
244130
242852
241357
239588
237364
234594
231731
231079
231607
232526
233960
235704
236053
235616
238852
242937
245995
247010
247943
248429
246320
245200
242533
241196
240460
242194
241780
243947
243886
240782
242879
247214
247810
246599
243311
235769
233961
235724
239778
241871
242446
240650
249593
245115
244570
244073
243443
242705
241809
240724
239449
238021
236472
234865
233212
231702
230850
231011
231511
232377
233720
235347
235615
234854
236565
238922
241717
242903
244045
244836
243884
242566
241249
240205
239462
240100
240223
241415
241524
239722
240556
243377
243983
242978
240079
234784
233561
235057
238188
240063
240397
239752
249663
242908
242267
241759
241079
240302
239369
238242
236935
235510
234047
232686
231525
230773
230645
230929
231399
232209
233462
234974
235190
234279
235146
236837
239329
240551
241759
242667
242159
241043
240180
239330
238624
238927
239094
239755
239924
238870
239254
241190
241736
240851
238207
234103
233213
234519
237085
238763
239036
239290
249774
256432
257768
257464
257752
257400
256289
239806
230123
229605
229590
229605
229612
229591
229593
229590
229537
229481
229463
229478
229480
229519
229542
229524
229507
229481
229463
229463
229486
229520
229549
229547
229445
229443
229443
229443
229443
229443
229443
229443
229443
229443
229443
229443
229443
229443
229443
229443
229443
229443
229443
229433
228198
238878
219407
350549
1.58816e+06
4.99637e+06
2.52875e+07
1.51082e+08
1.25729e+08
6.30495e+07
229477
2.66093e+07
2.83009e+07
2.66947e+07
2.67076e+07
4.09901e+07
4.38212e+07
4.18766e+07
2.82256e+07
1.97391e+07
2.55154e+07
4.34682e+07
8.61083e+07
3.74012e+08
2.65603e+08
237066
229451
229443
229443
229444
229469
230183
239961
246234
229457
229443
4.12661e+08
249800
257249
249540
257645
249878
250126
257677
257759
232360
229674
229589
229596
229612
229596
229593
229598
229570
229514
229461
229479
229472
229495
229541
229534
229515
229495
229470
229459
229472
229503
229537
229522
229588
229443
229443
229443
229549
229443
229443
229443
4.11053e+07
229443
229443
229443
229443
229443
229443
229443
229443
229443
229443
229443
229443
229443
229442
229414
221665
224657
280599
590046
1.87724e+06
1.41743e+07
3.50491e+07
2.50447e+07
2.67615e+07
4.0897e+07
2.55084e+07
2.40023e+07
3.1799e+07
4.18011e+07
4.17248e+07
3.09569e+07
1.87349e+07
1.82677e+07
2.64867e+07
4.71391e+07
1.54287e+06
229742
229443
229443
229443
229443
229443
229447
229589
232493
246323
249851
250153
249923
229722
229526
229525
229533
229535
229524
229523
229517
229488
229458
229450
229455
229463
229490
229500
229492
229483
229466
229453
229448
229457
229473
229490
229443
229443
229443
229443
229443
229443
229443
229443
229443
229443
229443
229443
229443
229443
229443
229443
229437
223506
235393
232833
378490
1.15361e+06
6.87616e+06
1.52497e+07
229541
2.04477e+07
229705
229447
229443
229443
229445
229507
230981
229536
229526
229525
229524
229505
229474
229449
229456
229456
229474
229502
229497
229488
229474
229459
229448
229451
229464
229480
229443
229443
229443
229443
229443
229443
229443
229443
229443
229443
229443
229443
229442
229369
226771
213399
331814
852046
2.3621e+06
8.68282e+06
2.72096e+07
230780
229529
235026
229443
229443
229443
229443
235307
229784
229454
229486
280870
229443
242849
242493
245473
243662
229623
229443
229487
229443
229445
229443
229443
229443
229443
229443
229443
229443
229443
229443
229443
229443
229443
229443
229443
229443
229443
229443
229443
229443
229443
229443
229443
229443
229443
229443
229443
229443
229443
229443
229443
229443
229443
229443
229464
229506
229449
7.5171e+06
234886
229443
229443
229443
229443
229443
229443
229443
229443
229443
229443
229443
229443
229443
229443
229443
229437
219499
214701
240501
515806
4.4874e+06
6.7043e+06
1.45584e+07
4.49182e+07
230594
229918
1.43065e+07
1.70831e+07
8.51905e+06
1.95457e+07
1.87703e+07
1.37809e+07
229443
229930
229443
229446
229443
252474
233207
229443
229443
229443
229443
229494
229487
229454
230784
229452
229465
229443
229443
229720
230088
245804
1.41741e+07
1.6329e+07
2.1202e+07
2.32577e+07
1.61578e+07
4.85542e+06
3.80386e+06
6.30852e+06
1.74245e+06
4.00065e+06
229443
229443
243273
238318
237660
229443
229443
239186
229443
229443
2.98599e+07
3.1413e+07
1.72358e+07
239382
229443
229443
243537
238431
664057
229443
229443
229443
229443
229443
229443
229443
229568
234748
229443
229443
229443
229443
229443
229443
229443
229443
229443
229443
229443
229443
229443
229443
229443
229443
229443
229443
229444
1.82737e+07
229443
229443
229443
229443
229443
229443
229443
229443
229443
232289
229443
229443
229443
229443
229443
229443
229443
229443
229443
229443
229443
229443
229443
229442
226212
229121
233295
235667
262114
1.21805e+06
6.44032e+06
8.23644e+06
229443
229443
1.35858e+07
242412
232044
229660
229443
229443
243257
237911
238232
229443
229443
229443
229444
237450
229447
1.79966e+07
1.43372e+07
2.17454e+07
1.70214e+07
5.38052e+06
1.99184e+06
3.70302e+06
229443
1.92978e+06
334098
227400
229443
3.51791e+06
229443
229443
6.53256e+06
706987
230963
241976
225137
229418
229443
229443
229443
229443
229443
229443
229443
229443
229443
229443
229443
229443
229443
229443
229443
229443
229443
229443
229443
229443
229443
229443
229443
229443
229443
229443
229443
229443
229443
229443
229443
229443
229441
229443
229443
229443
229443
229443
229443
229443
229443
229443
218958
9.68146e+06
229443
229443
229443
229443
229443
229443
231405
233953
229443
229443
229443
229443
229443
229443
229443
229442
229443
229443
229443
229443
229443
229443
229443
229443
229443
9.40991e+06
229443
229443
229443
229443
229443
229443
229443
229443
229443
229443
1.07029e+06
229443
2.13593e+06
229443
229443
1.23869e+07
229443
229443
229443
229443
229443
229443
229443
229443
229443
229443
229443
229443
229443
229443
229443
229443
229443
229443
229443
229443
229443
217120
229443
229443
229443
229443
229443
229443
229443
229443
229443
229443
229443
229018
229443
229443
7.66492e+06
231544
222430
229443
229443
247396
232076
304341
229443
229443
229800
229443
229443
229514
1.06368e+07
229443
229443
231456
234165
230361
231787
229443
1.00507e+07
229443
229443
229443
229443
229443
229443
229443
229443
229844
229621
230403
336778
548941
236605
229445
1.00892e+07
8.41899e+06
443363
229443
229443
229444
224866
230290
229443
229443
229443
229443
229443
229443
1.24376e+06
4.27714e+06
4.32618e+06
1.27233e+06
229455
229448
229474
229453
229444
229443
229443
642335
380318
977784
229443
229443
6.70852e+06
7.18551e+06
234699
674675
229443
229443
234311
358986
229443
229443
234758
232322
232170
229443
229443
229443
229443
229443
229443
229443
229443
225853
229459
229443
8.03716e+06
229443
229443
229443
224187
229423
229443
229443
229443
229443
229443
229443
229443
229443
229443
229443
229443
229443
229443
229443
229443
229443
229443
229443
229443
229443
229443
229443
8.10818e+06
229443
233744
253024
227296
229443
6.00094e+06
229573
229488
5.82081e+06
1.28817e+07
9.67978e+06
229443
229443
229443
1.4638e+07
1.29826e+07
1.35154e+07
8.2339e+06
229577
229683
8.35482e+06
229443
464154
308983
358980
229444
229447
229444
229443
229443
229443
226532
229443
229443
229443
2.7318e+06
229443
229443
229443
229443
229443
229443
229443
229443
229443
229443
256981
229443
229443
229443
229443
229443
229443
229443
229443
231913
229444
229443
229443
229443
229443
229443
229443
229443
229443
229443
229443
229443
229003
229459
229449
229443
229443
229443
229443
229443
229443
229443
229443
229443
2.63898e+06
229443
238505
229443
229443
238864
229443
229443
229443
229443
229443
229443
229443
229443
229443
229443
229079
229443
6.46733e+06
229443
229443
216603
236956
215690
229443
229443
229443
229443
229443
229443
7.42004e+06
229443
229443
229443
229443
229443
229443
229443
229443
229443
229443
229443
229443
229443
229443
229443
5.60713e+06
229443
229443
229443
229443
234522
232094
232220
229443
229443
229443
229443
229443
229443
229443
229443
229443
229443
229443
3.85552e+06
229443
229443
229443
229443
229443
229443
229443
229443
229443
229443
5.49051e+06
228272
229442
229443
229422
229666
229507
229443
229443
229443
229443
229443
229443
5.17695e+06
229443
229529
229443
229443
3.0538e+06
229443
228827
229443
229443
229443
229443
374726
229443
227247
249059
229443
229443
229443
229443
228854
227001
229443
229443
230879
5.34935e+06
229443
229443
5.39967e+06
229443
229445
230275
229443
229443
229443
229443
240113
5.43803e+06
8.34876e+06
229443
229443
229443
229443
229443
229443
229443
238289
261478
229443
3.79038e+06
390191
229443
241711
229443
229457
229537
229443
7.24845e+06
229443
229443
230796
230083
229443
229443
229443
229443
229443
229443
229956
229666
230659
229456
229448
229478
229443
1.89862e+06
229443
229443
229443
229444
229443
1.52214e+06
878450
481370
1.17107e+06
229443
229444
227689
229443
229443
229443
229443
241927
229443
233170
229443
271521
229443
229443
230744
230021
230049
229444
229443
229443
229420
229443
229443
229443
229443
465923
230744
230052
229443
229443
229443
229443
229443
229443
229443
229443
3.06594e+06
229443
229443
229443
4.70937e+06
229443
229443
229443
229443
229443
229443
229443
234410
229443
229443
232265
229443
3.3017e+06
226591
229443
229443
229443
229443
229443
229443
229443
229443
229443
229443
229443
229443
229443
260943
6.53708e+06
4.87712e+06
7.57562e+06
229443
229443
229443
229443
229443
229443
229443
229443
229443
229443
3.40696e+06
231098
230271
229443
233494
229443
229443
229443
229443
2.64086e+06
229443
229443
229443
229443
229443
229443
229443
229443
229443
229443
229443
229443
229443
229443
229443
229443
229443
229443
229443
230056
229443
229443
228779
228566
229452
229473
229445
229443
229443
229443
229443
229443
229443
229443
229443
229443
229443
908280
229697
229443
229443
229448
229443
229443
229443
229443
229443
229443
229443
229443
229443
229443
229443
229443
229443
229443
229443
245862
229443
229443
229456
229443
230941
229441
229445
229448
231000
229443
229443
229574
229501
229443
229443
229104
229443
3.33956e+06
229443
230146
229443
229443
229443
229443
229443
229443
229443
229443
235686
229443
229405
229443
1.38719e+06
229443
213750
228287
287952
999798
229443
229443
229443
229443
2.67118e+06
3.22154e+06
235599
229127
229443
282734
440416
229443
5.8508e+06
229443
229443
229443
229443
229443
229443
229443
233386
250074
4.96932e+06
229752
1.18759e+06
229443
229443
229443
229443
229540
229480
229692
229559
229703
229484
3.01015e+06
3.17443e+06
229443
229443
229443
229443
229443
229443
229443
229443
229443
233948
229443
229444
229443
229443
229443
229454
229443
229443
229443
229443
229443
229443
242023
229443
229443
229444
229677
229539
229443
229443
229443
229443
229443
229443
229443
229443
229443
229443
229443
229443
1.44507e+06
229443
229444
229443
229443
229443
229443
229443
229443
229443
229443
229443
229445
229443
229443
229802
229608
229443
229443
229443
229443
229443
229444
1.83887e+06
229443
229443
229443
229443
229443
229443
229443
229064
2.26026e+06
1.8045e+06
229446
229444
229443
229443
229443
229443
229443
229443
229443
229443
678767
230303
229443
228272
229443
229443
229443
229443
229443
229443
229443
229443
561939
2.88168e+06
229442
229444
229395
229444
229455
229443
229455
229443
254026
234781
229443
639683
233038
246714
226255
226441
229412
229443
223045
229443
229443
229443
229447
229457
229444
229807
229443
229443
229443
229443
229443
229443
229443
229443
1.97818e+06
2.05379e+06
229696
229543
229543
230821
229443
229443
229443
460163
538634
229446
229469
229475
229448
229443
229445
228984
230101
227894
229508
1.6478e+06
229444
229488
229473
229470
1.78362e+06
474957
229443
229445
1.06177e+06
431648
992649
229626
232280
230887
591702
653994
229452
229443
229444
273973
229483
229443
229443
229443
229455
229443
229443
229443
258228
247265
229443
230229
229744
229443
229444
229451
229443
229443
229443
229443
229444
229166
228759
229443
229514
229482
481572
229443
229677
229390
229446
247907
253188
229443
229904
233866
229443
229443
229455
229449
229458
229447
229443
305429
276541
229443
229443
229443
229443
229480
229428
231666
230379
229448
229502
236620
229443
229687
229443
256165
242605
229443
230765
229443
229709
229454
231390
235223
235804
231859
229449
229449
229445
229510
229447
229443
229455
229511
229473
229603
230259
229500
229465
229807
229444
229457
229450
229640
229445
229775
231072
229444
232077
230236
230168
229446
229444
229597
229788
229443
229446
229471
229454
256275
257277
257444
258243
257329
256432
239961
230193
229470
229444
229443
229443
229452
239485
4.33482e+08
3.63827e+08
1.36308e+08
7.03279e+07
3.83154e+07
3.71137e+07
3.94164e+07
3.1739e+07
2.51819e+07
2.3433e+07
2.04438e+07
1.64169e+07
2.12381e+07
2.46753e+07
2.25851e+07
1.60435e+08
6.11822e+07
3.20661e+08
6.17798e+07
3.14083e+07
1.15052e+07
3.38234e+06
392904
232234
253334
227483
228792
229443
229443
229443
229443
229443
229443
229443
229443
229443
229443
229443
229443
229443
229443
229443
229443
229443
229443
229554
229580
229549
229516
229483
229463
229461
229468
229478
229501
229530
229504
229533
229571
229588
229573
229558
229569
229587
229591
229588
229544
229511
229583
231595
248572
246324
5.0671e+08
229443
229498
249101
256918
249242
258157
257667
250570
249781
257801
235344
232514
1.57822e+08
231001
229594
229447
229443
229443
229443
229702
2.93585e+06
229447
9.88491e+07
4.14206e+07
3.63779e+07
3.98217e+07
3.47746e+07
2.76346e+07
2.24259e+07
2.22089e+07
1.68112e+07
1.57039e+07
1.99575e+07
2.37324e+07
8.33267e+07
4.71717e+07
1.85607e+07
7.11982e+06
830810
253270
206526
233017
228247
229441
229443
229443
229443
229443
229443
229443
229443
229443
229443
229443
229443
229443
229443
229443
229443
229443
229443
250300
229443
229495
229557
229487
229534
229499
229471
229461
229463
229472
229486
229523
229515
229511
229551
229589
229580
229565
229562
229575
229591
229595
229569
229517
229525
229911
237348
5.84451e+07
229443
249897
229793
229454
229443
229443
229443
229483
264705
2.1271e+08
5.43368e+07
9.06299e+06
1.79153e+06
334538
212211
256316
228124
229406
229443
229443
229443
229443
229443
229443
229443
229443
229443
229443
229443
229443
229443
229443
229443
229480
229462
229450
229450
229455
229462
229467
229484
229486
229476
229493
229513
229512
229504
229502
229511
229527
229527
229507
229485
229490
229630
233796
229443
229443
229443
229443
229443
229443
229443
229443
229443
229443
229443
229443
229448
229453
229458
229464
229472
229491
229478
229485
229503
229514
229509
229500
229509
229519
229527
229521
229494
229484
229507
230405
251002
229729
229443
229445
229509
229443
229443
229443
229443
228146
227386
226173
228603
505001
4.52473e+06
1.46008e+07
3.51316e+07
5.22106e+07
2.45041e+07
229443
229455
229471
242507
230014
229732
229452
234952
4.05936e+07
229443
229443
229497
229578
229467
229443
229444
229443
229443
229443
229502
229658
4.16623e+07
256496
229443
229443
229443
1.72865e+07
229443
229448
229444
229454
230821
232395
230112
6.8471e+06
229443
5.62213e+06
1.15531e+06
1.79741e+07
8.73523e+06
6.23272e+06
371039
2.72521e+06
3.55163e+06
1.62446e+06
221093
571860
779869
373122
229882
219324
279228
212551
225151
233516
222685
227143
232154
234929
227117
229443
227787
228007
229443
229387
229440
229443
229443
229443
229443
229443
229443
229443
229443
229443
229443
229443
229443
229443
229443
229443
229443
229443
229443
229443
229443
229443
229443
229443
229443
229443
229443
229443
229443
229443
229443
229443
241656
236956
229443
229443
229443
229443
229443
229443
229443
229443
229443
229443
229443
229443
229443
229443
229443
229443
229443
229443
229443
229443
229443
229457
230329
245132
229443
229443
242995
3.18921e+07
245810
1.16008e+07
3.90639e+07
2.24421e+07
1.80108e+07
1.77964e+07
1.74706e+07
1.3095e+07
1.59969e+07
1.90349e+07
1.59591e+07
1.90232e+07
1.3583e+07
8.74764e+06
229443
229443
239438
229443
237229
229443
243113
229443
229443
1.33211e+06
824541
243850
239307
238311
1.50279e+07
229443
229443
229443
229443
229447
229443
1.28567e+06
229443
236629
233810
229443
229443
229443
233395
2.74787e+06
229443
229443
229443
1.71034e+07
224938
231479
228492
229443
229443
229443
229443
229443
229443
229443
229443
229443
229443
229444
243549
229443
237925
229443
229443
229443
229443
229443
229443
229443
229443
229443
229443
229443
229443
229443
229443
229443
229443
229443
229443
229444
229574
239197
229443
1.63395e+07
1.96957e+07
2.83793e+07
2.76296e+07
1.61586e+07
242538
237635
2.48035e+07
1.8269e+07
1.36159e+07
1.33804e+07
229443
229488
229443
229443
229443
229443
229443
229443
229443
229443
229443
229443
229443
229443
229443
229443
229443
229443
229443
229443
229447
229443
229443
229443
229443
229802
229443
229443
229443
229443
229443
229443
229443
229443
229443
229443
229443
229443
229443
229443
229443
229443
229443
229443
229443
229443
229443
229443
229443
229443
229443
229443
229443
229443
229443
229443
229443
1.36086e+07
234268
229443
229443
229443
229443
229443
5.27901e+06
229443
229578
229443
229443
229443
230888
1.15467e+07
226475
229445
229444
1.54229e+07
1.46876e+07
1.4925e+07
227020
229443
229443
229443
229443
229443
229443
229443
229443
229443
229443
229443
229443
229443
229447
229443
229443
229443
229443
229443
233583
231214
231820
229443
229443
463003
1.37229e+07
231873
229757
240291
229443
229443
229443
351771
229443
229443
229443
229443
229443
229443
229443
229443
229443
229443
229443
229443
229443
229443
229443
229443
229443
229443
229443
229443
229443
229443
229443
229443
229757
230270
229443
229443
229443
229443
229443
229483
229456
229563
229443
229443
229443
229443
229444
229443
229443
229443
229443
229443
229443
1.00919e+06
8.2131e+06
7.53307e+06
1.31193e+07
229443
229443
234128
231517
227854
226150
7.7902e+06
5.94311e+06
229443
229443
1.13135e+07
1.02779e+07
229443
229443
229427
229442
229443
229443
229443
254241
237008
255234
234572
232076
234987
232363
229443
1.17843e+07
395027
229524
229865
230476
229643
229443
227479
229443
229443
229443
229443
229443
229443
229443
229443
3.78401e+06
3.25108e+06
226689
229170
229456
229479
229449
229451
229476
229443
9.65474e+06
1.12511e+07
228462
279561
590576
330217
228149
227895
251411
252302
236767
1.14295e+07
229443
9.27441e+06
228956
229600
229443
234888
232259
229443
229443
229443
229443
229443
229443
229443
229443
229443
1.28385e+07
229443
229443
229443
229443
229443
229443
229443
229443
229443
229443
228466
229443
229443
229443
229443
229443
229443
229443
229443
229443
229443
229443
229443
9.87677e+06
229443
229443
229443
229443
229443
229443
1.0561e+06
9.65289e+06
229443
229443
229443
229443
229443
229443
229443
229443
229443
229443
229443
229443
229443
229443
229443
229443
229443
229443
229443
229443
229443
229443
229443
229443
229443
229443
229443
225445
229443
229443
229443
229443
229443
229443
1.64093e+06
229443
229443
229443
229443
229443
229443
317135
229443
229443
889983
227019
229443
228696
229169
229443
7.24847e+06
229443
229443
6.67262e+06
229443
229443
229443
229443
229442
229443
229443
229443
229443
229443
317452
229443
229443
229443
229443
229443
229443
229443
229443
1.01961e+07
1.10461e+07
229443
229443
229443
229443
229443
229443
229443
229443
2.44662e+06
229443
229443
229443
229443
229443
229443
229443
229443
7.86843e+06
229443
229443
229443
229443
229443
229443
229443
229443
229443
229443
230777
229443
229443
228816
7.20677e+06
229443
229443
229443
229443
6.65962e+06
229307
228583
229434
4.73033e+06
229443
229443
254001
229443
229443
229443
229443
229443
229443
229443
229443
229443
229443
609407
318660
694748
229443
229443
229443
229443
2.15506e+06
868803
232931
234141
230853
229443
229443
229443
4.71174e+06
229544
229495
2.63306e+06
230000
230761
229699
225421
8.11795e+06
229443
7.14269e+06
229443
229443
436312
229443
229443
229443
229445
229444
229443
229443
229443
229460
229487
229450
229443
229443
228410
228955
229443
229443
229446
229443
229443
227591
229443
229443
229443
8.16726e+06
229443
229443
5.91833e+06
245853
252443
229443
229443
229443
229443
230607
229443
229875
229515
230642
229443
229443
229443
229443
257190
230028
229443
229443
229443
229443
229443
229443
229443
229443
229443
229443
229443
229443
229443
229443
229443
229443
229443
229443
229443
229443
229445
229451
229443
6.39745e+06
229443
229443
229443
229443
229443
229915
229443
229443
229443
229443
229443
230018
229443
229443
229443
230073
229443
229443
229443
229443
229443
229443
401852
229443
229443
229443
1.90977e+06
2.55545e+06
1.11837e+06
229443
229443
229443
231647
229443
229443
423573
229443
229443
229443
229443
229443
229443
229443
229443
229443
229443
229443
6.80993e+06
229137
225293
3.00961e+06
1.37153e+06
6.92665e+06
1.84656e+06
229443
229443
229443
229675
229443
229443
229443
229443
229660
226741
229443
229443
229443
229443
229443
229443
5.44875e+06
3.54873e+06
3.85303e+06
2.1008e+06
229443
229534
229443
229443
229443
229443
229443
229443
229443
229924
229443
229443
229443
229443
229443
229443
229443
229443
229443
229443
229443
6.13106e+06
5.39159e+06
6.2693e+06
229443
229443
229443
229443
229443
229443
229443
229443
4.04701e+06
4.002e+06
229443
229443
229443
229443
229443
229443
229519
229443
229443
229443
229443
229443
229443
229443
229443
229443
229443
229443
229443
229447
229448
229676
229443
229443
229443
229443
229443
229443
229443
229443
229443
229443
229443
229101
229443
229443
229469
229443
259749
229476
337487
522757
229449
229447
227831
228528
229529
229443
229443
229443
229443
229443
229443
549443
229443
229443
229443
229443
229443
229443
229443
229443
229443
229443
229551
229460
229714
229539
229552
270797
230801
229443
229443
229443
229443
246681
229443
227527
229443
229443
229443
229443
229443
229443
228798
232043
229443
229443
229443
229443
229443
229443
229443
229443
229443
229443
229443
229443
229443
229443
229443
229443
229443
229418
229443
229443
240312
229443
229450
229468
244454
229441
256378
229443
230414
230522
229443
229446
229444
229453
229443
229487
229443
229443
229443
229443
235285
264552
229443
229443
229446
229450
229444
229443
229449
229443
229443
229734
229443
238206
229443
229443
229477
229443
229443
229443
229443
229443
232482
237260
227015
228167
228261
229443
229445
229443
229443
229443
229457
229469
669878
229443
229443
229443
229443
229457
229443
229443
229443
229442
229443
229443
229443
229443
229443
229443
229443
229443
229443
229443
229908
229443
229443
229443
229444
229448
229443
229443
229443
229443
229443
229443
229452
229443
229443
229443
229443
229443
229443
229443
229443
229443
229443
229443
3.01249e+06
229443
229443
229443
229443
229443
229443
229457
229448
229443
228946
229443
229876
229443
230448
229447
229443
229443
229443
295578
229443
363764
442521
229443
229443
229439
228722
229452
229443
229443
229426
229443
229900
229443
230138
231307
234414
233301
229443
3.87907e+06
229522
1.88846e+06
2.24082e+06
882042
238963
229443
4.47469e+06
229476
229614
229536
229645
229443
229443
229446
229445
229443
229444
4.19233e+06
4.07756e+06
229446
229448
229447
229168
229443
229443
243782
229452
229443
229443
229443
229443
229443
229443
229564
2.84116e+06
229443
233866
2.45182e+06
229443
2.21312e+06
229443
315474
337875
229444
228516
229443
229443
229443
2.08351e+06
237501
229443
228391
229443
230203
230750
229449
228775
229681
229526
229443
229443
231052
229443
229457
229450
229487
229464
229511
226992
229433
229443
229443
229443
230374
229370
229237
229443
229443
563133
680181
228882
254512
228633
303843
229443
229443
229443
229535
230317
229239
229445
229443
233821
229357
231554
230553
228818
229443
229444
229444
229444
229443
229445
229443
229446
229443
229438
229288
229442
229443
229483
229443
230144
230490
236856
229472
229443
229445
229443
229657
229443
229462
229443
229443
229443
229444
229443
229443
229443
229444
229161
229443
229443
229530
229446
229443
229447
229455
229444
230100
230095
229469
229446
229608
232459
229452
229494
229446
229438
229443
229444
229443
229444
229428
229446
229368
229449
229559
229612
230411
229450
229484
230008
229655
229996
229470
231035
229446
229443
229451
229443
229461
229448
229458
229663
)
;

boundaryField
{
    bullet
    {
        Cmu             0.09;
        kappa           0.41;
        E               9.8;
        type            epsilonWallFunction;
        value           nonuniform List<scalar> 
30
(
2.13128e+08
3.04214e+08
3.19823e+08
2.19565e+08
1.6703e+08
1.30514e+08
1.00525e+08
6.85684e+07
5.12693e+07
4.4884e+07
4.85575e+07
6.37018e+07
5.08144e+07
6.37905e+07
9.23601e+07
7.91289e+07
8.86011e+07
7.90008e+07
8.65134e+07
6.87608e+07
7.11866e+07
8.5249e+07
1.0225e+08
1.45105e+08
1.90831e+08
2.40895e+08
2.3826e+08
2.64157e+08
2.52353e+08
2.46145e+08
)
;
    }
    topWall
    {
        type            inletOutlet;
        inletValue      uniform 266000;
        value           nonuniform List<scalar> 
50
(
249535
244576
246158
244897
243730
236794
234542
237538
251304
266000
266000
266000
255795
243505
248274
248899
244847
255753
242322
242600
244444
266000
266000
259474
266000
266000
266000
266000
243411
236874
236645
236154
234254
232702
231714
231154
266000
266000
266000
266000
266000
266000
266000
266000
266000
266000
266000
266000
266000
266000
)
;
    }
    bottomWall
    {
        type            inletOutlet;
        inletValue      uniform 266000;
        value           nonuniform List<scalar> 
50
(
266000
266000
266000
266000
237366
236625
236349
235547
234616
233823
233077
266000
266000
266000
266000
266000
266000
266000
266000
266000
266000
266000
266000
266000
266000
249561
241250
257095
259669
255185
246056
243167
241882
252079
266000
266000
254039
255537
266000
266000
266000
266000
266000
245772
249266
249872
266000
266000
247185
249489
)
;
    }
    inlet
    {
        type            fixedValue;
        value           uniform 266000;
    }
    outlet
    {
        type            inletOutlet;
        inletValue      uniform 266000;
        value           nonuniform List<scalar> 
30
(
229443
229443
229443
229443
229443
229443
229443
229443
229443
229554
261368
254118
248692
244932
242713
261402
254215
248840
245115
242908
229547
229445
229443
229443
229443
229443
229443
229443
229443
229443
)
;
    }
    defaultFaces
    {
        type            empty;
    }
}


// ************************************************************************* //
