/*--------------------------------*- C++ -*----------------------------------*\
  =========                 |
  \\      /  F ield         | OpenFOAM: The Open Source CFD Toolbox
   \\    /   O peration     | Website:  https://openfoam.org
    \\  /    A nd           | Version:  6
     \\/     M anipulation  |
\*---------------------------------------------------------------------------*/
FoamFile
{
    version     2.0;
    format      ascii;
    class       volScalarField;
    location    "0.0003";
    object      k;
}
// * * * * * * * * * * * * * * * * * * * * * * * * * * * * * * * * * * * * * //

dimensions      [0 2 -2 0 0 0 0];

internalField   nonuniform List<scalar> 
3704
(
967.175
950.841
983.387
988.737
979.911
961.692
955.954
953.264
974.463
972.216
990.731
977.359
980.271
989.892
990.227
990.364
985.75
987.122
961.141
967.963
969.964
964.994
984.106
963.776
967.918
989.079
988.895
988.606
986.708
943.538
942.115
941.532
939.757
937.662
935.866
934.176
937.444
974.06
983.13
986.127
987.688
988.761
989.56
990.207
990.733
991.162
991.51
991.788
992.002
992.219
967.22
949.955
973.967
978.272
973.971
960.255
955.103
952.696
963.939
964.708
976.776
972.653
973.873
975.295
974.862
975.077
970.126
970.013
959.268
963.847
961.795
955.167
961.26
955.346
962.348
971.924
970.361
969.586
965.107
941.962
941.806
941.311
939.572
937.511
935.741
934.075
932.511
945.321
957.132
963.285
967.103
969.949
972.155
973.977
975.477
976.704
977.701
978.499
979.108
979.743
967.316
949.191
964.744
968.856
966.848
958.02
953.633
951.669
955.969
959
966.726
966.198
965.763
965.199
964.063
964.134
962.01
961.123
956.689
957.879
954.519
948.54
946.291
946.936
954.774
958.844
956.151
955.142
950.315
940.158
941.27
940.888
939.215
937.216
935.497
933.875
932.165
934.519
941.508
947.227
951.696
955.5
958.658
961.36
963.619
965.48
967
968.222
969.137
970.147
967.474
948.782
958.225
961.914
961.095
955.599
951.876
950.352
951.844
955.028
959.955
960.398
958.994
958.253
957.055
957.007
957.186
956.481
954.035
952.42
948.94
942.914
937.976
941.115
948.161
949.774
946.512
945.498
941.747
938.68
940.581
940.29
938.701
936.789
935.141
933.582
931.928
931.258
933.867
937.679
941.682
945.698
949.305
952.508
955.229
957.484
959.338
960.841
961.927
963.254
967.714
948.578
954.392
957.492
957.216
953.39
950.128
948.9
949.577
952.414
955.814
956.365
954.6
953.944
952.943
952.87
954.098
953.679
951.756
948.768
945.513
939.465
934.271
937.907
944.022
944.695
941.331
940.405
937.728
937.599
939.784
939.548
938.052
936.243
934.681
933.202
931.63
930.318
930.89
933.258
936.609
940.455
944.109
947.437
950.288
952.656
954.618
956.233
957.317
958.91
3359.51
3654.68
3363.58
3599.83
3093.58
3075.91
3532.82
3997.48
5095.79
6056.05
7071
7019.89
7527.53
7289.58
6495.41
4506.8
3252.93
3484.75
3818.1
3464.74
4569.39
4917.38
5439.07
6397.79
7308.69
8451.61
8914.93
10079.8
11976.9
13632.4
6333.77
3194.05
3601.51
4329.47
4030.55
6377.96
7123.92
6994.04
7496.87
7923.37
8709.19
7643.07
9950.13
14347.8
19119.7
10017.3
3286.71
4169.87
4087.18
3768.33
5841.15
7473.36
7354.21
7562.61
7896.64
7949.2
6214.68
8018.58
14580.2
24180.9
13013.8
3478.8
4768.72
3714.09
4036.63
6005.47
7363.58
7166.51
7269.96
7312.2
5871.64
5503.5
7306.97
13706.8
29176.8
5910.75
8306.08
8592.56
6694.82
5576.97
4746.06
3975.55
3086.22
2548.94
2330.77
2452.65
2929.09
2541.5
2928.78
3744.24
12255.9
13303.3
12117.3
10132
8501.45
7056.52
5242.18
4123.99
3793.07
2908.07
3145.84
2802.26
2521.43
2515.1
4853.01
17318.1
15270.5
12088
9995.36
8657.34
7604.51
6015.7
5050.65
4889.81
3998.31
3553.71
3411.12
2821.46
2705.65
6382.71
22510.9
16263.3
11522.3
8855.88
8191.13
7548.04
6469.58
5590.05
5580.09
4445.78
3979.17
3417.52
3455.43
4797.73
9273.55
28089.5
17073.7
11258.5
8071.88
7869.71
7631.48
6777.17
5933.59
6151.89
4807.07
4331.9
3275.53
3367.68
6965.3
11153.1
992.279
992.103
991.933
991.711
991.441
991.102
990.673
990.142
989.494
988.683
987.6
985.898
982.511
971.976
929.923
931.22
933.453
936.895
941.075
942.153
942.337
955.505
988.844
990.984
991.463
991.838
988.346
976.717
988.219
958.485
954.72
954.124
982.302
959.47
967.51
965.977
956.915
982.488
991.438
991.699
990.22
972.117
944.156
937.596
942.403
957.464
959.275
961.313
958.386
967.103
979.916
979.4
978.914
978.277
977.503
976.53
975.304
973.792
971.969
969.737
966.882
962.732
955.823
942.498
929.869
931.151
933.349
936.731
940.829
941.82
941.567
952.424
970.946
976.219
977.577
978.753
978.508
968.89
972.024
957.465
953.988
952.789
965.282
957.366
964.31
963.237
954.317
966.644
977.588
978.393
975.838
966.179
942.974
937.239
941.732
953.525
957.49
958.983
953.466
967.144
970.412
969.59
968.857
967.876
966.696
965.218
963.359
961.084
958.387
955.207
951.426
946.579
940.132
932.313
929.769
931.016
933.147
936.418
940.369
941.219
940.318
948.082
958.33
964.807
966.84
968.674
969.466
964.279
962.545
955.721
952.708
951.153
955.968
954.436
959.557
959.046
951.899
957.492
967.047
968.281
965.802
958.677
941.11
936.622
940.672
950.237
954.598
955.434
950.215
967.235
963.581
962.492
961.62
960.403
958.963
957.171
954.919
952.179
948.99
945.377
941.428
937.087
932.683
929.548
929.625
930.822
932.861
935.983
939.741
940.449
938.97
944.015
950.308
956.75
959.187
961.452
962.839
960.184
957.244
953.682
951.142
949.495
951.493
951.663
955.003
954.879
949.902
952.475
959.656
961.097
958.983
952.52
939.216
935.893
939.497
947.345
951.541
951.9
948.197
967.387
959.261
957.942
957.065
955.737
954.215
952.338
949.973
947.098
943.789
940.14
936.39
932.749
929.884
928.841
929.44
930.575
932.504
935.453
938.993
939.601
937.838
941.259
945.939
951.96
954.512
956.924
958.561
956.985
954.126
951.734
949.534
947.929
949.027
949.462
951.7
951.743
948.187
949.579
955.131
956.59
954.746
948.642
937.773
935.183
938.433
945.144
949.086
949.313
947.096
967.62
980.969
983.653
983.043
983.622
982.913
980.669
947.291
927.499
926.436
926.387
926.438
926.463
926.399
926.404
926.396
926.232
926.043
925.985
926.039
926.04
926.159
926.231
926.17
926.11
926.027
925.974
925.984
926.071
926.186
926.277
926.255
925.909
925.902
925.902
925.902
925.902
925.902
925.902
925.902
925.902
925.902
925.902
925.902
925.902
925.902
925.902
925.902
925.902
925.902
925.902
925.873
922.398
952.079
896.479
988.298
1492.82
2672.47
5120.91
15224.6
14949.4
9082.75
925.998
4147.42
4034.61
4447.26
5310.01
6976.34
6988.92
6827.42
5506.36
4536.45
5122.3
7173.18
11530.9
43615.7
36623.9
942.943
925.927
925.902
925.902
925.904
925.957
927.447
947.593
960.375
925.959
925.902
45793.6
967.656
982.609
967.128
983.408
967.815
968.318
983.471
983.633
932.076
926.587
926.386
926.406
926.462
926.413
926.404
926.421
926.335
926.158
925.973
926.042
926.015
926.082
926.228
926.202
926.139
926.071
925.994
925.967
926.021
926.127
926.239
926.174
926.405
925.902
925.902
925.902
926.237
925.902
925.902
925.902
7129.66
925.902
925.902
925.902
925.902
925.902
925.902
925.902
925.902
925.902
925.902
925.902
925.902
925.902
925.901
925.818
903.993
912.091
1022
1030.93
1771.56
4200.39
4997.34
4311.39
4585.68
4402.92
3856.19
4959.65
6045.45
7095.3
7104.83
6037.28
4450.07
4319.95
5224.82
7543.95
1787.03
926.747
925.904
925.903
925.902
925.902
925.902
925.911
926.21
932.237
960.567
967.759
968.373
967.906
926.586
926.188
926.184
926.21
926.219
926.182
926.181
926.161
926.062
925.957
925.929
925.948
925.975
926.068
926.1
926.069
926.036
925.979
925.938
925.923
925.959
926.015
926.075
925.902
925.902
925.902
925.902
925.902
925.902
925.902
925.902
925.902
925.902
925.902
925.902
925.902
925.902
925.902
925.902
925.884
909.184
942.309
930.318
935.327
1470.14
2822.92
3269.27
926.182
5540.52
926.704
925.915
925.902
925.902
925.906
926.037
929.106
926.22
926.188
926.186
926.184
926.121
926.015
925.927
925.952
925.95
926.014
926.107
926.087
926.054
926.008
925.958
925.923
925.937
925.986
926.042
925.902
925.902
925.902
925.902
925.902
925.902
925.902
925.902
925.902
925.902
925.902
925.902
925.898
925.692
918.342
880
1071.13
1232.55
1859.17
2684.62
4138.52
928.752
926.197
937.478
925.902
925.902
925.902
925.902
938.043
926.616
925.926
926.029
1006.63
925.903
953.514
952.785
958.848
955.177
926.282
925.902
926.063
925.905
925.908
925.902
925.904
925.903
925.902
925.904
925.904
925.904
925.903
925.903
925.902
925.902
925.902
925.902
925.903
925.903
925.903
925.903
925.903
925.902
925.902
925.903
925.903
925.902
925.902
925.902
925.904
925.904
925.903
925.902
925.902
925.902
925.902
925.902
925.947
926.035
925.916
3210.54
937.186
925.902
925.902
925.902
925.902
925.902
925.902
925.902
925.902
925.902
925.902
925.902
925.902
925.902
925.902
925.901
925.887
897.797
883.861
943.56
1122.58
2238.47
2474.91
3024.02
5631.95
928.305
926.897
3830.32
3986.52
3343.65
3976.88
4068.28
3865.65
925.903
927.339
925.903
925.912
925.904
975.887
935.554
925.902
925.902
925.902
925.902
926.009
926.03
925.934
928.7
925.921
925.95
925.904
925.903
926.483
927.251
959.52
3769.3
4180.48
4839.56
5074.56
4164.95
2728.17
2560.49
3068.2
1810.08
2343.51
925.902
925.902
954.381
944.263
942.906
925.902
925.902
946.021
925.904
925.902
4637.84
4700.03
4200.42
946.423
925.902
925.902
954.921
944.495
1423.45
925.902
925.902
925.903
925.903
925.904
925.902
925.902
926.164
936.902
925.904
925.904
925.904
925.903
925.902
925.902
925.902
925.902
925.903
925.903
925.903
925.903
925.903
925.902
925.902
925.902
925.903
925.903
925.907
3507.82
925.903
925.902
925.902
925.902
925.902
925.902
925.903
925.902
925.903
931.82
925.902
925.902
925.902
925.902
925.902
925.902
925.902
925.902
925.902
925.902
925.902
925.902
925.902
925.899
916.795
924.99
936.565
941.414
934.203
1322.23
2571.69
2518.77
925.902
925.903
3742.19
952.621
931.314
926.524
925.902
925.903
954.349
943.424
944.086
925.902
925.902
925.902
925.905
942.475
925.91
4424.9
3907.86
4927.76
4277
2695.08
2044.64
2642.65
925.902
1499.4
1012.46
916.067
925.902
2612.14
925.903
925.902
2343.81
1159.58
901.082
960.045
913.733
925.831
925.901
925.902
925.902
925.902
925.902
925.902
925.902
925.902
925.902
925.902
925.902
925.902
925.902
925.902
925.903
925.903
925.903
925.902
925.902
925.902
925.903
925.902
925.903
925.902
925.902
925.903
925.903
925.903
925.903
925.903
925.902
925.902
925.898
925.902
925.902
925.902
925.902
925.902
925.902
925.902
925.902
925.902
896.125
2687.6
925.902
925.902
925.902
925.902
925.902
925.902
929.994
935.265
925.902
925.902
925.902
925.902
925.902
925.902
925.902
925.899
925.902
925.902
925.902
925.902
925.902
925.902
925.902
925.902
925.902
3194.05
925.902
925.902
925.902
925.902
925.902
925.902
925.902
925.902
925.902
925.902
1965.37
925.902
1451.92
925.902
925.902
3604.49
925.902
925.902
925.902
925.902
925.902
925.902
925.902
925.902
925.902
925.902
925.902
925.902
925.902
925.902
925.902
925.902
925.902
925.902
925.902
925.902
925.902
890.929
925.902
925.902
925.902
925.902
925.902
925.902
925.902
925.902
925.902
925.902
925.902
924.709
925.902
925.902
2646.73
931.706
906.056
925.902
925.902
975.05
930.508
954.305
925.902
925.902
926.652
925.902
925.902
926.051
3212.04
925.902
925.902
930.1
935.703
927.822
932.376
925.902
3200.21
925.902
925.902
925.902
925.902
925.902
925.902
925.902
925.902
926.744
926.276
927.91
1094.71
1366.75
944.126
925.906
3201.9
2925.83
1269.13
925.903
925.902
925.904
913.024
928.25
925.902
925.902
925.902
925.902
925.902
925.902
1903.55
2348.72
2351
1879.95
925.928
925.913
925.967
925.931
925.905
925.902
925.902
1050.54
972.016
1134.11
925.902
925.902
2441.56
2576.71
936.808
1473.72
925.902
925.902
936.005
1148.62
925.902
925.902
936.931
931.901
931.585
925.902
925.902
925.902
925.902
925.902
925.902
925.902
925.902
915.808
925.952
925.902
2904.4
925.902
925.902
925.902
910.916
925.846
925.903
925.902
925.902
925.902
925.902
925.902
925.902
925.902
925.902
925.902
925.902
925.902
925.902
925.902
925.902
925.902
925.902
925.902
925.902
925.902
925.902
925.902
2779.93
925.902
936.962
934.381
896.08
925.902
2371.93
926.176
925.997
2256.74
3990.23
3324.94
925.902
925.902
925.902
3915.26
3705.89
4172.83
2881.82
926.288
926.628
2931.12
925.902
1281.62
1078.27
1134.21
925.906
925.911
925.904
925.902
925.902
925.902
910.132
925.902
925.902
925.902
1551.93
925.902
925.902
925.902
925.902
925.902
925.902
925.902
925.902
925.902
925.902
980.569
925.902
925.902
925.902
925.902
925.902
925.902
925.902
925.902
931.051
925.906
925.902
925.902
925.902
925.902
925.902
925.902
925.902
925.902
925.902
925.902
925.902
924.668
925.949
925.92
925.902
925.902
925.902
925.902
925.902
925.902
925.902
925.902
925.902
1528.06
925.902
950.947
925.902
925.902
944.737
925.902
925.902
925.902
925.902
925.902
925.902
925.902
925.902
925.902
925.902
924.882
925.902
2646.34
925.902
925.902
888.583
946.431
885.171
925.902
925.902
925.902
925.902
925.902
925.902
2717.42
925.902
925.902
925.902
925.902
925.902
925.902
925.902
925.902
925.902
925.902
925.902
925.902
925.902
925.902
925.902
2413.41
925.902
925.902
925.902
925.902
936.442
931.427
931.689
925.902
925.902
925.902
925.902
925.902
925.902
925.902
925.902
925.902
925.902
925.902
2071.93
925.902
925.902
925.902
925.902
925.902
925.902
925.902
925.902
925.902
925.902
2254.63
922.596
925.899
925.902
925.842
926.56
926.086
925.902
925.902
925.902
925.902
925.902
925.902
2126.88
925.902
926.084
925.904
925.902
1654.14
925.902
924.174
925.902
925.902
925.902
925.902
951.183
925.902
919.701
976.419
925.902
925.902
925.902
925.902
924.246
919.039
925.902
925.902
928.901
2234.59
925.902
925.902
2401.82
925.902
925.907
928.339
925.902
925.902
925.902
925.902
952.084
2425.49
2918.97
925.902
925.902
925.902
925.902
925.902
925.902
925.902
947.672
994.464
925.902
2042.65
1236.16
925.902
903.786
925.902
925.931
926.101
925.902
2851.31
925.902
925.902
928.73
927.244
925.902
925.902
925.902
925.902
925.902
925.902
926.979
926.372
928.443
925.931
925.913
925.976
925.902
1724.29
925.902
925.902
925.902
925.904
925.902
1663.47
1050.87
965.527
1126.43
925.903
925.904
920.972
925.902
925.902
925.902
925.902
941.863
925.902
936.387
925.902
925.56
925.902
925.902
928.621
927.114
927.174
925.905
925.902
925.902
925.838
925.902
925.902
925.902
925.902
1325.15
929.631
927.665
925.902
925.903
925.902
925.902
925.902
925.902
925.902
925.902
1706.72
925.902
925.902
925.902
2134.49
925.903
925.904
925.902
925.902
925.902
925.902
925.902
939.528
925.902
925.903
924.271
925.902
1847.51
917.877
925.902
925.902
925.902
925.902
925.902
925.902
925.902
925.902
925.902
925.902
925.902
925.902
925.902
922.576
2647.13
2211.6
2893.21
925.902
925.902
925.902
925.902
925.902
925.902
925.902
925.902
925.902
925.902
1894.98
930.608
928.286
925.902
937.134
925.902
925.902
925.902
925.902
1735.55
925.902
925.902
925.902
925.902
925.902
925.902
925.902
925.902
925.902
925.902
925.902
925.902
925.902
925.902
925.902
925.902
925.902
925.902
925.902
927.187
925.902
925.902
924.035
923.438
925.922
925.966
925.908
925.902
925.902
925.902
925.902
925.902
925.902
925.902
925.902
925.902
925.902
1296.84
926.436
925.902
925.902
925.917
925.902
925.902
925.902
925.902
925.902
925.902
925.902
925.902
925.902
925.902
925.902
925.902
925.902
925.902
925.902
966.779
925.902
925.902
925.931
925.902
929.031
925.898
925.906
925.912
930.328
925.902
925.902
926.28
926.068
925.902
925.902
924.952
925.902
1817.37
925.902
927.377
925.902
925.902
925.902
925.902
925.902
925.902
925.902
925.902
921.395
925.902
925.795
925.902
1215.48
925.902
880.423
920.552
1040.44
1294.39
925.902
925.902
925.902
925.902
1722.59
1838.54
942.867
925.016
925.902
920.99
965.045
925.902
2520.09
925.902
925.902
925.902
925.902
925.902
925.902
925.902
936.842
982.632
2286.52
926.552
1160.56
925.902
925.902
925.902
925.902
926.107
925.98
926.426
926.146
926.448
925.988
1763.61
1822.1
925.902
925.902
925.902
925.902
925.902
925.902
925.902
925.902
925.902
937.834
925.902
925.905
925.902
925.902
925.903
925.934
925.902
925.902
925.902
925.903
925.902
925.902
958.691
925.902
925.902
925.906
926.576
926.181
925.902
925.903
925.902
925.902
925.902
925.902
925.902
925.902
925.902
925.902
925.902
925.902
1253.23
925.902
925.906
925.902
925.902
925.902
925.902
925.902
925.902
925.902
925.902
925.902
925.907
925.902
925.902
926.951
926.38
925.902
925.902
925.902
925.902
925.903
925.905
1480.29
925.902
925.903
925.902
925.902
925.902
925.902
925.902
924.839
1576.34
1455.29
925.909
925.904
925.902
925.902
925.902
925.902
925.902
925.902
925.902
925.902
1158.71
928.421
925.902
917.522
925.902
925.902
925.902
925.902
925.902
925.902
925.902
925.902
1023.8
1716.79
925.9
925.904
925.767
925.904
925.928
925.902
925.935
925.902
979.811
940.29
925.902
1137.43
925.194
915.302
916.104
917.104
925.814
925.902
907.336
925.902
925.902
925.902
925.911
925.932
925.905
926.951
925.902
925.902
925.902
925.902
925.902
925.902
925.902
925.902
1470.81
1509.48
926.434
926.114
926.114
929.828
925.902
925.902
925.902
996.828
1019.3
925.912
925.977
925.969
925.917
925.902
925.907
924.613
927.715
921.482
926.093
1328.68
925.904
926.034
925.989
925.979
1396.48
1080.27
925.902
925.907
1232.99
1066.25
1200.2
926.446
933.83
929.943
1054.92
1081.65
925.929
925.902
925.906
944.711
925.986
925.902
925.902
925.902
925.927
925.904
925.902
925.903
994.848
969.094
925.904
928.173
926.769
925.904
925.906
925.925
925.902
925.902
925.902
925.902
925.904
925.037
923.052
925.902
926.104
926.013
1014.96
925.902
926.56
925.754
925.91
951.773
948.346
925.902
927.193
938.224
925.903
925.903
925.937
925.92
925.945
925.913
925.902
1006.5
974.594
925.902
925.902
925.902
925.902
926.007
925.861
932.233
928.572
925.916
926.072
937.153
925.903
926.588
925.903
992.405
943.371
925.902
927.288
925.903
926.652
925.934
930.882
942.293
943.674
932.745
925.919
925.921
925.909
926.092
925.914
925.903
925.937
926.096
925.987
926.36
928.242
926.064
925.966
926.93
925.905
925.944
925.921
926.462
925.908
926.836
930.484
925.906
933.141
928.125
927.937
925.91
925.907
926.339
926.887
925.904
925.91
925.982
925.934
980.633
982.668
983.002
984.61
982.77
980.969
947.595
927.469
925.959
925.904
925.902
925.902
925.929
944.202
49969.9
42768.4
17945
11560.9
7605.79
7645.24
8357.87
7292.01
6368.39
6280.05
5509.33
4379.99
3593.29
3691.89
3762.84
15522.7
7061.2
23296.8
8343.88
6449.41
3528.05
1791.88
1018.82
931.704
991.461
920.398
924.076
925.902
925.902
925.902
925.902
925.902
925.902
925.902
925.902
925.902
925.902
925.902
925.902
925.902
925.902
925.902
925.902
925.902
925.902
926.281
926.373
926.28
926.171
926.06
925.986
925.968
925.986
926.02
926.099
926.196
926.114
926.221
926.345
926.396
926.344
926.292
926.329
926.386
926.392
926.397
926.257
926.133
926.324
930.478
965.153
960.569
51790.9
925.902
926.1
966.236
981.944
966.521
984.437
983.451
969.22
967.617
983.721
938.119
932.281
20907.2
929.148
926.218
925.912
925.902
925.902
925.904
926.632
1879.93
925.914
14386.2
7938.95
7453.41
8365.97
7774.77
6792.54
6028.03
6125.24
4780.36
4223.32
3680.28
3808.79
9836.56
7919.44
4699.9
2653.07
1049.59
961.926
859.832
935.81
922.548
925.897
925.902
925.902
925.902
925.902
925.902
925.902
925.902
925.902
925.902
925.902
925.902
925.902
925.902
925.902
925.902
925.902
925.902
968.672
925.902
926.091
926.3
926.065
926.23
926.114
926.015
925.973
925.971
926.001
926.05
926.173
926.146
926.142
926.279
926.399
926.369
926.314
926.306
926.352
926.392
926.415
926.34
926.154
926.175
927.016
942.273
10519.3
925.902
967.853
926.635
925.926
925.903
925.902
925.903
926.02
1008.62
19207.5
8075.25
3048.02
1383.81
1070.61
875.998
999.772
922.199
925.8
925.902
925.902
925.902
925.902
925.902
925.902
925.902
925.902
925.902
925.902
925.902
925.902
925.902
925.902
925.902
926.042
925.978
925.932
925.929
925.945
925.967
925.989
926.047
926.052
926.019
926.08
926.151
926.145
926.119
926.111
926.142
926.19
926.193
926.131
926.052
926.064
926.369
934.948
925.902
925.902
925.902
925.902
925.902
925.902
925.902
925.902
925.902
925.902
925.902
925.902
925.924
925.938
925.956
925.976
926.007
926.07
926.024
926.051
926.116
926.155
926.136
926.103
926.133
926.167
926.19
926.177
926.088
926.046
926.107
927.962
970.098
926.608
925.902
925.906
926.041
925.902
925.902
925.902
925.902
922.264
920.12
916.013
918.556
965.745
2041.1
4061.17
6700.76
7497.88
5542.22
925.902
925.952
926.009
952.814
927.555
926.508
925.921
937.322
7985.68
925.902
925.903
926.016
926.186
925.952
925.902
925.905
925.903
925.903
925.902
926.071
926.521
7951.38
975.155
925.902
925.902
925.902
3714.41
925.902
925.915
925.904
925.936
928.778
932.041
927.301
3172.49
925.902
2441.53
1294.71
4363.3
2992.98
2452.59
1103.83
1818.77
1935.65
1442.11
900.677
1096.94
1171.27
1001.5
927.052
884.339
1005.92
874.642
913.834
937.039
906.761
919.443
933.495
941.184
919.356
925.902
921.242
921.869
925.902
925.743
925.894
925.902
925.902
925.902
925.902
925.902
925.902
925.902
925.902
925.902
925.902
925.902
925.902
925.902
925.902
925.902
925.902
925.902
925.902
925.902
925.902
925.902
925.902
925.902
925.902
925.904
925.902
925.902
925.902
925.902
925.903
925.902
951.07
941.455
925.903
925.902
925.902
925.902
925.902
925.902
925.903
925.903
925.903
925.903
925.903
925.903
925.904
925.904
925.903
925.903
925.904
925.904
925.904
925.903
925.903
925.933
927.756
958.181
925.902
925.902
953.806
6572.47
959.531
4092.8
9735.98
6632.57
5646.24
5586.73
5428.97
4238.54
4230.31
4162.73
4306.95
4166.48
3768.55
2948.68
925.903
925.902
946.538
925.902
942.018
925.903
954.053
925.902
925.902
1433.84
1346.32
955.561
946.298
944.248
4037.3
925.902
925.902
925.902
925.902
925.91
925.902
1491.92
925.902
945.32
934.973
925.902
925.902
925.902
935.814
1991.77
925.902
925.902
925.902
4313.71
913.225
930.147
923.234
925.902
925.902
925.902
925.902
925.902
925.902
925.902
925.902
925.903
925.903
925.906
954.946
925.902
943.453
925.902
925.902
925.902
925.902
925.903
925.903
925.903
925.903
925.903
925.903
925.903
925.903
925.903
925.903
925.904
925.904
925.903
925.903
925.906
926.18
946.071
925.902
5321.56
6108.48
9013.47
7708.75
5243.61
952.879
942.855
7295.61
5732.49
4602.97
4333.73
925.903
925.997
925.903
925.902
925.903
925.903
925.903
925.903
925.902
925.903
925.903
925.903
925.902
925.902
925.902
925.902
925.902
925.902
925.902
925.902
925.911
925.902
925.902
925.903
925.903
926.656
925.903
925.903
925.902
925.903
925.903
925.903
925.902
925.902
925.902
925.902
925.902
925.902
925.902
925.902
925.902
925.902
925.902
925.902
925.902
925.902
925.902
925.902
925.902
925.902
925.902
925.902
925.902
925.902
925.902
925.902
925.903
4361.12
935.917
925.902
925.902
925.902
925.902
925.902
2193.53
925.902
926.292
925.902
925.902
925.902
929.883
4624.57
917.561
925.907
925.904
4728.93
4564.65
4779.8
918.925
925.902
925.902
925.902
925.902
925.902
925.902
925.902
925.902
925.902
925.902
925.902
925.902
925.902
925.91
925.902
925.902
925.902
925.902
925.902
934.499
929.594
930.857
925.902
925.902
1095.45
6311.6
932.603
926.844
946.817
925.902
925.902
925.902
1104.47
925.902
925.902
925.902
925.902
925.902
925.902
925.902
925.902
925.902
925.902
925.902
925.902
925.902
925.902
925.902
925.902
925.902
925.902
925.902
925.902
925.902
925.902
925.902
925.902
926.561
927.632
925.902
925.902
925.902
925.902
925.902
925.987
925.929
926.154
925.902
925.902
925.902
925.903
925.904
925.902
925.902
925.902
925.902
925.902
925.902
1618.35
4523.72
4439.99
5419.11
925.902
925.902
935.628
930.227
921.432
916.647
2886.88
2397.31
925.902
925.902
4161.11
4042.38
925.902
925.902
925.857
925.9
925.902
925.902
925.902
974.419
945.11
985.697
936.545
931.388
937.408
931.988
925.902
4303.7
1204.36
926.074
926.787
928.061
926.323
925.902
920.374
925.902
925.902
925.902
925.902
925.902
925.902
925.902
925.902
1815.57
1702.48
918.148
925.135
925.931
925.978
925.914
925.926
925.999
925.902
4135.81
4338.25
923.058
926.944
1047.75
933.622
920.712
921.149
965.456
940.139
941.128
4944.14
925.902
3321.72
924.498
926.312
925.902
937.204
931.77
925.902
925.902
925.902
925.903
925.904
925.902
925.902
925.902
925.902
5938.88
925.902
925.902
925.902
925.902
925.902
925.902
925.902
925.902
925.902
925.902
923.118
925.902
925.902
925.902
925.902
925.902
925.902
925.902
925.902
925.902
925.902
925.902
925.902
3960.93
925.902
925.902
925.902
925.902
925.902
925.902
1670.22
3976.69
925.902
925.902
925.902
925.902
925.902
925.902
925.902
925.902
925.902
925.902
925.902
925.902
925.902
925.902
925.902
925.902
925.902
925.902
925.902
925.902
925.902
925.902
925.902
925.902
925.902
925.902
925.902
914.657
925.902
925.902
925.902
925.902
925.902
925.902
1334.85
925.902
925.902
925.902
925.902
925.902
925.903
913.121
925.902
925.902
1140.62
919.081
925.902
923.778
925.116
925.902
3014.44
925.902
925.902
3469.2
925.902
925.902
925.902
925.902
925.9
925.902
925.902
925.902
925.902
925.902
1103.09
925.902
925.902
925.902
925.902
925.902
925.902
925.902
925.902
4003.87
4169.32
925.902
925.902
925.902
925.902
925.902
925.902
925.902
925.902
2971.44
925.902
925.902
925.902
925.902
925.902
925.902
925.902
925.902
3500.12
925.902
925.902
925.902
925.902
925.902
925.903
925.902
925.902
925.902
925.902
928.691
925.902
925.902
924.106
3402.63
925.902
925.902
925.902
925.902
3858.96
925.518
923.486
925.877
2226.58
925.902
925.902
989.954
925.902
925.902
925.903
925.903
925.902
925.902
925.902
925.902
925.902
925.902
1374.08
1098.86
1538.51
925.902
925.902
925.902
925.902
1443.57
1100.59
935.84
939.225
928.848
925.902
925.902
925.902
2265.16
926.116
926.049
3148.17
927.07
928.655
926.44
914.59
3556.58
925.902
3363.82
925.902
925.902
990.727
925.902
925.902
925.902
925.908
925.904
925.902
925.902
925.902
925.938
925.996
925.917
925.902
925.902
922.813
924.469
925.902
925.902
925.911
925.902
925.902
920.676
925.902
925.902
925.902
3348.41
925.902
925.902
3503.08
897.917
951.345
925.902
925.902
925.902
925.903
928.335
925.902
927.151
926.115
929.408
925.902
925.902
925.902
925.902
997.852
927.13
925.902
925.902
925.902
925.902
925.902
925.902
925.902
925.902
925.902
925.902
925.902
925.902
925.902
925.902
925.902
925.902
925.902
925.902
925.902
925.902
925.907
925.92
925.902
3301.14
925.902
925.902
925.902
925.902
925.903
926.894
925.902
925.902
925.902
925.902
925.902
927.109
925.902
925.902
925.902
927.224
925.902
925.902
925.902
925.902
925.902
925.902
1236.36
925.902
925.902
925.902
1344.38
1549
1139.15
925.902
925.902
925.902
932.409
925.902
925.903
964.632
925.902
925.902
925.902
925.902
925.902
925.903
925.902
925.902
925.902
925.902
925.902
3126.45
922.272
913.744
1706.29
1235.55
3208.15
1417.41
925.902
925.902
925.902
926.39
925.902
925.902
925.904
925.902
926.358
918.308
925.902
925.902
925.902
925.902
925.902
925.902
2961.37
2005.97
2153.94
1520.82
925.902
926.094
925.902
925.902
925.902
925.902
925.902
925.902
925.902
927.236
925.902
925.902
925.902
925.902
925.903
925.902
925.902
925.902
925.902
925.902
925.902
3065.14
2896.78
3093.42
925.902
925.902
925.902
925.902
925.902
925.902
925.904
925.903
2685.58
2596.2
925.902
925.902
925.902
925.902
925.902
925.902
926.063
925.902
925.902
925.902
925.902
925.902
925.902
925.902
925.902
925.902
925.902
925.902
925.902
925.914
925.918
926.392
925.902
925.902
925.902
925.902
925.902
925.902
925.902
925.902
925.902
925.902
925.902
924.937
925.902
925.902
925.957
925.902
998.834
925.973
1137.4
1392.07
925.92
925.915
921.356
923.322
926.085
925.902
925.902
925.902
925.903
925.902
925.902
1006.13
925.902
925.902
925.902
925.902
925.902
925.902
925.902
925.903
925.902
925.902
926.215
925.939
926.472
926.105
926.133
931.811
929.823
925.902
925.902
925.902
925.902
963.902
925.902
920.519
925.902
925.902
925.902
925.902
925.902
925.902
924.09
933.382
925.902
925.902
925.902
925.902
925.902
925.902
925.902
925.902
925.903
925.902
925.902
925.902
925.902
925.902
925.902
925.902
925.902
925.832
925.902
925.902
955.14
925.902
925.922
925.973
913.111
925.895
988.927
925.902
928.712
928.988
925.902
925.908
925.904
925.923
925.902
925.995
925.902
925.902
925.902
925.902
941.932
927.615
925.902
925.902
925.908
925.917
925.904
925.902
925.918
925.902
925.902
926.755
925.902
949.698
925.902
925.902
925.974
925.902
925.902
925.902
925.902
925.902
923.15
943.219
918.889
921.7
922.544
925.904
925.908
925.902
925.902
925.902
925.931
925.958
1056.16
925.902
925.902
925.902
925.902
925.943
925.902
925.902
925.902
925.899
925.902
925.902
925.902
925.902
925.902
925.902
925.902
925.902
925.902
925.902
927.256
925.902
925.902
925.902
925.904
925.915
925.903
925.902
925.902
925.902
925.902
925.902
925.926
925.903
925.902
925.902
925.902
925.902
925.902
925.902
925.902
925.902
925.902
925.902
2172.71
925.902
925.902
925.902
925.902
925.902
925.902
925.942
925.917
925.902
924.506
925.902
927.141
925.902
928.864
925.915
925.902
925.902
925.902
938.413
925.904
1144.71
1246.52
925.902
925.902
925.892
923.879
925.922
925.902
925.902
925.855
925.902
927.22
925.902
927.909
931.184
926.974
931.045
925.903
2252.13
926.132
1506.86
1665.47
1148.3
951.708
925.903
2492.81
925.997
926.404
926.167
926.484
925.903
925.902
925.908
925.906
925.902
925.904
2464.2
2404.35
925.91
925.916
925.912
925.131
925.902
925.902
926.305
925.927
925.902
925.902
925.902
925.902
925.903
925.902
926.25
2057.33
925.902
938.226
1824.06
925.902
1783.31
925.902
1060.66
1089.46
925.904
923.3
925.902
925.902
925.902
1643.24
946.527
925.902
922.948
925.902
928.059
929.601
925.921
924.018
926.58
925.562
925.902
925.903
927.843
925.902
925.943
925.922
926.03
925.962
926.095
918.847
925.873
925.903
925.902
925.902
927.345
925.66
925.323
925.904
925.903
1068.92
1137.59
924.305
932.378
923.629
1035.97
925.902
925.903
925.902
926.162
928.343
925.318
925.908
925.902
937.53
924.704
930.765
929.023
924.148
925.902
925.905
925.906
925.905
925.903
925.908
925.902
925.91
925.902
925.887
925.467
925.901
925.903
926.016
925.904
927.887
928.869
944.821
925.994
925.904
925.908
925.903
926.508
925.902
925.956
925.902
925.902
925.902
925.906
925.904
925.902
925.902
925.906
925.116
925.902
925.902
926.148
925.911
925.903
925.914
925.936
925.906
927.767
927.744
925.976
925.91
926.371
933.865
925.928
926.047
925.912
925.888
925.903
925.904
925.902
925.905
925.861
925.91
925.691
925.918
926.23
926.383
928.652
925.923
926.02
927.505
926.504
927.484
925.979
930.139
925.911
925.902
925.924
925.902
925.954
925.916
925.946
926.526
)
;

boundaryField
{
    bullet
    {
        type            kqRWallFunction;
        value           nonuniform List<scalar> 
30
(
5910.75
8306.08
8592.56
6694.82
5576.97
4746.06
3975.55
3086.22
2548.94
2330.77
2452.65
2929.09
2541.5
2928.78
3744.24
3359.51
3654.68
3363.58
3599.83
3093.58
3075.91
3532.82
3997.48
5095.79
6056.05
7071
7019.89
7527.53
7289.58
6495.41
)
;
    }
    topWall
    {
        type            inletOutlet;
        inletValue      uniform 1000;
        value           nonuniform List<scalar> 
50
(
967.103
958.386
961.313
959.275
957.464
942.403
937.596
944.156
972.117
1000
1000
1000
982.488
956.915
965.977
967.51
959.47
982.302
954.124
954.72
958.485
1000
1000
988.346
1000
1000
1000
1000
955.505
942.337
942.153
941.075
936.895
933.453
931.22
929.923
1000
1000
1000
1000
1000
1000
1000
1000
1000
1000
1000
1000
1000
1000
)
;
    }
    bottomWall
    {
        type            inletOutlet;
        inletValue      uniform 1000;
        value           nonuniform List<scalar> 
50
(
1000
1000
1000
1000
943.538
942.115
941.532
939.757
937.662
935.866
934.176
1000
1000
1000
1000
1000
1000
1000
1000
1000
1000
1000
1000
1000
1000
967.175
950.841
983.387
988.737
979.911
961.692
955.954
953.264
974.463
1000
1000
977.359
980.271
1000
1000
1000
1000
1000
961.141
967.963
969.964
1000
1000
963.776
967.918
)
;
    }
    inlet
    {
        type            fixedValue;
        value           uniform 1000;
    }
    outlet
    {
        type            inletOutlet;
        inletValue      uniform 1000;
        value           nonuniform List<scalar> 
30
(
925.902
925.902
925.902
925.902
925.902
925.902
925.902
925.902
925.902
926.281
992.219
979.743
970.147
963.254
958.91
992.279
979.916
970.412
963.581
959.261
926.255
925.909
925.902
925.902
925.902
925.902
925.902
925.902
925.902
925.902
)
;
    }
    defaultFaces
    {
        type            empty;
    }
}


// ************************************************************************* //
