/*--------------------------------*- C++ -*----------------------------------*\
  =========                 |
  \\      /  F ield         | OpenFOAM: The Open Source CFD Toolbox
   \\    /   O peration     | Website:  https://openfoam.org
    \\  /    A nd           | Version:  6
     \\/     M anipulation  |
\*---------------------------------------------------------------------------*/
FoamFile
{
    version     2.0;
    format      ascii;
    class       volScalarField;
    location    "0.0003";
    object      nut;
}
// * * * * * * * * * * * * * * * * * * * * * * * * * * * * * * * * * * * * * //

dimensions      [0 2 -1 0 0 0 0];

internalField   nonuniform List<scalar> 
3704
(
0.337347
0.33728
0.338531
0.338832
0.338657
0.338282
0.33823
0.338115
0.339029
0.339038
0.339088
0.338415
0.33844
0.339204
0.339203
0.339157
0.339724
0.33961
0.338286
0.338296
0.338873
0.338582
0.339281
0.338199
0.337963
0.338993
0.338981
0.339006
0.339205
0.337553
0.33759
0.337566
0.337439
0.337269
0.337118
0.336977
0.337607
0.340144
0.339416
0.339123
0.339009
0.33897
0.338967
0.338978
0.338992
0.339002
0.339008
0.33901
0.339002
0.339004
0.337352
0.337304
0.339514
0.339805
0.339571
0.338623
0.338431
0.338255
0.339742
0.339363
0.339945
0.339253
0.339437
0.339923
0.340149
0.340124
0.339986
0.340069
0.338662
0.339069
0.339382
0.338584
0.340067
0.338884
0.338827
0.339854
0.339875
0.339917
0.340139
0.337758
0.33764
0.337598
0.337459
0.337281
0.337123
0.336979
0.336891
0.33938
0.340058
0.339983
0.339883
0.339855
0.339878
0.339921
0.339959
0.339983
0.339993
0.339992
0.339961
0.339962
0.337362
0.337249
0.339951
0.340412
0.340199
0.33906
0.338718
0.338462
0.339383
0.339468
0.340277
0.340007
0.340191
0.340274
0.340383
0.340387
0.339902
0.339819
0.339145
0.339817
0.339799
0.339154
0.33971
0.339096
0.339667
0.340378
0.340271
0.340229
0.339938
0.337841
0.3377
0.337642
0.337486
0.337294
0.337129
0.33698
0.336837
0.337835
0.33919
0.339768
0.340048
0.340249
0.340409
0.340534
0.340617
0.340658
0.34067
0.340663
0.340606
0.340609
0.337374
0.337203
0.340014
0.340676
0.340453
0.3394
0.338944
0.338629
0.338969
0.339381
0.34026
0.340313
0.340437
0.340401
0.340256
0.340217
0.339871
0.339725
0.339545
0.34013
0.339908
0.33931
0.338909
0.339122
0.34011
0.340547
0.34021
0.340028
0.339199
0.337803
0.337733
0.337668
0.337497
0.337295
0.337124
0.336972
0.336826
0.337039
0.338033
0.338958
0.339662
0.340191
0.340553
0.340793
0.340934
0.340999
0.341015
0.341006
0.340924
0.34094
0.337387
0.337179
0.339897
0.340644
0.340436
0.3395
0.338994
0.33866
0.33875
0.339262
0.340077
0.340262
0.340348
0.340307
0.340017
0.339931
0.339786
0.339677
0.339683
0.340085
0.339798
0.339163
0.338334
0.339052
0.340161
0.340449
0.33995
0.339671
0.338609
0.337721
0.337712
0.337646
0.337472
0.337269
0.337099
0.336949
0.336806
0.336776
0.337351
0.338288
0.3392
0.339934
0.340431
0.340748
0.340926
0.341004
0.341025
0.341017
0.340917
0.340962
0.0128369
0.0135676
0.0128888
0.013481
0.0125264
0.0119617
0.0131763
0.0140654
0.0161058
0.017297
0.01868
0.0186145
0.0193057
0.0189513
0.0154264
0.0426539
0.0149444
0.0190985
0.0177476
0.0220105
0.0332018
0.036225
0.0389504
0.0366711
0.0438677
0.0712099
0.0872597
0.0993722
0.103902
0.0951207
0.0707748
0.0172523
0.0273355
0.0248783
0.0296903
0.0595338
0.0628202
0.0599555
0.0580654
0.0660147
0.0891143
0.104999
0.122983
0.156481
0.181668
0.106482
0.0199135
0.037594
0.0296164
0.0311671
0.0672019
0.0747259
0.0712939
0.0700227
0.0786518
0.106351
0.102165
0.115851
0.168674
0.25091
0.140748
0.0241479
0.046011
0.0320421
0.0381818
0.0739473
0.0821279
0.0775896
0.0764373
0.0885775
0.100545
0.0964416
0.109248
0.162955
0.303301
0.0147532
0.0204106
0.0207768
0.018372
0.0167589
0.0155329
0.0141502
0.0125018
0.0114052
0.0108931
0.0111496
0.0121215
0.0114403
0.0121021
0.0136611
0.0939504
0.117833
0.122904
0.103333
0.0865288
0.0718758
0.0441649
0.0400344
0.0419658
0.0364598
0.0284111
0.0150946
0.0149062
0.0123052
0.0440653
0.176185
0.173164
0.163387
0.140117
0.119776
0.105391
0.0757702
0.0693795
0.0767702
0.0615248
0.0509389
0.0217993
0.0203571
0.0149432
0.0642324
0.243064
0.195771
0.170687
0.144777
0.136864
0.122847
0.101932
0.0937137
0.103472
0.0791359
0.0655667
0.0240107
0.026342
0.0270015
0.0897254
0.297455
0.205682
0.170101
0.141053
0.142116
0.136367
0.121652
0.112716
0.123342
0.0944383
0.0772953
0.027906
0.0293199
0.0437561
0.118772
0.339001
0.339
0.339008
0.339008
0.339006
0.339
0.338989
0.338976
0.338966
0.338972
0.339016
0.339136
0.339447
0.340213
0.336693
0.336817
0.336998
0.337239
0.337517
0.337588
0.337394
0.337574
0.339133
0.338997
0.339
0.339009
0.338818
0.339112
0.339394
0.338247
0.338145
0.338111
0.339556
0.338384
0.338477
0.338256
0.33844
0.339629
0.339022
0.339022
0.339183
0.338439
0.337751
0.337328
0.337556
0.338516
0.338178
0.337877
0.337995
0.337331
0.339952
0.339952
0.339982
0.339988
0.33999
0.339981
0.339954
0.339915
0.339874
0.339856
0.339893
0.339993
0.340037
0.339171
0.336693
0.336821
0.337012
0.337272
0.337573
0.337661
0.337549
0.33811
0.340009
0.339952
0.33996
0.33997
0.339871
0.339162
0.340109
0.33853
0.338359
0.338343
0.340045
0.338736
0.339071
0.338798
0.338602
0.340049
0.339964
0.33995
0.340015
0.339329
0.33792
0.337387
0.33768
0.338653
0.338564
0.338317
0.337874
0.337335
0.340592
0.34059
0.340644
0.340658
0.340666
0.340655
0.340608
0.340522
0.340395
0.340234
0.340037
0.339735
0.339081
0.337584
0.336692
0.336826
0.337032
0.337319
0.337654
0.337764
0.337744
0.338692
0.340235
0.340563
0.340594
0.340601
0.340491
0.33974
0.340066
0.338948
0.338683
0.33861
0.339598
0.33909
0.339695
0.339418
0.338689
0.339721
0.340459
0.340507
0.34043
0.339958
0.338093
0.337465
0.337843
0.338919
0.339078
0.338867
0.337677
0.337344
0.340917
0.340905
0.340981
0.340997
0.341011
0.340995
0.340923
0.340774
0.340526
0.340152
0.339624
0.338885
0.337894
0.336866
0.336686
0.336824
0.337041
0.337351
0.337715
0.33784
0.337869
0.33904
0.340185
0.340826
0.340892
0.340901
0.340781
0.340227
0.339984
0.339301
0.338962
0.338838
0.33936
0.339308
0.340007
0.339765
0.338759
0.339417
0.34056
0.340736
0.340641
0.340123
0.338147
0.337516
0.337956
0.339109
0.339448
0.339231
0.337503
0.337356
0.340936
0.3409
0.340991
0.341004
0.341018
0.341002
0.340915
0.340725
0.340395
0.339879
0.339145
0.338201
0.33722
0.336653
0.336672
0.336809
0.337027
0.337342
0.337712
0.33784
0.337881
0.339097
0.340032
0.340788
0.340877
0.340891
0.340778
0.340371
0.339906
0.339419
0.339051
0.338907
0.339261
0.339336
0.339997
0.339787
0.338741
0.339191
0.340415
0.340685
0.340619
0.34001
0.338089
0.337507
0.337965
0.339105
0.339537
0.339311
0.337369
0.337369
0.337739
0.33783
0.337809
0.337829
0.337804
0.337721
0.336783
0.336441
0.336428
0.336415
0.336429
0.336438
0.336421
0.336423
0.336421
0.336379
0.336324
0.336308
0.336326
0.336323
0.336352
0.336371
0.336353
0.336335
0.336313
0.336301
0.336308
0.336337
0.336371
0.336395
0.336382
0.33628
0.336278
0.336278
0.336278
0.336278
0.336278
0.336278
0.336278
0.336278
0.336278
0.336278
0.336278
0.336278
0.336278
0.336278
0.336278
0.336278
0.336278
0.336278
0.336271
0.335557
0.341517
0.329665
0.250766
0.126289
0.128651
0.0933323
0.138078
0.159976
0.117759
0.336298
0.0581789
0.0517661
0.0666812
0.0950164
0.106861
0.100318
0.100181
0.0966782
0.0938311
0.0925488
0.106535
0.13897
0.457764
0.454504
0.337554
0.336283
0.336278
0.336278
0.336278
0.336279
0.336317
0.33678
0.337114
0.336298
0.336278
0.457361
0.337359
0.337793
0.337342
0.337822
0.337364
0.33738
0.337824
0.337828
0.3365
0.336436
0.336416
0.336419
0.336437
0.336425
0.336423
0.336428
0.336406
0.336359
0.336302
0.336327
0.336317
0.336332
0.33637
0.336362
0.336343
0.336324
0.336304
0.336301
0.336321
0.336354
0.336385
0.33636
0.33643
0.336278
0.336278
0.336278
0.336366
0.336278
0.336278
0.336278
0.111297
0.336278
0.336278
0.336278
0.336278
0.336278
0.336278
0.336278
0.336278
0.336278
0.336278
0.336278
0.336278
0.336278
0.336277
0.336258
0.331798
0.333272
0.335007
0.162112
0.150465
0.112026
0.0641272
0.0667976
0.0707196
0.0426611
0.0524659
0.0922339
0.103439
0.108392
0.108882
0.105966
0.0951318
0.0919422
0.0927595
0.108657
0.186286
0.336454
0.336278
0.336278
0.336278
0.336278
0.336278
0.336278
0.336286
0.336424
0.337127
0.337362
0.337382
0.337367
0.336366
0.336364
0.336362
0.33637
0.336372
0.336362
0.336362
0.336357
0.336328
0.336295
0.336287
0.336294
0.336302
0.336329
0.336337
0.336327
0.336317
0.3363
0.336288
0.336285
0.336298
0.336316
0.336335
0.336278
0.336278
0.336278
0.336278
0.336278
0.336278
0.336278
0.336278
0.336278
0.336278
0.336278
0.336278
0.336278
0.336278
0.336278
0.336278
0.336273
0.332856
0.339498
0.334549
0.208025
0.168616
0.104303
0.063079
0.336337
0.135113
0.336476
0.33628
0.336278
0.336278
0.336278
0.336282
0.336354
0.336373
0.336363
0.336364
0.336364
0.336346
0.336314
0.336286
0.336295
0.336294
0.336313
0.33634
0.336333
0.336322
0.336309
0.336294
0.336284
0.33629
0.336307
0.336325
0.336278
0.336278
0.336278
0.336278
0.336278
0.336278
0.336278
0.336278
0.336278
0.336278
0.336278
0.336278
0.336277
0.336233
0.334706
0.326599
0.311195
0.160469
0.131699
0.0747048
0.0566514
0.336391
0.336366
0.336549
0.336278
0.336278
0.336278
0.336278
0.336553
0.336297
0.336279
0.336307
0.324695
0.336278
0.336946
0.336925
0.337083
0.336994
0.336289
0.336278
0.33633
0.336279
0.336279
0.336278
0.336279
0.336278
0.336278
0.336279
0.336279
0.336278
0.336278
0.336278
0.336278
0.336278
0.336278
0.336278
0.336278
0.336278
0.336278
0.336278
0.336278
0.336278
0.336278
0.336278
0.336278
0.336278
0.336278
0.336278
0.336278
0.336278
0.336278
0.336278
0.336278
0.336278
0.336278
0.336278
0.33628
0.336282
0.336278
0.123409
0.33654
0.336278
0.336278
0.336278
0.336278
0.336278
0.336278
0.336278
0.336278
0.336278
0.336278
0.336278
0.336278
0.336278
0.336278
0.336278
0.336275
0.330497
0.327474
0.33317
0.219882
0.100497
0.0822257
0.0565325
0.0635531
0.336339
0.336304
0.0922955
0.0837269
0.118112
0.0728244
0.0793582
0.0975911
0.336278
0.336608
0.336278
0.33628
0.336278
0.339488
0.337784
0.336278
0.336278
0.336278
0.336278
0.336281
0.336306
0.336285
0.336347
0.336278
0.336279
0.336279
0.336278
0.336294
0.336313
0.337102
0.0902126
0.0963244
0.099421
0.0996489
0.0966229
0.137962
0.155118
0.134302
0.169229
0.123551
0.336278
0.336278
0.336971
0.336722
0.336685
0.336278
0.336278
0.336751
0.336279
0.336278
0.0648313
0.0632901
0.0921292
0.33676
0.336278
0.336278
0.336986
0.336729
0.274615
0.336278
0.336278
0.336278
0.336278
0.336279
0.336278
0.336278
0.336285
0.336534
0.336279
0.336278
0.336278
0.336278
0.336278
0.336278
0.336278
0.336278
0.336278
0.336278
0.336278
0.336278
0.336278
0.336278
0.336278
0.336278
0.336278
0.336278
0.336279
0.0606025
0.336278
0.336278
0.336278
0.336278
0.336278
0.336278
0.336278
0.336278
0.336278
0.336417
0.336278
0.336278
0.336278
0.336278
0.336278
0.336278
0.336278
0.336278
0.336278
0.336278
0.336278
0.336278
0.336278
0.336277
0.334403
0.336087
0.338387
0.338458
0.299664
0.129179
0.0924216
0.0693236
0.336278
0.336278
0.0927702
0.336921
0.336406
0.336411
0.336278
0.336278
0.33697
0.336699
0.336717
0.336278
0.336278
0.336278
0.336278
0.336674
0.336278
0.0979171
0.0958642
0.100502
0.0967219
0.121496
0.188895
0.169733
0.336278
0.10485
0.276137
0.332128
0.336278
0.174563
0.336278
0.336278
0.0756841
0.171172
0.316395
0.342809
0.333761
0.336263
0.336278
0.336278
0.336278
0.336278
0.336278
0.336278
0.336278
0.336278
0.336278
0.336278
0.336278
0.336278
0.336278
0.336278
0.336278
0.336278
0.336278
0.336278
0.336278
0.336278
0.336278
0.336278
0.336278
0.336278
0.336278
0.336278
0.336278
0.336278
0.336278
0.336278
0.336278
0.336278
0.336277
0.336278
0.336278
0.336278
0.336278
0.336278
0.336278
0.336278
0.336278
0.336278
0.330079
0.0671476
0.336278
0.336278
0.336278
0.336278
0.336278
0.336278
0.33638
0.336498
0.336278
0.336278
0.336278
0.336278
0.336278
0.336278
0.336278
0.336277
0.336278
0.336278
0.336278
0.336278
0.336278
0.336278
0.336278
0.336278
0.336278
0.0975752
0.336278
0.336278
0.336278
0.336278
0.336278
0.336278
0.336278
0.336278
0.336278
0.336278
0.324811
0.336278
0.0888259
0.336278
0.336278
0.0943994
0.336278
0.336278
0.336278
0.336278
0.336278
0.336278
0.336278
0.336278
0.336278
0.336278
0.336278
0.336278
0.336278
0.336278
0.336278
0.336278
0.336278
0.336278
0.336278
0.336278
0.336278
0.329024
0.336278
0.336278
0.336278
0.336278
0.336278
0.336278
0.336278
0.336278
0.336278
0.336278
0.336278
0.336033
0.336278
0.336278
0.0822536
0.337417
0.332169
0.336278
0.336278
0.345863
0.335778
0.269312
0.336278
0.336278
0.336299
0.336278
0.336278
0.336283
0.0872958
0.336278
0.336278
0.336382
0.336509
0.336328
0.337548
0.336278
0.0917072
0.336278
0.336278
0.336278
0.336278
0.336278
0.336278
0.336278
0.336278
0.336301
0.336289
0.33633
0.320254
0.306263
0.339062
0.336278
0.0914538
0.0915125
0.326962
0.336278
0.336278
0.336278
0.333644
0.336742
0.336278
0.336278
0.336278
0.336278
0.336278
0.336278
0.262202
0.116078
0.114986
0.249998
0.336279
0.336278
0.33628
0.336284
0.336278
0.336278
0.336278
0.154633
0.223585
0.118388
0.336278
0.336278
0.079974
0.0831602
0.336537
0.289719
0.336278
0.336278
0.336517
0.330763
0.336278
0.336278
0.33654
0.336428
0.33642
0.336278
0.336278
0.336278
0.336278
0.336278
0.336278
0.336278
0.336278
0.334215
0.336289
0.336278
0.0944613
0.336278
0.336278
0.336278
0.333111
0.336266
0.336278
0.336278
0.336278
0.336278
0.336278
0.336278
0.336278
0.336278
0.336278
0.336278
0.336278
0.336278
0.336278
0.336278
0.336278
0.336278
0.336278
0.336278
0.336278
0.336278
0.336278
0.336278
0.0857803
0.336278
0.338022
0.310548
0.317939
0.336278
0.0843776
0.336286
0.336281
0.078745
0.111241
0.102789
0.336278
0.336278
0.336278
0.0942498
0.0952061
0.115951
0.0907758
0.336361
0.336453
0.0925495
0.336278
0.318492
0.33866
0.322522
0.336279
0.336278
0.336278
0.336278
0.336278
0.336278
0.329096
0.336278
0.336278
0.336278
0.0793486
0.336278
0.336278
0.336278
0.336278
0.336278
0.336278
0.336278
0.336278
0.336278
0.336278
0.336742
0.336278
0.336278
0.336278
0.336278
0.336278
0.336278
0.336278
0.336278
0.336406
0.336279
0.336278
0.336278
0.336278
0.336278
0.336278
0.336278
0.336278
0.336278
0.336278
0.336278
0.336278
0.336025
0.336288
0.336282
0.336278
0.336278
0.336278
0.336278
0.336278
0.336278
0.336278
0.336278
0.336278
0.0796323
0.336278
0.341238
0.336278
0.336278
0.336289
0.336278
0.336278
0.336278
0.336278
0.336278
0.336278
0.336278
0.336278
0.336278
0.336278
0.33607
0.336278
0.0974564
0.336278
0.336278
0.328076
0.340215
0.32694
0.336278
0.336278
0.336278
0.336278
0.336278
0.336278
0.0895673
0.336278
0.336278
0.336278
0.336278
0.336278
0.336278
0.336278
0.336278
0.336278
0.336278
0.336278
0.336278
0.336278
0.336278
0.336278
0.0934898
0.336278
0.336278
0.336278
0.336278
0.336527
0.336416
0.336423
0.336278
0.336278
0.336278
0.336278
0.336278
0.336278
0.336278
0.336278
0.336278
0.336278
0.336278
0.10021
0.336278
0.336278
0.336278
0.336278
0.336278
0.336278
0.336278
0.336278
0.336278
0.336278
0.0833257
0.335593
0.336277
0.336278
0.336265
0.336429
0.336318
0.336278
0.336278
0.336278
0.336278
0.336278
0.336278
0.0786419
0.336278
0.336284
0.336278
0.336278
0.0806396
0.336278
0.335926
0.336278
0.336278
0.336278
0.336278
0.217298
0.336278
0.334994
0.344518
0.336278
0.336278
0.336278
0.336278
0.335938
0.334874
0.336278
0.336278
0.336355
0.0840109
0.336278
0.336278
0.0961513
0.336278
0.336278
0.336828
0.336278
0.336278
0.336278
0.336278
0.339764
0.0973643
0.09185
0.336278
0.336278
0.336278
0.336278
0.336278
0.336278
0.336278
0.3392
0.340397
0.336278
0.0990712
0.352461
0.336278
0.304143
0.336278
0.336279
0.336284
0.336278
0.100945
0.336278
0.336278
0.336351
0.336316
0.336278
0.336278
0.336278
0.336278
0.336278
0.336278
0.336308
0.336292
0.336343
0.336279
0.336278
0.33628
0.336278
0.140938
0.336278
0.336278
0.336278
0.336278
0.336278
0.163614
0.113141
0.174298
0.0975144
0.336278
0.336278
0.335269
0.336278
0.336278
0.336278
0.336278
0.330015
0.336278
0.338439
0.336278
0.283954
0.336278
0.336278
0.336348
0.336312
0.336314
0.336278
0.336278
0.336278
0.336264
0.336278
0.336278
0.336278
0.336278
0.339205
0.33708
0.336665
0.336278
0.336278
0.336278
0.336278
0.336278
0.336278
0.336278
0.336278
0.0855075
0.336278
0.336278
0.336278
0.0870698
0.336278
0.336278
0.336278
0.336278
0.336278
0.336278
0.336278
0.338911
0.336278
0.336278
0.331022
0.336278
0.0930423
0.334633
0.336278
0.336278
0.336278
0.336278
0.336278
0.336278
0.336278
0.336278
0.336278
0.336278
0.336278
0.336278
0.336278
0.293563
0.0964738
0.0902594
0.0994451
0.336278
0.336278
0.336278
0.336278
0.336278
0.336278
0.336278
0.336278
0.336278
0.336278
0.09486
0.337271
0.336795
0.336278
0.33851
0.336278
0.336278
0.336278
0.336278
0.102653
0.336278
0.336278
0.336278
0.336278
0.336278
0.336278
0.336278
0.336278
0.336278
0.336278
0.336278
0.336278
0.336278
0.336278
0.336278
0.336278
0.336278
0.336278
0.336278
0.336314
0.336278
0.336278
0.335896
0.335773
0.336278
0.33628
0.336278
0.336278
0.336278
0.336278
0.336278
0.336278
0.336278
0.336278
0.336278
0.336278
0.336278
0.166647
0.336294
0.336278
0.336278
0.336281
0.336278
0.336278
0.336278
0.336278
0.336278
0.336278
0.336278
0.336278
0.336278
0.336278
0.336278
0.336278
0.336278
0.336278
0.336278
0.342142
0.336278
0.336278
0.336279
0.336278
0.336358
0.336277
0.336278
0.336278
0.337212
0.336278
0.336278
0.336361
0.336313
0.336278
0.336278
0.336084
0.336278
0.0890104
0.336278
0.33632
0.336278
0.336278
0.336278
0.336278
0.336278
0.336278
0.336278
0.336278
0.324191
0.336278
0.336256
0.336278
0.095853
0.336278
0.326376
0.334086
0.338341
0.150821
0.336278
0.336278
0.336278
0.336278
0.099978
0.0944336
0.339602
0.336097
0.336278
0.270007
0.190316
0.336278
0.0976918
0.336278
0.336278
0.336278
0.336278
0.336278
0.336278
0.336278
0.338454
0.3475
0.094688
0.336297
0.102074
0.336278
0.336278
0.336278
0.336278
0.336284
0.33628
0.336293
0.336286
0.336294
0.336281
0.0929951
0.094129
0.336278
0.336278
0.336278
0.336278
0.336278
0.336278
0.336278
0.336278
0.336278
0.338357
0.336278
0.336278
0.336278
0.336278
0.336278
0.336285
0.336278
0.336278
0.336278
0.336278
0.336278
0.336278
0.341777
0.336278
0.336278
0.336279
0.336425
0.336339
0.336278
0.336278
0.336278
0.336278
0.336278
0.336278
0.336278
0.336278
0.336278
0.336278
0.336278
0.336278
0.0978174
0.336278
0.336279
0.336278
0.336278
0.336278
0.336278
0.336278
0.336278
0.336278
0.336278
0.336278
0.336279
0.336278
0.336278
0.336513
0.336383
0.336278
0.336278
0.336278
0.336278
0.336278
0.336278
0.107247
0.336278
0.336278
0.336278
0.336278
0.336278
0.336278
0.336278
0.33606
0.0989435
0.105629
0.336278
0.336278
0.336278
0.336278
0.336278
0.336278
0.336278
0.336278
0.336278
0.336278
0.178021
0.336847
0.336278
0.331911
0.336278
0.336278
0.336278
0.336278
0.336278
0.336278
0.336278
0.336278
0.167875
0.0920514
0.336277
0.336278
0.33625
0.336278
0.336279
0.336278
0.336285
0.336278
0.340133
0.338925
0.336278
0.182023
0.330583
0.305617
0.333836
0.33429
0.33626
0.336278
0.332189
0.336278
0.336278
0.336278
0.336278
0.336279
0.336278
0.336506
0.336278
0.336278
0.336278
0.336278
0.336278
0.336278
0.336278
0.336278
0.0984212
0.0998479
0.336293
0.336285
0.336285
0.337111
0.336278
0.336278
0.336278
0.194344
0.1736
0.33628
0.336294
0.33628
0.336281
0.336278
0.336279
0.336014
0.33663
0.335339
0.336321
0.096422
0.336278
0.336307
0.336297
0.336294
0.098403
0.221132
0.336278
0.336279
0.128864
0.237045
0.130602
0.336404
0.337882
0.337098
0.169271
0.161006
0.336283
0.336278
0.336279
0.293179
0.336281
0.336278
0.336278
0.336278
0.336279
0.336278
0.336278
0.336278
0.344948
0.341831
0.336278
0.336775
0.336466
0.336278
0.336279
0.336283
0.336278
0.336278
0.336278
0.336278
0.336278
0.336056
0.33521
0.336278
0.33632
0.336302
0.192522
0.336278
0.336412
0.336247
0.336278
0.328866
0.319693
0.336278
0.33654
0.338756
0.336278
0.336278
0.336285
0.336282
0.336287
0.33628
0.336278
0.298513
0.309122
0.336278
0.336278
0.336278
0.336278
0.3363
0.336269
0.337621
0.336845
0.336281
0.336315
0.334051
0.336278
0.336418
0.336278
0.34602
0.330148
0.336278
0.335352
0.336278
0.336432
0.336284
0.337045
0.339731
0.339887
0.33771
0.336281
0.336282
0.336279
0.336317
0.33628
0.336278
0.336285
0.336318
0.336295
0.336376
0.336781
0.336312
0.336291
0.336491
0.336278
0.336287
0.336282
0.336395
0.336279
0.336469
0.33722
0.336279
0.337679
0.336731
0.336693
0.336279
0.336279
0.336369
0.336488
0.336278
0.336279
0.336295
0.336284
0.337715
0.337796
0.337807
0.337864
0.337799
0.337739
0.33678
0.336317
0.33628
0.336278
0.336278
0.336278
0.336284
0.335039
0.518427
0.452473
0.212621
0.171039
0.135881
0.141739
0.159499
0.15078
0.144948
0.151475
0.133622
0.105171
0.0547156
0.0497139
0.0564226
0.135169
0.0733457
0.152331
0.101422
0.119189
0.0973685
0.0854363
0.237769
0.336413
0.349221
0.335155
0.335906
0.336278
0.336278
0.336278
0.336278
0.336278
0.336278
0.336278
0.336278
0.336278
0.336278
0.336278
0.336278
0.336278
0.336278
0.336278
0.336278
0.336278
0.336278
0.33639
0.336419
0.336396
0.336366
0.336333
0.336309
0.336299
0.336302
0.336312
0.336336
0.336363
0.336342
0.336377
0.336411
0.336424
0.336408
0.336392
0.336403
0.336418
0.336417
0.336424
0.336387
0.336345
0.336379
0.336454
0.337273
0.337127
0.47642
0.336278
0.33634
0.337313
0.33777
0.337322
0.337858
0.337823
0.33741
0.337357
0.337832
0.336555
0.336425
0.249268
0.336355
0.336287
0.336278
0.336278
0.336278
0.336278
0.336429
0.108341
0.33628
0.188434
0.136947
0.137441
0.158181
0.156443
0.150263
0.145829
0.152041
0.122339
0.102222
0.06108
0.0550144
0.104507
0.11966
0.107109
0.0889754
0.119338
0.328807
0.322177
0.338244
0.335594
0.336277
0.336278
0.336278
0.336278
0.336278
0.336278
0.336278
0.336278
0.336278
0.336278
0.336278
0.336278
0.336278
0.336278
0.336278
0.336278
0.336278
0.336278
0.337392
0.336278
0.336339
0.3364
0.336331
0.336383
0.336349
0.336319
0.336303
0.336298
0.336306
0.336321
0.336357
0.336349
0.336353
0.336393
0.336425
0.336416
0.336399
0.336397
0.33641
0.336416
0.336427
0.33641
0.336353
0.336356
0.3364
0.336675
0.170399
0.336278
0.337365
0.336297
0.336279
0.336278
0.336278
0.336278
0.336304
0.345889
0.156098
0.108009
0.0922584
0.0961992
0.308358
0.325447
0.350969
0.335522
0.336257
0.336278
0.336278
0.336278
0.336278
0.336278
0.336278
0.336278
0.336278
0.336278
0.336278
0.336278
0.336278
0.336278
0.336278
0.336278
0.336325
0.336304
0.336289
0.336287
0.336291
0.336297
0.336305
0.336323
0.336324
0.336314
0.336333
0.336355
0.336354
0.336346
0.336342
0.336351
0.336364
0.336366
0.33635
0.336324
0.336326
0.336343
0.336497
0.336278
0.336278
0.336278
0.336278
0.336278
0.336278
0.336278
0.336278
0.336278
0.336278
0.336278
0.336278
0.336286
0.336289
0.336294
0.3363
0.336311
0.33633
0.336315
0.336324
0.336345
0.336356
0.336351
0.336341
0.336349
0.336358
0.336364
0.336362
0.336337
0.336321
0.336333
0.336365
0.337439
0.336371
0.336278
0.336278
0.336282
0.336278
0.336278
0.336278
0.336278
0.335537
0.335095
0.333892
0.332178
0.166217
0.0828662
0.101664
0.115025
0.0969081
0.112816
0.336278
0.336296
0.336314
0.336926
0.336642
0.336295
0.336278
0.336544
0.141387
0.336278
0.336278
0.336281
0.336286
0.336279
0.336278
0.336278
0.336278
0.336278
0.336278
0.336314
0.336411
0.136579
0.333664
0.336278
0.336278
0.336278
0.0718318
0.336278
0.336281
0.336278
0.336285
0.336349
0.336422
0.336314
0.132293
0.336278
0.0954262
0.130583
0.0953292
0.0922943
0.0868592
0.295546
0.109244
0.0949442
0.11522
0.330222
0.189374
0.15832
0.24193
0.336469
0.320918
0.326148
0.323921
0.333813
0.338409
0.332306
0.33496
0.337824
0.339355
0.334934
0.336278
0.335321
0.335454
0.336278
0.336244
0.336276
0.336278
0.336278
0.336278
0.336278
0.336278
0.336278
0.336278
0.336278
0.336278
0.336278
0.336278
0.336278
0.336278
0.336278
0.336278
0.336278
0.336278
0.336278
0.336278
0.336278
0.336278
0.336278
0.336278
0.336278
0.336278
0.336278
0.336278
0.336278
0.336278
0.336278
0.336278
0.336876
0.336646
0.336278
0.336278
0.336278
0.336278
0.336278
0.336278
0.336278
0.336278
0.336278
0.336278
0.336278
0.336278
0.336278
0.336278
0.336278
0.336278
0.336278
0.336279
0.336278
0.336278
0.336278
0.336279
0.336327
0.337083
0.336278
0.336278
0.336951
0.121904
0.337102
0.129956
0.218387
0.176418
0.159305
0.157843
0.151834
0.123472
0.100682
0.0819309
0.10461
0.0821294
0.0941015
0.0894552
0.336278
0.336278
0.336763
0.336278
0.336661
0.336278
0.336961
0.336278
0.336278
0.138902
0.197844
0.337005
0.336778
0.336721
0.0976173
0.336278
0.336278
0.336278
0.336278
0.336278
0.336278
0.155813
0.336278
0.339885
0.336493
0.336278
0.336278
0.336278
0.337699
0.129935
0.336278
0.336278
0.336278
0.0979179
0.333683
0.336383
0.335733
0.336278
0.336278
0.336278
0.336278
0.336278
0.336278
0.336278
0.336278
0.336278
0.336278
0.336279
0.336987
0.336278
0.3367
0.336278
0.336278
0.336278
0.336278
0.336278
0.336278
0.336278
0.336278
0.336278
0.336278
0.336278
0.336278
0.336278
0.336278
0.336279
0.336279
0.336278
0.336278
0.336278
0.336287
0.336771
0.336278
0.155985
0.170505
0.257646
0.193569
0.153144
0.336929
0.336684
0.193131
0.161888
0.140046
0.126327
0.336278
0.336281
0.336278
0.336278
0.336278
0.336278
0.336278
0.336278
0.336278
0.336278
0.336278
0.336278
0.336278
0.336278
0.336278
0.336278
0.336278
0.336278
0.336278
0.336278
0.336278
0.336278
0.336278
0.336278
0.336278
0.336299
0.336278
0.336278
0.336278
0.336278
0.336278
0.336278
0.336278
0.336278
0.336278
0.336278
0.336278
0.336278
0.336278
0.336278
0.336278
0.336278
0.336278
0.336278
0.336278
0.336278
0.336278
0.336278
0.336278
0.336278
0.336278
0.336278
0.336278
0.336278
0.336278
0.336278
0.336278
0.125784
0.336515
0.336278
0.336278
0.336278
0.336278
0.336278
0.0820307
0.336278
0.336363
0.336278
0.336278
0.336278
0.337053
0.166697
0.334574
0.336278
0.336278
0.130498
0.127675
0.137768
0.334764
0.336278
0.336278
0.336278
0.336278
0.336278
0.336278
0.336278
0.336278
0.336278
0.336278
0.336278
0.336278
0.336278
0.336278
0.336278
0.336278
0.336278
0.336278
0.336278
0.336479
0.336369
0.336401
0.336278
0.336278
0.233261
0.261262
0.337587
0.336501
0.335767
0.336278
0.336278
0.336278
0.312098
0.336278
0.336278
0.336278
0.336278
0.336278
0.336278
0.336278
0.336278
0.336278
0.336278
0.336278
0.336278
0.336278
0.336278
0.336278
0.336278
0.336278
0.336278
0.336278
0.336278
0.336278
0.336278
0.336278
0.336278
0.336296
0.336322
0.336278
0.336278
0.336278
0.336278
0.336278
0.33628
0.336279
0.336285
0.336278
0.336278
0.336278
0.336278
0.336278
0.336278
0.336278
0.336278
0.336278
0.336278
0.336278
0.233569
0.224247
0.235523
0.20146
0.336278
0.336278
0.336507
0.336386
0.335361
0.334388
0.0962831
0.0870318
0.336278
0.336278
0.137742
0.143091
0.336278
0.336278
0.336268
0.336277
0.336278
0.336278
0.336278
0.336116
0.339192
0.342603
0.33653
0.336415
0.336555
0.33643
0.336278
0.141456
0.330466
0.336283
0.336303
0.336334
0.33629
0.336278
0.335143
0.336278
0.336278
0.336278
0.336278
0.336278
0.336278
0.336278
0.336278
0.0784001
0.080238
0.334686
0.33612
0.336279
0.33628
0.336278
0.336283
0.336299
0.336278
0.159449
0.150549
0.335651
0.276613
0.167295
0.237566
0.334404
0.335094
0.333674
0.315287
0.336682
0.192485
0.336278
0.107074
0.335972
0.336346
0.336278
0.33655
0.336425
0.336278
0.336278
0.336278
0.336278
0.336278
0.336278
0.336278
0.336278
0.336278
0.247251
0.336278
0.336278
0.336278
0.336278
0.336278
0.336278
0.336278
0.336278
0.336278
0.336278
0.335688
0.336278
0.336278
0.336278
0.336278
0.336278
0.336278
0.336278
0.336278
0.336278
0.336278
0.336278
0.336278
0.142962
0.336278
0.336278
0.336278
0.336278
0.336278
0.336278
0.237733
0.147444
0.336278
0.336278
0.336278
0.336278
0.336278
0.336278
0.336278
0.336278
0.336278
0.336278
0.336278
0.336278
0.336278
0.336278
0.336278
0.336278
0.336278
0.336278
0.336278
0.336278
0.336278
0.336278
0.336278
0.336278
0.336278
0.336278
0.336278
0.333979
0.336278
0.336278
0.336278
0.336278
0.336278
0.336278
0.0977269
0.336278
0.336278
0.336278
0.336278
0.336278
0.336278
0.236622
0.336278
0.336278
0.131566
0.33488
0.336278
0.33583
0.336108
0.336278
0.112826
0.336278
0.336278
0.162332
0.336278
0.336278
0.336278
0.336278
0.336277
0.336278
0.336278
0.336278
0.336278
0.336278
0.344974
0.336278
0.336278
0.336278
0.336278
0.336278
0.336278
0.336278
0.336278
0.141504
0.141634
0.336278
0.336278
0.336278
0.336278
0.336278
0.336278
0.336278
0.336278
0.324795
0.336278
0.336278
0.336278
0.336278
0.336278
0.336278
0.336278
0.336278
0.140127
0.336278
0.336278
0.336278
0.336278
0.336278
0.336278
0.336278
0.336278
0.336278
0.336278
0.33635
0.336278
0.336278
0.335892
0.144587
0.336278
0.336278
0.336278
0.336278
0.201249
0.336197
0.335783
0.336272
0.0943253
0.336278
0.336278
0.347246
0.336278
0.336278
0.336278
0.336278
0.336278
0.336278
0.336278
0.336278
0.336278
0.336278
0.278841
0.341036
0.306631
0.336278
0.336278
0.336278
0.336278
0.087028
0.12548
0.338391
0.339081
0.336354
0.336278
0.336278
0.336278
0.0980073
0.336285
0.336308
0.338765
0.336311
0.336349
0.336294
0.333966
0.140237
0.336278
0.142576
0.336278
0.336278
0.202466
0.336278
0.336278
0.336278
0.336278
0.336278
0.336278
0.336278
0.336278
0.336279
0.336281
0.336278
0.336278
0.336278
0.335549
0.335951
0.336278
0.336278
0.33628
0.336278
0.336278
0.335197
0.336278
0.336278
0.336278
0.12355
0.336278
0.336278
0.186614
0.295147
0.322667
0.336278
0.336278
0.336278
0.336278
0.336341
0.336278
0.336552
0.336327
0.337067
0.336278
0.336278
0.336278
0.336278
0.348434
0.336313
0.336278
0.336278
0.336278
0.336278
0.336278
0.336278
0.336278
0.336278
0.336278
0.336278
0.336278
0.336278
0.336278
0.336278
0.336278
0.336278
0.336278
0.336278
0.336278
0.336278
0.336278
0.336278
0.336278
0.153308
0.336278
0.336278
0.336278
0.336278
0.336278
0.336306
0.336278
0.336278
0.336278
0.336278
0.336278
0.336312
0.336278
0.336278
0.336278
0.336315
0.336278
0.336278
0.336278
0.336278
0.336278
0.336278
0.342346
0.336278
0.336278
0.336278
0.0851737
0.0845035
0.104428
0.336278
0.336278
0.336278
0.337776
0.336278
0.336278
0.197714
0.336278
0.336278
0.336278
0.336278
0.336278
0.336278
0.336278
0.336278
0.336278
0.336278
0.336278
0.129182
0.334092
0.333537
0.0870636
0.100176
0.13373
0.0979197
0.336278
0.336278
0.336278
0.336292
0.336278
0.336278
0.336278
0.336278
0.336291
0.334726
0.336278
0.336278
0.336278
0.336278
0.336278
0.336278
0.144854
0.102052
0.10837
0.0990861
0.336278
0.336284
0.336278
0.336278
0.336278
0.336278
0.336278
0.336278
0.336278
0.336541
0.336278
0.336278
0.336278
0.336278
0.336278
0.336278
0.336278
0.336278
0.336278
0.336278
0.336278
0.137914
0.140074
0.137373
0.336278
0.336278
0.336278
0.336278
0.336278
0.336278
0.336278
0.336278
0.160393
0.15158
0.336278
0.336278
0.336278
0.336278
0.336278
0.336278
0.336283
0.336278
0.336278
0.336278
0.336278
0.336278
0.336278
0.336278
0.336278
0.336278
0.336278
0.336278
0.336278
0.33628
0.336281
0.336292
0.336278
0.336278
0.336278
0.336278
0.336278
0.336278
0.336278
0.336278
0.336278
0.336278
0.336278
0.336079
0.336278
0.336278
0.33628
0.336278
0.345681
0.33628
0.344994
0.333631
0.336281
0.33628
0.33534
0.335744
0.336284
0.336278
0.336278
0.336278
0.336278
0.336278
0.336278
0.165816
0.336278
0.336278
0.336278
0.336278
0.336278
0.336278
0.336278
0.336278
0.336278
0.336278
0.336346
0.336279
0.336295
0.336284
0.336285
0.288572
0.337136
0.336278
0.336278
0.336278
0.336278
0.338979
0.336278
0.335177
0.336278
0.336278
0.336278
0.336278
0.336278
0.336278
0.335906
0.337904
0.336278
0.336278
0.336278
0.336278
0.336278
0.336278
0.336278
0.336278
0.336278
0.336278
0.336278
0.336278
0.336278
0.336278
0.336278
0.336278
0.336278
0.336263
0.336278
0.336278
0.341666
0.336278
0.336282
0.336293
0.306968
0.336276
0.343314
0.336278
0.336896
0.336938
0.336278
0.336278
0.336278
0.336278
0.336278
0.336281
0.336278
0.336278
0.336278
0.336278
0.339382
0.29273
0.336278
0.336278
0.336278
0.336278
0.336278
0.336278
0.336281
0.336278
0.336278
0.33647
0.336278
0.34077
0.336278
0.336278
0.33628
0.336278
0.336278
0.336278
0.336278
0.336278
0.329911
0.337476
0.334744
0.335095
0.335571
0.336278
0.336279
0.336278
0.336278
0.336278
0.336279
0.33628
0.149867
0.336278
0.336278
0.336278
0.336278
0.336286
0.336278
0.336278
0.336278
0.336277
0.336278
0.336278
0.336278
0.336278
0.336278
0.336278
0.336278
0.336278
0.336278
0.336278
0.33658
0.336278
0.336278
0.336278
0.336278
0.33628
0.336278
0.336278
0.336278
0.336278
0.336278
0.336278
0.336283
0.336278
0.336278
0.336278
0.336278
0.336278
0.336278
0.336278
0.336278
0.336278
0.336278
0.336278
0.141032
0.336278
0.336278
0.336278
0.336278
0.336278
0.336278
0.336286
0.336281
0.336278
0.335992
0.336278
0.336543
0.336278
0.336957
0.33628
0.336278
0.336278
0.336278
0.268138
0.336278
0.324199
0.316016
0.336278
0.336278
0.336275
0.335865
0.336278
0.336278
0.336278
0.336268
0.336278
0.336565
0.336278
0.336717
0.337384
0.329909
0.334401
0.336278
0.117679
0.336328
0.108213
0.111407
0.134544
0.34113
0.336278
0.124985
0.336298
0.336391
0.336334
0.336404
0.336278
0.336278
0.336278
0.336278
0.336278
0.336278
0.130359
0.127596
0.336279
0.336281
0.336278
0.33612
0.336278
0.336278
0.316773
0.336283
0.336278
0.336278
0.336278
0.336278
0.336278
0.336278
0.336353
0.134077
0.336278
0.338758
0.122132
0.336278
0.129327
0.336278
0.320947
0.316162
0.336278
0.335746
0.336278
0.336278
0.336278
0.116641
0.339503
0.336278
0.335675
0.336278
0.33673
0.33705
0.336282
0.335888
0.336421
0.335909
0.336278
0.336278
0.335337
0.336278
0.336287
0.336282
0.336306
0.336291
0.336318
0.334748
0.336272
0.336278
0.336278
0.336278
0.335962
0.336209
0.336159
0.336278
0.336278
0.182607
0.171233
0.33594
0.307411
0.335814
0.317898
0.336278
0.336278
0.336278
0.336332
0.33677
0.336152
0.336279
0.336278
0.338322
0.335533
0.33672
0.336918
0.33592
0.336278
0.336278
0.336279
0.336278
0.336278
0.336279
0.336278
0.336279
0.336278
0.336275
0.336189
0.336278
0.336278
0.336301
0.336278
0.336691
0.336899
0.339202
0.336301
0.336278
0.336279
0.336278
0.336404
0.336278
0.336289
0.336278
0.336278
0.336278
0.336279
0.336278
0.336278
0.336278
0.336279
0.33612
0.336278
0.336278
0.336329
0.33628
0.336278
0.33628
0.336285
0.336279
0.336669
0.336661
0.336293
0.336279
0.336376
0.337649
0.336283
0.336308
0.33628
0.336275
0.336278
0.336278
0.336278
0.336278
0.336269
0.336279
0.336234
0.336281
0.336346
0.336379
0.336857
0.336282
0.336303
0.336614
0.336404
0.336616
0.336294
0.337024
0.33628
0.336278
0.336282
0.336278
0.336289
0.336281
0.336287
0.336409
)
;

boundaryField
{
    bullet
    {
        type            nutkWallFunction;
        Cmu             0.09;
        kappa           0.41;
        E               9.8;
        value           nonuniform List<scalar> 
30
(
0.00131559
0.00184989
0.0018646
0.00167205
0.00153918
0.00144953
0.00133937
0.00124917
0.00123831
0.00121872
0.00132953
0.00129215
0.00137187
0.00138589
0.00154081
0.0015034
0.00152976
0.0015138
0.00143943
0.00145377
0.00148123
0.00138124
0.00140996
0.00148061
0.00157457
0.00172284
0.00170296
0.00173523
0.00171912
0.00135824
)
;
    }
    topWall
    {
        type            calculated;
        value           nonuniform List<scalar> 
50
(
0.337331
0.337995
0.337877
0.338178
0.338516
0.337556
0.337328
0.337751
0.338439
0.338346
0.338346
0.338346
0.339629
0.33844
0.338256
0.338477
0.338384
0.339556
0.338111
0.338145
0.338247
0.338346
0.338346
0.338818
0.338346
0.338346
0.338346
0.338346
0.337574
0.337394
0.337588
0.337517
0.337239
0.336998
0.336817
0.336693
0.338346
0.338346
0.338346
0.338346
0.338346
0.338346
0.338346
0.338346
0.338346
0.338346
0.338346
0.338346
0.338346
0.338346
)
;
    }
    bottomWall
    {
        type            calculated;
        value           nonuniform List<scalar> 
50
(
0.338346
0.338346
0.338346
0.338346
0.337553
0.33759
0.337566
0.337439
0.337269
0.337118
0.336977
0.338346
0.338346
0.338346
0.338346
0.338346
0.338346
0.338346
0.338346
0.338346
0.338346
0.338346
0.338346
0.338346
0.338346
0.337347
0.33728
0.338531
0.338832
0.338657
0.338282
0.33823
0.338115
0.339029
0.338346
0.338346
0.338415
0.33844
0.338346
0.338346
0.338346
0.338346
0.338346
0.338286
0.338296
0.338873
0.338346
0.338346
0.338199
0.337963
)
;
    }
    inlet
    {
        type            calculated;
        value           uniform 0.338346;
    }
    outlet
    {
        type            calculated;
        value           nonuniform List<scalar> 
30
(
0.336278
0.336278
0.336278
0.336278
0.336278
0.336278
0.336278
0.336278
0.336278
0.33639
0.339004
0.339962
0.340609
0.34094
0.340962
0.339001
0.339952
0.340592
0.340917
0.340936
0.336382
0.33628
0.336278
0.336278
0.336278
0.336278
0.336278
0.336278
0.336278
0.336278
)
;
    }
    defaultFaces
    {
        type            empty;
    }
}


// ************************************************************************* //
