/*--------------------------------*- C++ -*----------------------------------*\
  =========                 |
  \\      /  F ield         | OpenFOAM: The Open Source CFD Toolbox
   \\    /   O peration     | Website:  https://openfoam.org
    \\  /    A nd           | Version:  6
     \\/     M anipulation  |
\*---------------------------------------------------------------------------*/
FoamFile
{
    version     2.0;
    format      ascii;
    class       volScalarField;
    location    "0.0003";
    object      p;
}
// * * * * * * * * * * * * * * * * * * * * * * * * * * * * * * * * * * * * * //

dimensions      [1 -1 -2 0 0 0 0];

internalField   nonuniform List<scalar> 
3704
(
100000
100000
100000
100000
100000
100000
100000
100000
100000
100000
100000
100000
100000
100000
100000
100000
100000
100000
100000
100000
100000
100000
100000
100000
100000
100000
100000
100000
100000
100000
100000
100000
100000
100000
100000
100000
100000
100000
100000
100000
100000
100000
100000
100000
100000
100000
100000
100000
100000
100000
100000
100000
100000
100000
100000
100000
100000
100000
100000
100000
100000
100000
100000
100000
100000
100000
100000
100000
100000
100000
100000
100000
100000
100000
100000
100000
100000
100000
100000
100000
100000
100000
100000
100000
100000
100000
100000
100000
100000
100000
100000
100000
100000
100000
100000
100000
100000
100000
100000
100000
100000
100000
100000
100000
100000
100000
100000
100000
100000
100000
100000
100000
100000
100000
100000
100000
100000
100000
100000
100000
100000
100000
100000
100000
100000
100000
100000
100000
100000
100000
100000
100000
100000
100000
100000
100000
100000
100000
100000
100000
100000
100000
100000
100000
100000
100000
100000
100000
100000
100000
100000
100000
100000
100000
100000
100000
100000
100000
100000
100000
100000
100000
100000
100000
100000
100000
100000
100000
100000
100000
100000
100000
100000
100000
100000
100000
100000
100000
100000
100000
100000
100000
100000
100000
100000
100000
100000
100000
100000
100000
100000
100000
100000
100000
100000
100000
100000
100000
100000
100000
100000
100000
100000
100000
100000
100000
100000
100000
100000
100000
100000
100000
100000
100000
100000
100000
100000
100000
100000
100000
100000
100000
100000
100000
100000
100000
100000
100000
100000
100000
100000
100000
100000
100000
100000
100000
100000
100000
100000
100000
100000
100000
100000
100000
100000
100000
100000
100000
100000
100000
5257.6
4399.77
5104.08
5898.04
7224.35
12862.6
72041.3
98562.4
156801
254301
335711
388928
416245
436729
463438
6528.46
4926.29
5881.46
7571.36
10409.6
15788.7
86583.1
121698
171621
265629
322429
364681
371361
425193
462889
9648.58
6226.83
8040.36
11814.4
18707.7
23054
91893.2
126279
201063
262704
294382
312617
321530
389718
462925
13898.4
9101
11546.1
18292.8
25637.5
28403.3
91114.3
132227
212201
252912
275860
288064
298130
375055
469430
18423.5
9683.02
16341
22955.2
33701.7
37068.9
90322.5
139542
211062
244747
267294
280161
290526
362601
489974
461757
428087
425927
400560
352874
262115
184803
114101
52134.6
36992.3
11785.5
10456.8
1950.15
7961.05
8438.44
463750
411200
395851
383623
350712
282820
189421
126065
74151.2
44595.3
12062.9
12692
3101.29
7687.63
9582.85
464322
385966
360580
362862
340730
293520
192363
133493
81824.7
49398.1
22499.3
19452.8
10382.4
7095.74
10993.3
469462
369369
345604
351476
337348
297999
197679
135639
94947.2
55790.2
31606
35281
22267.9
7388.82
14224.9
485604
365466
339349
347246
337680
298925
202155
136601
103286
61052.7
35515.6
34475.4
31271.5
8641.7
15999.7
100000
100000
100000
100000
100000
100000
100000
100000
100000
100000
100000
100000
100000
100000
100000
100000
100000
100000
100000
100000
100000
100000
100000
100000
100000
100000
100000
100000
100000
100000
100000
100000
100000
100000
100000
100000
100000
100000
100000
100000
100000
100000
100000
100000
100000
100000
100000
100000
100000
100000
100000
100000
100000
100000
100000
100000
100000
100000
100000
100000
100000
100000
100000
100000
100000
100000
100000
100000
100000
100000
100000
100000
100000
100000
100000
100000
100000
100000
100000
100000
100000
100000
100000
100000
100000
100000
100000
100000
100000
100000
100000
100000
100000
100000
100000
100000
100000
100000
100000
100000
100000
100000
100000
100000
100000
100000
100000
100000
100000
100000
100000
100000
100000
100000
100000
100000
100000
100000
100000
100000
100000
100000
100000
100000
100000
100000
100000
100000
100000
100000
100000
100000
100000
100000
100000
100000
100000
100000
100000
100000
100000
100000
100000
100000
100000
100000
100000
100000
100000
100000
100000
100000
100000
100000
100000
100000
100000
100000
100000
100000
100000
100000
100000
100000
100000
100000
100000
100000
100000
100000
100000
100000
100000
100000
100000
100000
100000
100000
100000
100000
100000
100000
100000
100000
100000
100000
100000
100000
100000
100000
100000
100000
100000
100000
100000
100000
100000
100000
100000
100000
100000
100000
100000
100000
100000
100000
100000
100000
100000
100000
100000
100000
100000
100000
100000
100000
100000
100000
100000
100000
100000
100000
100000
100000
100000
100000
100000
100000
100000
100000
100000
100000
100000
100000
100000
100000
100000
100000
100000
100000
100000
100000
100000
100000
100000
100000
100000
100000
100000
100000
100000
100000
100000
100000
100000
100000
100000
100000
100000
100000
100000
100000
100000
100000
100000
100000
100000
100000
100000
100000
100000
100000
100000
100000
100000
100000
100000
100000
100000
100000
100000
100000
100000
100000
100000
100000
100000
100000
100000
100000
100000
100000
100000
100000
100000
100000
100000
100000
100000
100000
99996
99453.3
104370
94682.2
101191
99843.4
70535.3
27579.2
2435.77
20505
22016.4
100010
21434.7
32714.8
46365.4
54461.3
102837
156483
218619
243394
258703
278015
286390
328749
487594
331003
100780
100004
100000
100000
100000
100000
100000
100000
100000
100000
100000
42569.2
100000
100000
100000
100000
100000
100000
100000
100000
100000
100000
100000
100000
100000
100000
100000
100000
100000
100000
100000
100000
100000
100000
100000
100000
100000
100000
100000
100000
100000
100000
100000
100000
100000
100000
100000
100000
100000
100000
100000
100000
107019
100000
100000
100000
100000
100000
100000
100000
100000
100000
100000
100000
100000
100000
99999.9
99987.6
96285.3
97902.6
112888
83248
87463.3
60252.5
40692.8
44746.7
21027.5
13350
31080.6
51068.7
77935.2
139188
182318
229347
243593
260996
279052
280692
116338
100064
100000
100000
100000
100000
100000
100000
100000
100000
100000
100000
100000
100000
100000
100000
100000
100000
100000
100000
100000
100000
100000
100000
100000
100000
100000
100000
100000
100000
100000
100000
100000
100000
100000
100000
100000
100000
100000
100000
100000
100000
100000
100000
100000
100000
100000
100000
100000
100000
100000
100000
100000
99997.1
97168.3
103085
99291.1
81781.5
95909.8
81554.8
41057.8
100043
213382
100261
100001
100000
100000
100000
100000
100000
100000
100000
100000
100000
100000
100000
100000
100000
100000
100000
100000
100000
100000
100000
100000
100000
100000
100000
100000
100000
100000
100000
100000
100000
100000
100000
100000
100000
100000
100000
100000
99999.4
99977.8
98610.9
91754.7
121721
98304.4
72768.1
42483.4
40366.2
100000
100000
100000
100000
100000
100000
100000
100000
100000
100000
100015
102900
100000
100000
100000
100000
100000
100000
100000
100000
100000
100000
100000
100000
100000
100000
100000
100000
100000
100000
100000
100000
100000
100000
100000
100000
100000
100000
100000
100000
100000
100000
100000
100000
100000
100000
100000
100000
100000
100000
100000
100000
100000
100000
100000
100000
100000
100000
169548
100000
100000
100000
100000
100000
100000
100000
100000
100000
100000
100000
100000
100000
100000
100000
99999.8
99997
95287.9
92605
100825
102073
104639
74180.2
40292.8
26817.8
100000
100000
57495.9
27063.5
169597
40795.9
36883
51140.1
100000
100189
100000
100001
100000
102320
100508
100000
100000
100000
100000
100000
100013
100003
100000
100000
100000
100000
100000
100000
100000
100000
72672.5
113233
152717
196545
227239
220790
143350
157443
134193
159521
100000
100000
100000
100000
100000
100000
100000
100000
100000
100000
30240.4
40949.8
30347.2
100000
100000
100000
100000
100000
108449
100000
100000
100000
100000
100000
100000
100000
100000
100000
100000
100000
100000
100000
100000
100000
100000
100000
100000
100000
100000
100000
100000
100000
100000
100000
100000
100000
100000
38037.7
100000
100000
100000
100000
100000
100000
100000
100000
100000
100000
100000
100000
100000
100000
100000
100000
100000
100000
100000
100000
100000
100000
100000
99999.2
98600.9
99901.9
101884
102545
92497.3
89866.7
113058
46731.7
100000
100000
69373.7
100000
100000
100041
100000
100000
100000
100000
100000
100000
100000
100000
100000
100000
100000
136435
99688.6
180439
209479
225333
129646
185067
100000
95446.5
99734.1
97414.1
100000
198519
100000
100000
51563.4
97548.9
91660.1
105385
97857.4
99994.6
99999.9
100000
100000
100000
100000
100000
100000
100000
100000
100000
100000
100000
100000
100000
100000
100000
100000
100000
100000
100000
100000
100000
100000
100000
100000
100000
100000
100000
100000
100000
100000
100000
99999.3
100000
100000
100000
100000
100000
100000
100000
100000
100000
94900.8
40966.7
100000
100000
100000
100000
100000
100000
100000
100000
100000
100000
100000
100000
100000
100000
100000
99999.9
100000
100000
100000
100000
100000
100000
100000
100000
100000
77693.7
100000
100000
100000
100000
100000
100000
100000
100000
100000
100000
114128
100000
103982
100000
100000
36190.6
100000
100000
100000
100000
100000
100000
100000
100000
100000
100000
100000
100000
100000
100000
100000
100000
100000
100000
100000
100000
100000
94053.5
100000
100000
100000
100000
100000
100000
100000
100000
100000
100000
100000
99841.7
100000
100000
40399.8
101090
96597.8
100000
100000
107908
100266
97213.7
100000
100000
100000
100000
100000
100000
36467.1
100000
100000
100000
100000
100000
100373
100000
139816
100000
100000
100000
100000
100000
100000
100000
100000
100000
100000
100000
105445
111852
101102
100000
170144
96098.6
108253
100000
100000
100000
97771.2
100360
100000
100000
100000
100000
100000
100000
121534
157896
161885
118446
100000
100000
100000
100002
100000
100000
100000
96517.9
96774
99123.6
100000
100000
54610.7
45711.1
100000
109395
100000
100000
100000
105573
100000
100000
100000
100000
100000
100000
100000
100000
100000
100000
100000
100000
100000
98295.4
100007
100000
86804.1
100000
100000
100000
96903.2
99996.5
100000
100000
100000
100000
100000
100000
100000
100000
100000
100000
100000
100000
100000
100000
100000
100000
100000
100000
100000
100000
100000
100000
38714.5
100000
102527
98457.6
93352.5
100000
104334
100000
100000
68254.7
67249.2
68844.8
100000
100000
100000
41418.1
39975.3
60427.5
112990
100030
100084
156111
100000
110091
106129
108509
100001
100000
100000
100000
100000
100000
96254.6
100000
100000
100000
95466.3
100000
100000
100000
100000
100000
100000
100000
100000
100000
100000
102822
100000
100000
100000
100000
100000
100000
100000
100000
100000
100001
100000
100000
100000
100000
100000
100000
100000
100000
100000
100000
100000
99792.7
100005
100001
100000
100000
100000
100000
100000
100000
100000
100000
100000
89779.7
100000
104151
100000
100000
102344
100000
100000
100000
100000
100000
100000
100000
100000
100000
100000
99831.2
100000
87329.4
100000
100000
94052.7
104105
92432
100000
100000
100000
100000
100000
100000
41308
100000
100000
100000
100000
100000
100000
100000
100000
100000
100000
100000
100000
100000
100000
100000
111055
100000
100000
100000
100000
100000
100000
100000
100000
100000
100000
100000
100000
100000
100000
100000
100000
100000
100000
136259
100000
100000
100000
100000
100000
100000
100000
100000
100000
100000
50005.9
99484.4
99999.9
100000
99994.1
100061
100015
100000
100000
100000
100000
100000
100000
66299.6
100000
100000
100000
100000
84751.4
100000
99707.2
100000
100000
100000
100000
96504.7
100000
98896.2
102151
100000
100000
100000
100000
99737
98863.1
100000
100000
100000
48658.8
100000
100000
99379.6
100000
100000
100177
100000
100000
100000
100000
101776
71601.4
41269
100000
100000
100000
100000
100000
100000
100000
101261
102351
100000
126618
107461
100000
94382.2
100000
100000
100000
100000
70619.7
100000
100000
100000
100000
100000
100000
100000
100000
100000
100000
100000
100000
100000
100000
100000
100000
100000
134893
100000
100000
100000
100000
100000
131584
92003.3
94686.3
91290.4
100000
100000
99145
100000
100000
100000
100000
102205
100000
101194
100000
96671.3
100000
100000
100000
100000
100000
100000
100000
100000
99991.6
100000
100000
100000
100000
107927
100281
100132
100000
100000
100000
100000
100000
100000
100000
100000
83766.7
100000
100000
100000
50116.3
100000
100000
100000
100000
100000
100000
100000
100764
100000
100000
99144.6
100000
78242.9
98591.2
100000
100000
100000
100000
100000
100000
100000
100000
100000
100000
100000
100000
100000
97740
43782.7
47901.4
47818.4
100000
100000
100000
100000
100000
100000
100000
100000
100000
100000
101560
100433
100193
100000
100936
100000
100000
100000
100000
125886
100000
100000
100000
100000
100000
100000
100000
100000
100000
100000
100000
100000
100000
100000
100000
100000
100000
100000
100000
100000
100000
100000
99710.7
99600.5
100000
100000
100000
100000
100000
100000
100000
100000
100000
100000
100000
100000
100000
125118
100000
100000
100000
100001
100000
100000
100000
100000
100000
100000
100000
100000
100000
100000
100000
100000
100000
100000
100000
103988
100000
100000
100000
100000
100000
99999.8
100000
100000
100329
100000
100000
100033
100012
100000
100000
99842.7
100000
76892
100000
100000
100000
100000
100000
100000
100000
100000
100000
100000
98438.8
100000
99990.3
100000
88448.5
100000
92095.9
99000.9
104292
125610
100000
100000
100000
100000
122454
99791.2
100955
99858.3
100000
96544.1
96381.2
100000
56440
100000
100000
100000
100000
100000
100000
100000
101602
110463
55000.7
100000
94413.4
100000
100000
100000
100000
100000
100000
100000
100000
100000
100000
70660.2
79556.4
100000
100000
100000
100000
100000
100000
100000
100000
100000
101083
100000
100000
100000
100000
100000
100003
100000
100000
100000
100000
100000
100000
102136
100000
100000
100001
100052
100025
100000
100000
100000
100000
100000
100000
100000
100000
100000
100000
100000
100000
88532.3
100000
100001
100000
100000
100000
100000
100000
100000
100000
100000
100000
100001
100000
100000
100087
100037
100000
100000
100000
100000
100000
100000
121247
100000
100000
100000
100000
100000
100000
100000
99847.1
104854
116630
100000
100000
100000
100000
100000
100000
100000
100000
100000
100000
120077
100275
100000
98596.4
100000
100000
100000
100000
100000
100000
100000
100000
101233
76948
100000
100000
99982.5
100000
100000
100000
100003
100000
103724
101037
100000
119567
99588.7
96882.6
98398.5
98538
99989.9
100000
96982.6
100000
100000
100000
100000
100000
100001
100072
100000
100000
100000
100000
100000
100000
100000
100000
93307.9
104668
100000
100000
100000
100279
100000
100000
100000
99816.3
98318.2
100001
100007
100000
100002
100000
100000
99772.3
100354
99204.2
100018
86011.9
100000
100013
100009
100007
91881
114976
100000
100001
114469
114577
107587
100081
101307
100684
100172
103568
100002
100000
100001
100631
100000
100000
100000
100000
100000
100000
100000
100000
108134
103104
99999.2
100282
100077
100000
100001
100004
100000
100000
100000
100000
100000
99914.1
99646.3
100000
100021
100013
99557.5
100000
100106
99977.1
100000
103907
102543
100000
100222
102292
100000
100000
100004
100003
100004
100001
100000
108346
103187
100000
100000
100000
100000
100011
99994.3
100749
100236
100002
100024
100945
100000
100092
100000
107839
101454
100000
100201
100000
100120
100004
101082
102728
102362
100655
100002
100003
100001
100022
100001
100000
100006
100019
100010
100059
100434
100025
100007
100112
100000
100005
100002
100102
100001
100099
100504
100001
101229
100346
100391
100001
100001
100045
100148
100000
100001
100010
100004
100000
100000
100000
100000
100000
100000
100000
100000
100000
100000
100000
100000
100004
100788
378123
492923
360544
337157
361053
351108
312651
199932
138401
101421
71179.3
42795
34807.3
30719.3
16251.7
16512.9
12958.3
49851.4
71157.6
121848
108597
104150
108148
100296
112196
99083.2
99698.1
100000
100000
100000
100000
100000
100000
100000
100000
100000
100000
100000
100000
100000
100000
100000
100000
100000
100000
100000
100000
100000
100000
100000
100000
100000
100000
100000
100000
100000
100000
100000
100000
100000
100000
100000
100000
100000
100000
100000
100000
100000
100000
100000
100000
100000
102904
100000
100000
100000
100000
100000
100000
100000
100000
100000
100000
100000
100000
37512.6
100000
100000
100000
100000
100000
100000
100063
116451
100001
333870
363370
363744
332607
265466
165178
118018
93813.4
58470.3
39926.3
33064.9
27607.6
43104.3
103157
114028
108014
86894.1
103656
88664.7
101376
99432.5
99999.8
100000
100000
100000
100000
100000
100000
100000
100000
100000
100000
100000
100000
100000
100000
100000
100000
100000
100000
100000
100000
100000
100000
100000
100000
100000
100000
100000
100000
100000
100000
100000
100000
100000
100000
100000
100000
100000
100000
100000
100000
100000
100000
100000
100000
100000
214276
100000
100000
100000
100000
100000
100000
100000
100016
102861
47688.2
69730.6
106848
100206
122076
91072
112517
99374.2
99990.9
100000
100000
100000
100000
100000
100000
100000
100000
100000
100000
100000
100000
100000
100000
100000
100000
100000
100000
100000
100000
100000
100000
100000
100000
100000
100000
100000
100000
100000
100000
100000
100000
100000
100000
100000
100000
100000
100000
100000
100000
100000
100000
100000
100000
100000
100000
100000
100000
100000
100000
100000
100000
100000
100000
100000
100000
100000
100000
100000
100000
100000
100000
100000
100000
100000
100000
100000
100000
100000
100000
100000
100260
100000
100000
100000
100000
100000
100000
100000
99385.5
98960.7
98662.4
98112.8
87632
99007.2
109138
101178
53333.6
117485
100000
100000
100000
100000
100197
100000
100000
100000
167660
100000
100000
100000
100000
100000
100000
100000
100000
100000
100000
100014
100045
150059
102325
100000
100000
100000
22592.3
100000
100001
100000
100003
100000
100000
100000
136347
100000
84390.3
87252.6
50672.6
69457.3
73256.8
120411
90570.8
87930.6
89918.7
95478.6
94181.3
91160
95840.5
100304
91252.4
108162
90391.2
97898.6
101569
96791.6
98900.4
101108
102734
98804.6
100000
99242.5
99324.8
100000
99985.8
99999.5
100000
100000
100000
100000
100000
100000
100000
100000
100000
100000
100000
100000
100000
100000
100000
100000
100000
100000
100000
100000
100000
100000
100000
100000
100000
100000
100000
100000
100000
100000
100000
100000
100000
100000
100000
100000
100000
100000
100000
100000
100000
100000
100000
100000
100000
100000
100000
100000
100000
100000
100000
100000
100000
100000
100000
100000
100000
100000
100000
100000
169732
100000
146458
174928
168375
129527
108063
81820.4
45699.3
37407.6
30843.2
34118.7
28800.3
60056
58765.7
100000
100000
100000
100000
100000
100000
100000
100000
100000
111023
109538
100000
100000
100000
57923.1
100000
100000
100000
100000
100000
100000
108392
100000
103513
100000
100000
100000
100000
100545
149411
100000
100000
100000
39402
97855.1
100000
99571.8
100000
100000
100000
100000
100000
100000
100000
100000
100000
100000
100000
100000
100000
100000
100000
100000
100000
100000
100000
100000
100000
100000
100000
100000
100000
100000
100000
100000
100000
100000
100000
100000
100000
100000
100000
100000
115890
157064
221075
240938
153218
100000
100000
202854
107146
59388
42439.3
100000
100000
100000
100000
100000
100000
100000
100000
100000
100000
100000
100000
100000
100000
100000
100000
100000
100000
100000
100000
100000
100000
100000
100000
100000
100000
100000
100000
100000
100000
100000
100000
100000
100000
100000
100000
100000
100000
100000
100000
100000
100000
100000
100000
100000
100000
100000
100000
100000
100000
100000
100000
100000
100000
100000
100000
100000
56235.7
100000
100000
100000
100000
100000
100000
77078.6
100000
100038
100000
100000
100000
100673
126155
98593.1
100000
100000
45455.2
41958.5
60674.1
98790.2
100000
100000
100000
100000
100000
100000
100000
100000
100000
100000
100000
100000
100000
100000
100000
100000
100000
100000
100000
100000
100000
100000
100000
100000
105224
170588
100435
100117
101388
100000
100000
100000
112466
100000
100000
100000
100000
100000
100000
100000
100000
100000
100000
100000
100000
100000
100000
100000
100000
100000
100000
100000
100000
100000
100000
100000
100000
100000
100000
100000
100000
100000
100000
100000
100000
100000
100000
100000
100000
100000
100000
100000
100000
100000
100000
100000
100000
100000
160588
161866
144453
167269
100000
100000
100000
100000
99207.1
98428.4
58750.3
72974.4
100000
100000
49004.8
65745
100000
100000
99997
99999.9
100000
100000
100000
102975
101346
103077
100000
100000
100000
100000
100000
47400.3
113866
100000
100000
100000
100000
100000
99098.3
100000
100000
100000
100000
100000
100000
100000
100000
84939.6
89028.5
98634.3
99909.9
100000
100000
100000
100003
100010
100000
106314
89647.2
99490.5
94775.3
97921
92365.4
98786.2
99031.2
105679
100376
102088
151009
100000
58462.9
99793.9
100013
100000
100000
100000
100000
100000
100000
100000
100000
100000
100000
100000
100000
174146
100000
100000
100000
100000
100000
100000
100000
100000
100000
100000
99488.7
100000
100000
100000
100000
100000
100000
100000
100000
100000
100000
100000
100000
58945.4
100000
100000
100000
100000
100000
100000
160686
77768.9
100000
100000
100000
100000
100000
100000
100000
100000
100000
100000
100000
100000
100000
100000
100000
100000
100000
100000
100000
100000
100000
100000
100000
100000
100000
100000
100000
98103.8
100000
100000
100000
100000
100000
100000
97900.8
100000
100000
100000
100000
100000
100000
92560.6
100000
100000
102091
98791.3
100000
99646.5
99798.9
100000
63134.6
100000
100000
119584
100000
100000
100000
100000
99999.9
100000
100000
100000
100000
100000
114258
100000
100000
100000
100000
100000
100000
100000
100000
58255.9
61459.5
100000
100000
100000
100000
100000
100000
100000
100000
122815
100000
100000
100000
100000
100000
100000
100000
100000
67769.2
100000
100000
100000
100000
100000
100000
100000
100000
100000
100000
100000
100000
100000
99575.3
93987.2
100000
100000
100000
100000
142002
99952.8
99638.5
99998.2
88476.5
100000
100000
103424
100000
100000
100000
100000
100000
100000
100000
100000
100000
100000
123903
109412
124763
100000
100000
100000
100000
98310.8
102860
100886
100933
100000
100000
100000
100000
79578.2
100000
100009
120915
100000
100000
100000
98068.7
66691.8
100000
84707.2
100000
100000
102030
100000
100000
100000
100000
100000
100000
100000
100000
100000
100000
100000
100000
100000
99464.4
99720.8
100000
100000
100001
100000
100000
99008.6
100000
100000
100000
65278.9
100000
100000
137562
92912.5
104512
100000
100000
100000
100000
100000
100000
100107
100033
100312
100000
100000
100000
100000
103410
100000
100000
100000
100000
100000
100000
100000
100000
100000
100000
100000
100000
100000
100000
100000
100000
100000
100000
100000
100000
100000
100000
100000
100000
113804
100000
100000
100000
100000
100000
100000
100000
100000
100000
100000
100000
100000
100000
100000
100000
100000
100000
100000
100000
100000
100000
100000
116994
100000
100000
100000
93427.6
95192.4
96273.9
100000
100000
100000
100796
100000
100000
97217.2
100000
100000
100000
100000
100000
100000
100000
100000
100000
100000
100000
84499.9
98784.6
97725.2
96973.5
96649.1
86207.2
94966.5
100000
100000
100000
100000
100000
100000
100000
100000
100000
98728.3
100000
100000
100000
100000
100000
100000
125443
79903.6
80359.7
91330.5
100000
100000
100000
100000
100000
100000
100000
100000
100000
100243
100000
100000
100000
100000
100000
100000
100000
100000
100000
100000
100000
104567
124230
104962
100000
100000
100000
100000
100000
100000
100000
100000
136458
135295
100000
100000
100000
100000
100000
100000
100000
100000
100000
100000
100000
100000
100000
100000
100000
100000
100000
100000
100000
100001
100003
100000
100000
100000
100000
100000
100000
100000
100000
100000
100000
100000
100000
99860.5
100000
100000
100000
100000
106035
100000
112529
113081
100003
100002
99267.3
99585.5
100000
100000
100000
100000
100000
100000
100000
97262.8
100000
100000
100000
100000
100000
100000
100000
100000
100000
100000
100029
100000
100000
100000
100000
99064.9
100276
100000
100000
100000
100000
106282
100000
99093.3
100000
100000
100000
100000
100000
100000
99745.3
100647
100000
100000
100000
100000
100000
100000
100000
100000
100000
100000
100000
100000
100000
100000
100000
100000
100000
99995.7
100000
100000
101971
100000
100002
100007
97036.9
99999.7
105978
100000
100338
100274
100000
100000
100000
100000
100000
100000
100000
100000
100000
100000
102415
98867.9
100000
100000
100000
100000
100000
100000
100002
100000
100000
100101
100000
101456
100000
100000
100000
100000
100000
100000
100000
100000
99443.2
102928
98811.8
99192.1
99454.3
100000
100001
100000
100000
100000
100000
100000
97947.2
100000
100000
100000
100000
100007
100000
100000
100000
100001
100000
100000
100000
100000
100000
100000
100000
100000
100000
100000
100163
100000
100000
100000
100000
100002
100000
100000
100000
100000
100000
100000
100004
100003
100000
100000
100000
100000
100000
100000
100000
100000
100000
100000
135229
100000
100000
100000
100000
100000
100000
100007
100003
100000
99792.5
100000
100095
100000
100333
100002
100000
100000
100000
98800.8
100000
107618
109339
100000
100000
100000
99679
100000
100000
100000
99999.9
100000
100145
100000
100234
100492
100108
100887
100000
100893
100023
98986.7
105092
98234.9
102895
100000
111635
100007
100066
100021
100055
100000
100000
100000
100000
100000
100000
127460
125502
100001
100002
100000
99906.7
100000
100000
98965.9
100004
100000
100000
100000
100000
100000
100000
100057
132674
100000
101674
125068
100000
126391
100000
104821
105327
100000
99577.6
100000
100000
100000
110854
102113
100000
99479.5
100000
100261
100399
100002
99694.5
100068
100049
100000
100000
100381
100000
100005
100003
100016
100006
100018
98741.8
99996.6
100000
100000
100000
100292
99938.9
99914.1
100000
100000
98958.5
101057
99681.9
98873.4
99666.2
101787
100000
100000
100000
100041
100530
99934.5
100001
100000
101342
99732.3
100282
100538
99689.1
100000
100000
100001
100000
100000
100001
100000
100001
100000
99998.8
99960.5
99999.9
100000
100011
100000
100232
100325
101554
100025
100000
100001
100000
100064
100000
100009
100000
100000
100000
100000
100000
100000
100000
100001
99908.7
100000
100000
100032
100001
100000
100001
100005
100000
100222
100249
100007
100001
100055
101019
100003
100023
100002
99997.6
100000
100000
100000
100001
99994.9
100001
99964.5
100003
100031
100062
100274
100003
100022
100189
100068
100219
100006
100371
100001
100000
100003
100000
100007
100002
100006
100065
)
;

boundaryField
{
    bullet
    {
        type            zeroGradient;
    }
    topWall
    {
        type            zeroGradient;
    }
    bottomWall
    {
        type            zeroGradient;
    }
    inlet
    {
        type            fixedValue;
        value           uniform 100000;
    }
    outlet
    {
        type            waveTransmissive;
        gamma           1.3;
        fieldInf        100000;
        lInf            1;
        value           nonuniform List<scalar> 
30
(
100000
100000
100000
100000
100000
100000
100000
100000
100000
100000
100000
100000
100000
100000
100000
100000
100000
100000
100000
100000
100000
100000
100000
100000
100000
100000
100000
100000
100000
100000
)
;
    }
    defaultFaces
    {
        type            empty;
    }
}


// ************************************************************************* //
