/*--------------------------------*- C++ -*----------------------------------*\
  =========                 |
  \\      /  F ield         | OpenFOAM: The Open Source CFD Toolbox
   \\    /   O peration     | Website:  https://openfoam.org
    \\  /    A nd           | Version:  6
     \\/     M anipulation  |
\*---------------------------------------------------------------------------*/
FoamFile
{
    version     2.0;
    format      ascii;
    class       surfaceScalarField;
    location    "0.0003";
    object      phi;
}
// * * * * * * * * * * * * * * * * * * * * * * * * * * * * * * * * * * * * * //

dimensions      [1 0 -1 0 0 0 0];

internalField   nonuniform List<scalar> 
5786
(
0.150621
-4.41314e-15
0.150621
-5.55112e-16
0.150621
4.71845e-16
0.150621
-5.19029e-15
0.150621
6.38378e-16
0.150621
-1.52656e-15
0.150621
-2.19269e-15
0.150621
3.02536e-15
0.150621
5.19029e-15
0.150621
6.38378e-15
0.150621
4.77396e-15
0.150621
-2.13718e-15
0.150621
-7.21645e-16
0.150621
-4.02456e-15
0.150621
-5.10703e-15
0.150621
-2.498e-16
0.150621
1.7486e-15
0.150621
4.05231e-15
0.150621
1.88738e-15
0.150621
-1.08524e-14
0.150621
-4.71845e-15
0.150621
5.82867e-15
0.150621
6.10623e-16
0.150621
5.32907e-15
0.150621
1.33227e-15
0.150621
4.35763e-15
0.150621
6.60583e-15
0.150621
1.52378e-14
0.150621
1.36835e-14
0.150621
7.27196e-15
0.150621
-1.27121e-14
0.150621
-3.23352e-14
0.150621
-5.37903e-14
0.150621
-8.49598e-14
0.150621
-1.3442e-13
0.150621
-1.22152e-13
0.150621
3.39423e-13
0.150621
2.47605e-12
0.150621
1.03875e-11
0.150621
3.84497e-11
0.150621
1.30224e-10
0.150621
4.10089e-10
0.150621
1.21076e-09
0.150621
3.35179e-09
0.150621
8.62704e-09
0.150621
2.1419e-08
0.150621
5.10349e-08
0.150621
1.11192e-07
0.150621
2.0715e-07
4.13329e-07
0.150621
-2.38698e-15
0.150621
-1.36002e-15
0.150621
-2.22045e-15
0.150621
-9.40914e-15
0.150621
-4.46865e-15
0.150621
-1.83187e-15
0.150621
-5.7454e-15
0.150621
5.55112e-16
0.150621
2.44249e-15
0.150621
9.96425e-15
0.150621
7.41074e-15
0.150621
-1.38778e-16
0.150621
-2.19269e-15
0.150621
-4.32987e-15
0.150621
-7.60503e-15
0.150621
-3.21965e-15
0.150621
4.7462e-15
0.150621
4.16334e-15
0.150621
6.4948e-15
0.150621
-1.16851e-14
0.150621
-8.63198e-15
0.150621
9.21485e-15
0.150621
-1.249e-15
0.150621
8.18789e-15
0.150621
9.99201e-16
0.150621
-2.77556e-17
0.150621
8.52096e-15
0.150621
1.31284e-14
0.150621
1.48492e-14
0.150621
1.113e-14
0.150621
-6.63358e-15
0.150621
-2.64511e-14
0.150621
-5.18752e-14
0.150621
-7.73825e-14
0.150621
-1.10745e-13
0.150621
-3.8719e-14
0.150621
4.88859e-13
0.150621
3.10071e-12
0.150621
1.1794e-11
0.150621
4.11512e-11
0.150621
1.34574e-10
0.150621
4.17895e-10
0.150621
1.23032e-09
0.150621
3.41065e-09
0.150621
8.68676e-09
0.150621
2.17945e-08
0.150621
5.25385e-08
0.150621
1.12074e-07
0.150621
1.98957e-07
3.72312e-07
0.150621
-1.22125e-15
0.150621
-3.33067e-15
0.150621
-5.93969e-15
0.150621
-7.68829e-15
0.150621
-2.33147e-15
0.150621
-1.72085e-15
0.150621
-3.91354e-15
0.150621
1.13798e-15
0.150621
3.27516e-15
0.150621
1.52101e-14
0.150621
4.63518e-15
0.150621
-3.02536e-15
0.150621
-1.249e-15
0.150621
-6.10623e-16
0.150621
-7.77156e-15
0.150621
8.60423e-16
0.150621
3.46945e-15
0.150621
5.82867e-15
0.150621
3.9968e-15
0.150621
-9.65894e-15
0.150621
-9.10383e-15
0.150621
4.2466e-15
0.150621
-2.69229e-15
0.150621
1.04361e-14
0.150621
8.35443e-15
0.150621
-1.66533e-15
0.150621
8.71525e-15
0.150621
1.29896e-14
0.150621
2.09555e-14
0.150621
1.58762e-14
0.150621
-2.60902e-15
0.150621
-2.31482e-14
0.150621
-5.17364e-14
0.150621
-6.81399e-14
0.150621
-8.67639e-14
0.150621
1.75138e-14
0.150621
5.82728e-13
0.150621
3.25723e-12
0.150621
1.2643e-11
0.150621
4.31771e-11
0.150621
1.38926e-10
0.150621
4.27529e-10
0.150621
1.25603e-09
0.150621
3.48914e-09
0.150621
8.78209e-09
0.150621
2.24211e-08
0.150621
5.41117e-08
0.150621
1.12686e-07
0.150621
1.94697e-07
3.24968e-07
0.150621
1.13798e-15
0.150621
-2.55351e-15
0.150621
-8.40994e-15
0.150621
-7.77156e-15
0.150621
-7.49401e-15
0.150621
-3.77476e-15
0.150621
-1.9984e-15
0.150621
-3.77476e-15
0.150621
5.05151e-15
0.150621
1.39055e-14
0.150621
1.19904e-14
0.150621
1.02696e-15
0.150621
-2.16493e-15
0.150621
-1.36002e-15
0.150621
-2.94209e-15
0.150621
2.27596e-15
0.150621
2.91434e-15
0.150621
4.16334e-15
0.150621
2.72005e-15
0.150621
-1.00753e-14
0.150621
-1.59039e-14
0.150621
1.38778e-16
0.150621
-3.60822e-15
0.150621
9.04832e-15
0.150621
1.40721e-14
0.150621
-4.996e-15
0.150621
7.88258e-15
0.150621
1.39888e-14
0.150621
2.17326e-14
0.150621
2.12053e-14
0.150621
2.69229e-15
0.150621
-1.73472e-14
0.150621
-5.14866e-14
0.150621
-5.91194e-14
0.150621
-6.34492e-14
0.150621
6.30052e-14
0.150621
6.5592e-13
0.150621
3.25479e-12
0.150621
1.28523e-11
0.150621
4.4281e-11
0.150621
1.42674e-10
0.150621
4.37127e-10
0.150621
1.28388e-09
0.150621
3.57393e-09
0.150621
8.89842e-09
0.150621
2.32172e-08
0.150621
5.56746e-08
0.150621
1.12684e-07
0.150621
1.93945e-07
2.73242e-07
0.150621
-7.0105e-16
0.150621
-3.38504e-15
0.150621
-5.86701e-15
0.150621
-8.08731e-15
0.150621
-6.77584e-15
0.150621
-5.8703e-15
0.150621
-4.1911e-15
0.150621
-1.41904e-15
0.150621
-7.84004e-16
0.150621
1.0804e-14
0.150621
1.18274e-14
0.150621
8.11764e-16
0.150621
-5.84614e-15
0.150621
5.89833e-16
0.150621
-8.42386e-15
0.150621
-5.62743e-15
0.150621
2.56734e-16
0.150621
6.12358e-15
0.150621
9.59303e-15
0.150621
-7.24066e-15
0.150621
-1.94116e-14
0.150621
3.95271e-16
0.150621
8.27432e-16
0.150621
3.44171e-15
0.150621
2.07765e-14
0.150621
-1.06094e-14
0.150621
3.89769e-15
0.150621
1.40481e-14
0.150621
2.18228e-14
0.150621
2.36878e-14
0.150621
5.46319e-15
0.150621
-1.15593e-14
0.150621
-5.11665e-14
0.150621
-4.17673e-14
0.150621
-6.26018e-14
0.150621
-1.59728e-15
0.150621
3.77021e-13
0.150621
2.1698e-12
0.150621
9.37309e-12
0.150621
3.48657e-11
0.150621
1.1953e-10
0.150621
3.83078e-10
0.150621
1.18559e-09
0.150621
3.4675e-09
0.150621
8.42186e-09
0.150621
2.46788e-08
0.150621
5.61548e-08
0.150621
1.13607e-07
0.150621
1.91675e-07
2.23221e-07
0.0191733
-0.00923652
-0.000957481
-0.0401113
0.0517344
-0.0687008
0.0179674
-0.177019
0.108554
-0.103208
0.0240487
-0.123958
0.0148393
-0.20371
0.0447716
-0.189184
-0.00403233
-0.49263
0.145805
-0.60541
0.245504
-0.653678
0.0348206
-0.514377
-0.146215
0.00107144
-0.474128
0.154484
-0.0940863
0.165536
-0.0417682
-0.00376365
0.00662049
-0.00364598
-0.025165
0.0675855
-0.0394164
0.0215887
-0.129604
0.158517
-0.0856999
0.108849
-0.0850182
0.0144615
-0.206137
0.111188
-0.298628
0.0666052
-0.558665
0.275598
-0.694055
0.454321
-0.879684
0.256538
-0.400891
-0.60496
0.0993571
-0.952831
0.0900013
-0.0164369
0.255557
-0.0251552
-0.00513325
0.0169157
0.00482592
-0.0196383
0.0773996
-0.0390339
0.0337656
-0.168611
0.183271
-0.0794082
0.197578
-0.0509617
-0.00625213
-0.273639
0.201251
-0.448709
0.184262
-0.735049
0.526162
-0.787358
0.5732
-0.385878
-0.115153
-0.21601
-0.738006
-0.152531
-1.0125
0.0779256
-0.209882
0.327283
-0.0198502
-0.00893738
-0.0376747
0.0261742
-0.0127318
0.0843743
-0.0471784
0.0397396
-0.233464
0.306135
-0.0661336
0.221913
-0.0815284
0.0359361
-0.314959
0.240578
-0.58325
0.379184
-0.755725
0.746752
-0.44257
0.294535
-0.324293
-0.257002
-0.216995
-0.819349
0.0280566
-1.27751
0.107679
-0.215553
0.422861
-0.0191668
-0.00673653
0.227964
-0.26448
-0.0117343
0.0911705
-0.0705802
0.0433998
-0.190286
0.500675
-0.105597
0.284892
-0.0991961
0.0593532
-0.299964
0.250432
-0.559633
0.637278
-0.339921
0.537555
-0.39666
0.35726
-0.380997
-0.324932
-0.215149
-0.975452
0.063316
-1.56676
0.203654
-0.310166
-0.0169248
0.599324
-0.136129
0.0989229
-0.0353281
-0.114914
0.31525
-0.357678
0.38961
-0.0489048
0.414585
-0.0230655
0.396138
-0.0112066
0.222936
0.154013
0.145366
0.039049
0.100704
0.0147185
0.120546
-0.06445
0.141039
0.00712936
0.0305004
0.144997
0.00350642
0.00975052
-0.0458364
0.0509299
-0.0456997
-0.121414
0.200607
-0.0625347
-0.165909
0.392464
-0.776597
0.602769
-0.233765
0.497435
0.101363
0.367829
0.0804767
0.260175
0.264304
0.166495
0.135988
0.140344
-0.00402162
0.0484551
0.0218611
0.0612925
-0.000658795
0.0081121
0.23927
0.00420821
0.0117662
0.0146087
0.0414603
-0.0353704
-0.119575
0.298129
-0.0128268
-0.235122
0.244837
-1.03431
0.446308
-0.424872
0.550091
0.031293
0.351087
0.264807
0.285076
0.32183
0.208245
0.220165
0.150437
0.00621019
0.0752504
0.106541
0.119607
-0.0392089
0.0166558
0.377786
-0.00402271
0.0447925
0.00710936
0.0272438
-0.0207632
-0.135282
0.403679
0.00780924
-0.340975
0.190772
-1.21072
0.335483
-0.560528
0.411261
-0.0138393
0.385058
0.324679
0.282657
0.378467
0.230706
0.286868
0.176467
0.0324367
0.108982
0.15933
0.0465593
0.0545058
0.0476877
0.409237
-0.0035033
0.080104
0.0114868
0.0124001
-0.00926149
-0.13571
0.493622
0.0350936
-0.477157
0.190283
-1.34492
0.392415
-0.755203
0.389639
0.0165221
0.43575
0.309965
0.280213
0.458996
0.235849
0.34567
0.179872
0.0964566
0.128916
0.189079
0.0935652
0.1078
0.190621
0.331418
-0.00140161
0.26008
0.0191724
-0.0150352
0.250306
-0.150621
3.36239e-07
-0.150621
2.44931e-07
-0.150621
1.81252e-07
-0.150621
7.98572e-08
-0.150621
3.29025e-08
-0.150621
1.29626e-08
-0.150621
4.85821e-09
-0.150621
1.73192e-09
-0.150621
5.91216e-10
-0.150621
1.91835e-10
-0.150621
5.85772e-11
-0.150621
1.65558e-11
-0.150621
4.23611e-12
-0.150621
9.11604e-13
-0.150621
7.81042e-14
-0.150621
-7.53286e-14
-0.150621
-5.27356e-14
-0.150621
-2.6007e-14
-0.150621
-1.44884e-14
-0.150621
-1.55431e-14
-0.150621
-7.74381e-15
-0.150621
1.91513e-15
-0.150621
2.85882e-15
-0.150621
1.69309e-15
-0.150621
1.72085e-15
-0.150621
2.7478e-15
-0.150621
5.27356e-16
-0.150621
2.02616e-15
-0.150621
-3.63598e-15
-0.150621
-1.44329e-15
-0.150621
-3.30291e-15
-0.150621
-3.33067e-15
-0.150621
-2.22045e-15
-0.150621
-4.57967e-15
-0.150621
-7.32747e-15
-0.150621
-3.63598e-15
-0.150621
4.38538e-15
-0.150621
5.60663e-15
-0.150621
-2.16493e-15
-0.150621
5.91194e-15
-0.150621
5.80092e-15
-0.150621
-8.90954e-15
-0.150621
-9.54792e-15
-0.150621
-7.13318e-15
-0.150621
-2.498e-16
-0.150621
1.58207e-15
-0.150621
-2.02616e-15
-0.150621
-5.55112e-17
-0.150621
-2.27596e-15
-7.49401e-16
-0.150621
2.66991e-07
-0.150621
2.36688e-07
-0.150621
1.84027e-07
-0.150621
8.17948e-08
-0.150621
3.30984e-08
-0.150621
1.29464e-08
-0.150621
4.80646e-09
-0.150621
1.70223e-09
-0.150621
5.81761e-10
-0.150621
1.90145e-10
-0.150621
5.9048e-11
-0.150621
1.729e-11
-0.150621
4.67826e-12
-0.150621
1.11186e-12
-0.150621
1.15352e-13
-0.150621
-3.50553e-14
-0.150621
-4.48808e-14
-0.150621
-2.07057e-14
-0.150621
-1.6348e-14
-0.150621
-1.64868e-14
-0.150621
-7.66054e-15
-0.150621
6.30052e-15
-0.150621
5.77316e-15
-0.150621
2.44249e-15
-0.150621
-1.97065e-15
-0.150621
3.05311e-16
-0.150621
8.32667e-16
-0.150621
3.55271e-15
-0.150621
-3.16414e-15
-0.150621
-6.10623e-15
-0.150621
-5.10703e-15
-0.150621
2.66454e-15
-0.150621
3.60822e-15
-0.150621
-3.44169e-15
-0.150621
-6.57807e-15
-0.150621
2.77556e-17
-0.150621
5.93969e-15
-0.150621
8.43769e-15
-0.150621
4.44089e-16
-0.150621
4.60743e-15
-0.150621
5.80092e-15
-0.150621
-1.74027e-14
-0.150621
-1.6348e-14
-0.150621
-5.02376e-15
-0.150621
-1.41553e-15
-0.150621
-2.33147e-15
-0.150621
-5.30131e-15
-0.150621
-1.30451e-15
-0.150621
-5.07927e-15
-6.38378e-16
-0.150621
1.93554e-07
-0.150621
2.33705e-07
-0.150621
1.85813e-07
-0.150621
8.39078e-08
-0.150621
3.34112e-08
-0.150621
1.29717e-08
-0.150621
4.76744e-09
-0.150621
1.6759e-09
-0.150621
5.7346e-10
-0.150621
1.88536e-10
-0.150621
5.92894e-11
-0.150621
1.77128e-11
-0.150621
4.91757e-12
-0.150621
1.15347e-12
-0.150621
1.49908e-13
-0.150621
-8.57647e-15
-0.150621
-3.39728e-14
-0.150621
-1.75693e-14
-0.150621
-1.32117e-14
-0.150621
-1.32117e-14
-0.150621
-3.96905e-15
-0.150621
8.57647e-15
-0.150621
5.13478e-15
-0.150621
5.57887e-15
-0.150621
4.19109e-15
-0.150621
-3.08087e-15
-0.150621
2.19269e-15
-0.150621
1.02696e-15
-0.150621
-8.57647e-15
-0.150621
-1.14631e-14
-0.150621
-8.04912e-15
-0.150621
3.16414e-15
-0.150621
1.52656e-15
-0.150621
-7.21645e-15
-0.150621
-9.85323e-15
-0.150621
1.27676e-15
-0.150621
8.79852e-15
-0.150621
6.68909e-15
-0.150621
-5.63438e-15
-0.150621
4.88498e-15
-0.150621
5.27356e-16
-0.150621
-1.91236e-14
-0.150621
-1.68199e-14
-0.150621
-2.498e-15
-0.150621
-2.498e-15
-0.150621
-6.38378e-16
-0.150621
-5.02376e-15
-0.150621
-3.66374e-15
-0.150621
-1.63758e-15
4.71845e-16
-0.150621
1.20759e-07
-0.150621
2.33122e-07
-0.150621
1.86435e-07
-0.150621
8.61469e-08
-0.150621
3.38193e-08
-0.150621
1.30208e-08
-0.150621
4.73411e-09
-0.150621
1.65086e-09
-0.150621
5.65603e-10
-0.150621
1.86524e-10
-0.150621
5.90737e-11
-0.150621
1.77714e-11
-0.150621
4.93683e-12
-0.150621
1.14661e-12
-0.150621
1.69947e-13
-0.150621
1.21292e-14
-0.150621
-2.34535e-14
-0.150621
-1.09912e-14
-0.150621
-1.2601e-14
-0.150621
-1.33504e-14
-0.150621
4.05231e-15
-0.150621
1.113e-14
-0.150621
5.19029e-15
-0.150621
4.46865e-15
-0.150621
-3.33067e-16
-0.150621
-7.16094e-15
-0.150621
-4.44089e-16
-0.150621
-5.27356e-15
-0.150621
-7.91034e-15
-0.150621
-1.36557e-14
-0.150621
-4.91274e-15
-0.150621
6.43929e-15
-0.150621
3.19189e-15
-0.150621
-7.29972e-15
-0.150621
-4.63518e-15
-0.150621
1.00753e-14
-0.150621
1.23512e-14
-0.150621
3.33067e-15
-0.150621
-4.7462e-15
-0.150621
2.83107e-15
-0.150621
-7.85483e-15
-0.150621
-2.57294e-14
-0.150621
-1.68476e-14
-0.150621
-6.60583e-15
-0.150621
1.02696e-15
-0.150621
-2.13718e-15
-0.150621
-3.38618e-15
-0.150621
-2.9976e-15
-0.150621
-3.63598e-15
-2.77556e-16
-0.150621
5.19495e-08
-0.150621
2.3697e-07
-0.150621
1.88099e-07
-0.150621
8.88358e-08
-0.150621
3.37029e-08
-0.150621
1.24716e-08
-0.150621
4.29426e-09
-0.150621
1.41587e-09
-0.150621
4.69032e-10
-0.150621
1.4766e-10
-0.150621
4.43962e-11
-0.150621
1.26235e-11
-0.150621
3.2417e-12
-0.150621
6.39019e-13
-0.150621
5.46633e-14
-0.150621
-1.53572e-14
-0.150621
-1.7092e-14
-0.150621
-5.40567e-15
-0.150621
-1.08159e-14
-0.150621
-9.98975e-15
-0.150621
4.54865e-15
-0.150621
1.66119e-14
-0.150621
6.06302e-15
-0.150621
7.56289e-16
-0.150621
-1.78687e-15
-0.150621
-5.12608e-15
-0.150621
5.49782e-16
-0.150621
-4.33511e-15
-0.150621
-1.38917e-14
-0.150621
-2.07992e-14
-0.150621
-5.5615e-15
-0.150621
4.22748e-15
-0.150621
2.8709e-15
-0.150621
-1.33782e-14
-0.150621
1.30452e-15
-0.150621
1.12827e-14
-0.150621
1.42665e-14
-0.150621
3.08433e-15
-0.150621
-6.30769e-15
-0.150621
1.14319e-14
-0.150621
-1.05785e-14
-0.150621
-3.42606e-14
-0.150621
-7.73344e-15
-0.150621
-2.04342e-15
-0.150621
1.24228e-15
-0.150621
-2.58118e-15
-0.150621
-3.90345e-15
-0.150621
-3.70746e-15
-0.150621
-3.03195e-15
1.02715e-15
7.45574
-3.12077e-15
2.5894
4.86634
4.06428
3.39146
4.04997
3.40577
3.91886
3.53688
7.45574
-6.35726
6.35726
6.39537
-6.39537
-6.50148
6.50148
-6.58921
6.58921
6.53891
-6.53891
6.51654
-6.51654
6.50645
-6.50645
6.5301
-6.5301
6.67243
-6.67243
6.74255
-6.74255
6.73524
-6.73524
6.7262
-6.7262
6.71679
-6.71679
6.71046
-6.71046
6.70926
-6.70926
6.71197
-6.71197
6.71943
-6.71943
6.72515
-6.72515
6.71754
-6.71754
6.70519
-6.70519
6.69427
-6.69427
6.63561
-6.63561
6.4654
-6.4654
6.61362
-6.61362
-7.45574
-2.522
-4.93374
-4.08575
-3.36999
-3.9645
-3.49124
-4.1353
-3.32044
-7.45574
-7.15565e-08
6.66983
-6.66983
-3.4728e-08
6.79068
-6.79068
-5.36603e-09
-6.64684
6.64684
-2.75305e-11
-6.69619
6.69619
1.05999e-13
-6.70645
6.70645
4.68279e-14
-6.70564
6.70564
-2.21907e-14
-6.69664
6.69664
1.91444e-14
-6.69532
6.69532
1.53993e-14
-6.70649
6.70649
-2.24283e-14
-6.71027
6.71027
4.38937e-14
-6.70933
6.70933
-7.76462e-15
-6.70327
6.70327
-2.53928e-14
-6.70437
6.70437
-4.00392e-13
-6.70455
6.70455
-5.79171e-07
-6.65307
6.65261
0.00182224
-5.68975
6.36003
0.00742523
-7.51335
5.97876
-0.0607661
-3.48589
3.34062
-0.0326857
-2.42069
8.51204
-0.122739
-1.79994
1.86754
-0.553584
-0.958038
0.205951
0.455932
-0.052995
0.0984473
0.13868
-6.98931e-05
0.00821485
-0.00214742
-0.12648
-0.0332589
-0.209002
2.06762
1.26589
-3.3335
0.492737
-0.708026
-0.967698
1.47692
1.13919
-0.675755
0.82163
-0.685768
0.894428
-0.941422
1.52335
-0.859206
1.62965
-1.21515
2.08095
-1.76352
1.52313
-2.06575
1.21087
-2.15396
1.14019
-2.62257
-0.738255
0.237004
0.207797
0.0142973
-0.102963
-0.379483
-0.0351791
-1.44653
1.44652
-0.000328699
-1.81253
1.81255
-3.20166e-06
2.28517
-2.28517
2.47203e-09
2.80432
-2.80432
8.12413e-11
-3.55054
3.55054
3.72197e-13
-4.50692
4.50692
-2.02659e-15
-5.72963
5.72963
1.46046e-15
-6.53303
6.53303
-4.48247e-15
1.09848
-9.97773
-0.785902
0.0482043
-4.11511
6.70451
3.34062
7.4049
4.06631
3.38942
7.45777
7.43939
3.40908
4.04666
3.07862
4.37712
6.64291
-6.64291
6.38768
-6.38768
6.57634
-6.57634
-6.56587
6.56587
-6.52339
6.52339
-6.5139
6.5139
-6.50329
6.50329
-6.59554
6.59554
-6.72297
6.72297
-6.74563
6.74563
-6.73434
6.73434
-6.72221
6.72221
-6.71845
6.71845
-6.71287
6.71287
-6.71174
6.71174
-6.72131
6.72131
-6.72169
6.72169
-6.71732
6.71732
-6.71265
6.71265
-6.70677
6.70677
-6.67597
6.67597
-6.55698
6.55698
-6.4767
6.4767
-0.0128781
-6.19075
6.19075
-4.46275
-2.99299
-3.51308
-3.94265
-3.45344
-4.0023
-0.113794
-2.50716
-4.94858
-7.02461
0.35478
-7.02461
-1.73272e-08
-0.567537
-0.233937
6.66492
-6.66492
-1.26391e-10
6.67748
-6.67748
2.67628e-13
6.70697
-6.70697
1.15302e-13
6.70945
-6.70945
1.82564e-14
6.69814
-6.69814
-2.27179e-14
6.69541
-6.69541
3.46597e-14
6.69771
-6.69771
1.53572e-14
6.7074
-6.7074
-8.20711e-15
6.70485
-6.70485
-1.11025e-16
6.70353
-6.70353
1.5158e-14
6.69721
-6.69721
-4.32795e-14
6.70108
-6.70108
-4.54809e-10
6.69077
-6.6908
0.000167664
6.55211
-6.55307
0.00370921
4.53171
-4.46166
-0.0690908
6.33568
-4.03359
0.00486314
3.60837
-11.3059
-0.370966
1.72038
-1.7578
-0.286687
0.679913
-0.363857
0.452844
0.123957
-0.78175
0.417429
-0.391209
-0.66677
1.00589
0.172751
0.0645077
0.109939
0.156031
0.92318
0.322136
0.104613
0.402727
0.734422
0.805228
-0.326025
-0.934585
-0.972223
-1.99853
1.28819
-1.27247
-0.00442171
1.62599
-1.62568
-1.08152e-05
-2.03818
2.03818
-1.29815e-07
0.246988
-2.59944
2.59944
5.56219e-10
0.204882
3.07029
-3.07029
5.13095e-12
3.99718
-3.99718
1.10711e-14
5.08862
-5.08862
1.2137e-14
6.40825
-6.40825
-3.15949e-15
0.922704
7.32793
7.45242
6.6155
0.00768167
-0.0748586
0.0233462
0.015514
0.00263587
0.00316304
-0.0654448
-0.0505333
-0.00308773
0.000903726
0.00399146
-0.00165683
-0.00240994
-0.00248525
-0.0093385
-0.00225931
0.00783229
0.00489518
-0.00158152
0.0183004
0.0786241
-0.0112966
0.422868
-7.59883
-7.41793
-6.64246
-0.125761
0.0306363
0.0107845
0.00299736
-0.00749339
-0.00122756
0.00238734
0.000911257
-0.00541482
-0.00579891
-0.00606249
-0.00329107
-0.0137836
-0.100277
-0.375747
-0.428553
-1.2396
-0.222192
-0.768054
-1.31445
-0.582152
-0.596972
2.66459
0.804792
0.179466
0.225647
0.314271
0.265966
0.446636
0.581706
0.678623
0.00685325
0.00745574
-0.0268105
-0.076892
-0.0195807
0.0103928
0.00813353
0.00542235
0.00798291
0.0036149
-0.000225931
0.00188276
-0.00346428
-0.000225931
0.00745574
0.0125015
0.0403664
0.0915775
-0.136914
-7.83274
-7.4339
-7.32274
-0.00381071
-0.00150621
-9.03726e-05
0.0087812
0.00286933
0.00447344
-0.000256056
0.00716203
0.00347181
-0.0380386
-0.176933
-0.674893
-0.456755
-0.534825
-0.730775
-0.0368133
-0.26791
-0.510121
0.247546
0.0269611
-0.285653
-7.92673
-0.000519642
0.0187071
-0.0180745
0.124782
0.641005
0.509739
0.186707
0.170656
0.480255
3.70844
3.69646
4.53098
2.08452
5.4756
3.86599
3.58644
6.22449
-6.2168
-4.16595
-3.76078
-3.78699
-6.53401
6.56097
6.56647
-6.64133
6.552
-6.67776
6.60141
-6.57807
0.0674029
-4.24374
-3.35508
-6.51609
6.51872
6.49267
-6.4895
6.50163
-6.56707
-6.75987
6.70933
6.74473
-6.74782
6.73215
-6.73125
-6.72123
6.72523
6.7195
-6.72116
6.71114
-6.71355
6.71528
-6.71777
6.71604
-6.72538
6.72869
-6.73095
-6.72937
6.7372
-6.71604
6.72093
6.70783
-6.70941
6.71543
-6.69713
-6.60684
6.68546
-6.35379
6.3425
-4.34112
-3.49162
-8.50707
-7.73536
-6.63335
6.62047
-0.0668757
0.0423998
6.71787
-6.71839
-5.73448
-3.73035
-3.68758
-2.14484
-4.49762
6.71163
-6.71544
-6.52038
6.40659
-0.295895
-0.234743
-1.93115
1.27499
-7.6355
7.76028
-6.70861
6.7194
0.00926319
-6.71449
6.71749
-0.0028618
-6.70471
6.72342
0.0146855
-6.70689
6.70539
6.70488
-6.70497
-6.70345
6.71223
-6.71774
6.72061
-6.70723
6.71171
-6.71156
6.7113
-6.6969
6.70406
-6.70259
6.70607
-6.71224
6.67427
-6.60908
6.43277
4.40516
-4.75477
-3.39743
2.6364
3.18284
-3.82357
2.44598
-3.34347
-5.0834
1.07598
2.43214
-2.42826
-0.783548
0.400514
0.276956
6.40342
-6.15588
0.186619
1.55019
-1.19198
-0.564972
0.355101
-1.18365
1.92944
-0.867676
0.815405
0.614754
2.49324
-2.24626
1.74059
-1.56109
3.75158
-3.27132
-2.0109
2.23654
0.482349
-1.34685
1.51589
0.393235
-3.09661
3.36257
0.654968
-2.84701
3.0519
0.51556
5.30295
-4.72124
-1.7866
1.97322
0.449952
6.65397
-5.97535
-4.20914
4.71888
1.09381
6.51985
-6.513
0.00376552
-5.26834
5.90934
1.38564
5.78904
1.5352
-1.16331
-2.00116
2.17576
2.60269
-2.23332
3.46187
-2.73529
3.07553
-2.12542
1.40822
-1.76169
-1.22609
0.299047
0.183249
-2.20969
-1.04805
-0.995548
-6.90077
6.66683
-0.348763
3.60037
3.72757
7.46636
8.25855
-6.6698
6.70043
0.0536211
7.56012
-7.54777
-7.87932
0.758092
-0.229962
0.296232
0.089711
-1.84646
6.7308
0.00135559
6.73893
3.68735
3.75204
7.27379
0.316928
-7.52454
6.73976
0.00497049
6.75015
6.51044
0.0505333
6.52595
-0.857711
-0.000903726
1.1881
7.27446
-6.50795
6.51541
-6.49349
6.46668
-6.68117
6.60428
6.7488
-6.76838
0.0189029
0.017698
-6.72681
6.73223
-6.71905
6.72703
-6.71408
6.71769
-6.71122
6.71099
-6.72809
6.72997
6.72289
-6.72635
6.71913
-6.71935
-6.71476
6.72221
-6.71024
6.72274
6.70956
-6.66919
6.57543
-6.48386
6.37345
-6.51036
-7.1249
-0.273489
-0.17954
3.67138
-7.40174
-3.65135
-3.9669
-3.46699
-8.14897
-7.32199
0.0107694
-7.15457
-0.000828415
1.78493
6.59025
-6.60833
-6.69575
-0.0111459
-6.69698
6.71047
-6.71797
0.0079076
-0.00497049
6.70482
-6.70244
6.71595
-6.71504
6.71571
-6.72112
6.71529
-6.72109
6.70508
-6.71114
6.71031
-6.7136
6.70177
-6.71555
6.60391
-6.70404
6.29593
-0.710497
6.00703
4.91579
-5.76177
-4.31846
5.87407
-2.4296
2.02017
-1.95915
1.34177
-2.74111
0.48254
-0.652239
0.00308773
-0.0064767
0.471978
4.85805
1.11859
0.412349
-0.0875108
0.0129534
3.8934
3.56437
7.60184
7.31641
2.52515
0.526752
-0.00158152
2.83942
-3.74248
4.18911
8.55452
0.9764
0.938785
0.447836
1.32348
0.246197
-0.710131
1.36622
-1.02041
0.51388
-0.751448
-3.2301
-1.18805
-1.02601
0.221639
-0.894833
0.917794
0.59316
-1.06422
-1.22819
-1.10218
-1.43997
-1.33946
-0.598807
-0.108297
-0.000828415
0.0134053
-0.0064767
0.00805822
0.102723
-0.00203338
0.0125015
-0.000150621
-0.167867
0.201606
0.0462406
-0.00240994
0.00617546
0.0178486
0.00233462
-0.0120497
0.00406677
-0.00293711
0.000451863
-0.000979036
0.0256056
-0.0143843
0.0128028
-7.53105e-05
0.000979036
-0.155591
-0.100389
0.0259068
-0.0590434
0.0134806
0.0110706
-0.271058
-0.0412702
-0.00753105
-0.00707918
-0.00979036
-0.00941381
0.0921047
-0.0125768
0.00557297
0.00979036
-1.01718
-0.305231
6.72974
-6.74232
6.78608
-6.73245
-6.7494
6.7671
-6.7381
6.75158
-6.50728
6.51805
-6.84519
6.78615
-5.56318
7.34812
2.99133
-4.22492
-3.17682
-6.47331
6.37292
6.69759
-6.85318
-0.147609
-6.75414
6.77305
-6.49312
6.54365
3.0122
-2.41904
6.5813
-6.85223
-6.75362
6.75264
-6.74955
6.76062
6.75746
-6.75701
0.0193548
-6.73261
6.74541
-6.73554
6.73961
-6.7384
6.76401
6.75068
-6.76273
-0.00293711
-1.40637
2.05186
6.75475
-6.76122
6.74684
-6.74691
0.0112966
6.75189
-6.74571
0.0192795
6.73908
-6.75347
-0.0236475
6.74232
-6.74473
0.00391614
6.74383
-6.74586
0.658635
-1.55415
-6.58733
6.78894
1.64406
-3.84579
-6.0814
5.91353
-3.21244
-4.10954
0.517522
-0.574592
6.43784
-6.43867
-0.0354712
-2.00145
-6.14752
-6.22637
-7.00523
6.76514
-6.76378
0.0157399
6.77192
-6.76695
0.0177733
-6.74398
6.73901
-0.0142337
-3.89061
-3.26396
-7.10306
-6.44078
6.60428
-6.53687
0.111158
-6.74827
6.75384
-0.00444332
-6.74887
6.74601
-0.00986567
-6.72199
6.72989
2.94183
-3.88477
-6.74066
6.75045
-6.73374
6.74624
0.0201079
-6.67605
6.76815
0.110029
6.80167
-6.69894
0.214334
-6.73547
6.74353
6.7378
-6.74428
-6.72394
6.73735
-6.73615
6.73532
-6.67626
6.3625
-6.78246
6.67416
-0.201155
0.772996
-0.928076
-6.37793
5.40113
-1.89468
6.58176
-6.36012
0.500363
3.67681
-8.4009
3.87134
-4.16827
-3.27012
1.55715
6.74993
-6.74684
0.00421739
-5.70198
5.8886
-6.75158
6.75068
-0.00557297
-4.92463
6.11273
0.245129
6.75196
-6.75354
0.00240994
-5.41776
6.53635
2.84079
0.834365
1.80198
-1.4093
3.8207
-3.16574
2.09925
-1.74835
-3.06316
3.57872
0.757548
-2.77802
3.30477
0.800701
-6.48762
6.40011
0.280532
6.53898
-6.53522
0.0317057
6.70866
-5.32302
1.78403
2.0251
1.45888
-1.1518
0.463403
0.650883
4.93073
-3.95433
-1.62813
2.94226
1.93341
-1.34
0.432507
-1.45866
4.31324
-3.39545
1.14751
1.53528
-5.95281
4.92249
-1.80433
6.46623
-6.815
-0.538997
-0.414885
-6.66385
5.9124
-0.750318
-2.59467
0.961923
-1.59842
2.02187
-1.62703
0.249933
-0.582027
5.55791
-4.4641
1.60359
1.64862
2.06217
-1.61221
2.3889
-1.90655
6.49726
-6.6768
-0.355917
1.87488
-2.5513
-1.88182
-1.376
-6.74835
6.75761
0.00233462
-1.36161
1.39747
-0.669946
3.58621
3.68758
-0.961219
0.428818
-0.0138571
4.47736
3.12448
-1.11828
6.75678
-0.00203338
6.77463
3.21531
4.25105
6.80151
7.09184
0.00926319
-6.49877
6.52467
0.0192795
0.0036149
-0.303878
0.000677794
-6.80453
6.80551
6.74624
-6.74917
-1.04255
1.54955
0.512626
-0.0183758
0.666797
-6.7668
6.76913
-0.000677794
-6.725
6.77124
-1.99857
-0.484316
6.69103
-6.75791
0.0135559
0.0860046
0.00557297
6.47587
0.0677794
6.48883
-6.73313
0.0111459
-6.73328
6.73532
-6.74646
6.77719
-6.7625
0.00240994
0.0171708
-0.00700387
-6.74322
0.00775698
-6.75301
6.74804
-6.75746
-0.0152127
0.002184
6.73547
-6.74255
6.73705
-6.74458
-6.75874
6.71747
-0.0845737
-0.589899
0.0447344
-1.69903
4.04636
-1.59934
3.0283
0.0277896
-3.51059
1.39855
6.50389
-0.615287
6.20799
-0.986154
-1.60189
2.83081
0.922313
-6.61279
6.65519
0.0782476
0.118313
1.31003
-0.930821
0.569961
0.721945
0.704097
1.962
0.552587
0.79849
-0.0141584
0.238816
-1.28186
-1.20944
-0.800869
0.77669
6.55969
-6.79444
-0.198217
-4.71444
-3.02093
-7.30911
-7.13047
-1.06091
-0.018677
0.013104
-0.00881133
-1.7879
0.0390108
0.038559
0.0079076
0.0722981
-0.00489518
-0.0463913
-0.0165683
-0.0139324
-0.00926319
-0.00519642
-1.81518
0.858726
6.81748
-6.82238
-6.78721
6.82622
-6.81432
6.82223
-6.78404
6.79534
-6.81424
6.81131
6.7909
-6.80483
-6.82102
6.85958
6.80347
-6.7979
7.46869
2.31726
-1.54057
-6.79331
6.80905
-6.49598
6.51526
-7.49738
1.27101
-8.03638
-6.79745
6.8168
6.7796
-6.79617
6.81319
-6.80392
0.019882
-6.51149
6.20762
-6.77169
6.78886
0.031781
6.31455
-7.41544
-1.79877
2.3114
0.51849
6.86756
-6.88594
0.0465419
6.80061
-6.80129
0.0165683
-6.78472
6.804
6.7851
-6.80874
-0.0291452
6.80061
-6.79669
0.0134053
-2.81532
0.663845
-6.55804
6.98685
-8.3103
3.86688
6.7805
-6.78977
-6.42323
6.37684
2.92702
-6.60732
-6.78239
6.77538
-0.00278649
6.87472
-7.02232
-0.0112213
6.79391
-6.79323
-0.00278649
6.81643
-6.79865
0.0125015
-6.80272
6.78849
-0.0273377
6.60802
-6.95935
6.80242
-6.80686
-0.653513
1.07911
-6.8037
6.79383
-0.0152127
3.4927
-3.40961
-2.18571
-1.63396
6.79941
-6.797
-0.00188276
6.80069
-6.79707
0.00323835
6.7857
-6.79956
-0.023045
0.604016
-1.07955
-6.79835
6.80054
-0.00745574
6.47181
-6.40403
0.0485753
6.91516
-6.80513
6.97044
-6.7561
0.4124
6.78992
-6.80513
6.786
-6.7912
-6.78118
6.79428
-0.000677794
6.74978
-6.83435
-6.80182
6.82961
-6.79978
6.78111
-0.0500062
1.39938
-0.811664
-6.79052
6.79828
-0.000602484
-6.80212
6.84685
0.0153633
4.04711
3.2693
7.17159
6.95688
6.8159
-6.81349
0.0188276
3.79136
-2.99065
-6.70941
6.98994
0.205748
6.49252
-6.46081
-0.00346428
-6.77854
6.78969
0.0103175
6.81409
-6.81612
0.0122756
2.03639
-1.37993
6.69405
-7.04996
-0.328278
6.8031
-6.81725
-0.0112213
-6.80792
6.80234
-0.0140831
6.79918
-6.79496
0.0144596
-6.80603
6.80837
-0.00369021
0.672334
-1.55006
-5.81233
4.27661
6.70406
-6.90503
-0.130287
-0.285592
-1.501
2.05369
0.810446
-6.78894
6.80905
0.0134806
6.22283
-6.2583
-0.288665
6.58884
-6.47768
0.184812
0.38144
-0.0140077
-4.81189
6.59592
1.6743
-3.21487
0.0609262
-2.42227
1.03303
2.75832
-0.654352
0.0107694
-0.0064767
-5.16976
0.0198067
-3.85885
1.80081
-0.00594953
-2.60202
-0.0400509
-1.16605
-6.69985
6.77809
-0.842347
0.00610015
0.0111459
-5.33047
-1.89515
-6.9701
6.86206
-6.78977
-0.00655201
3.57815
3.22336
-0.850025
1.53483
2.10922
-3.64405
0.041722
0.545817
-0.0839712
-4.13289
5.73647
0.743176
1.31007
1.10565
-6.80588
6.81944
0.0346428
-0.00421739
0.545495
-1.65487
0.656559
0.217897
-0.592128
-6.50155
6.58756
-0.00632608
0.105962
-6.78216
-0.0229697
-6.79097
0.0364503
-0.00497049
-1.26654
1.74632
-0.888996
0.00308773
1.33526
1.12606
6.60751
-6.10715
3.0367
-4.02373
-0.0086607
-0.586443
5.77654
-6.39183
-3.82284
-3.28022
1.3012
6.62205
-6.50374
0.14437
2.88206
4.07482
6.46021
-3.94853
0.957874
-3.19098
-5.46212
4.7118
1.1454
-2.59731
0.0137065
6.96057
-4.93547
2.14868
2.53322
6.24557
-4.59695
2.11268
1.99897
0.879702
-1.99761
0.725725
5.64173
-6.05662
-2.39465
0.933323
6.86161
-7.05983
0.161767
-1.60772
1.58014
-3.00871
-2.16522
-2.23287
-3.42821
4.96349
2.30827
-2.8258
-3.66182
-3.46865
-6.25913
-7.29148
0.00316304
-2.04742
0.00594953
-1.69684
0.329257
-2.64546
-3.82344
0.632457
-2.67593
4.45296
2.71863
6.98618
6.79346
-0.898453
2.57276
-6.83322
6.89415
4.33766
-3.30462
6.76624
-7.41386
-6.8778
6.87185
0.274356
-7.37569
7.0474
-6.85724
6.87607
-0.491681
-2.31244
0.61744
-1.56885
6.57745
-7.41981
-0.798337
6.84459
-6.86756
6.92329
-6.87675
0.0900713
-6.85122
6.86779
-6.85521
6.85461
-0.0106188
-2.29122
0.328729
-6.85868
6.85212
-0.00406677
6.83465
-6.84113
-0.917082
0.514093
4.50183
-2.96701
3.60338
1.37065
-6.84745
6.86086
6.91561
-6.87389
0.885726
-6.51594
6.84519
1.9632
6.82825
-6.87826
-4.15737
2.34608
-6.85077
6.88541
-1.06209
1.43276
3.28784
-5.83605
-6.84738
6.86726
-7.00651
6.99529
0.0408935
0.118539
6.84888
-6.85167
0.0014309
6.86041
-6.84791
0.0130287
6.86184
-6.87585
6.83638
-6.86372
6.85446
-6.84369
0.00278649
-6.85295
6.87276
2.36267
-4.55002
0.263067
-0.975862
-0.536184
-0.560814
6.87118
-6.86003
-6.86252
6.85506
-0.0103928
6.85898
-6.85574
0.00602484
6.83608
-6.85913
6.84218
-6.84286
-6.87125
6.86493
-0.0161918
-6.31177
6.36035
-1.22291
1.64558
-1.99543
0.727816
-1.37713
-6.35477
7.23447
-2.0029
1.11677
-6.84271
6.8458
-0.000527173
6.58326
-6.56956
0.0673227
-1.2426
2.72284
7.28252
-6.87012
0.92775
-6.86244
6.84723
-0.0260574
6.87411
-6.86816
0.0168695
-6.85386
6.84519
-0.0256056
-8.44999
6.8705
-6.86734
0.00233462
-6.86365
6.87901
-0.00180745
6.98136
-6.87539
0.111234
-6.86312
7.06887
0.0524914
-6.84248
6.8397
-0.00783229
5.26774
-4.43338
-6.84941
6.84444
-0.0036149
-7.19985
4.40434
-3.77228
-7.0517
6.46525
-1.27516
-0.594576
6.30123
-6.30469
-0.268332
6.87931
-6.86703
0.0285427
6.85996
-6.86184
0.00873601
6.84527
-6.87442
-0.0325341
6.88255
-6.87645
0.015514
-2.07048
2.80942
-1.12408
6.87389
-6.88511
-0.00256056
3.09125
-6.8757
6.86161
-0.0284674
6.86734
-6.85288
0.0236475
-6.87524
6.87155
-0.0136312
-6.83104
6.86282
0.0401405
-6.86673
6.88021
-0.00180745
-5.6528
5.36414
1.19238
-2.05568
6.44484
-6.26003
0.133074
1.5266
-2.02204
0.0462406
2.28756
6.53401
-4.53505
-0.038333
2.65846
7.05873
-0.292215
-4.21972
6.33241
2.31429
-1.27564
-6.39785
6.67221
0.00233462
-2.4995
0.930718
-1.68903
-0.0231203
-0.0132546
6.9495
-8.79285
6.77315
-1.64197
0.0203338
5.88182
0.00512111
-0.024024
-6.78005
7.71337
0.288816
-6.80151
-0.0767414
-6.93181
0.0201832
-2.77321
0.01092
-0.459079
-0.0042927
3.25151
-2.64827
6.84994
-6.85416
-4.90484
2.56797
-2.38937
-0.548354
1.6021
-3.64857
0.343943
-2.69069
6.28323
0.0771179
6.19926
1.56262
0.685843
-0.903659
-4.37846
-6.85627
6.89272
-1.502
-2.55646
-4.64241
0.0325341
0.579855
6.40147
-6.2571
0.141433
-3.13126
-5.31873
-0.105435
0.00459394
6.85258
-6.84226
-7.53105e-05
-4.87321
-3.02209
-7.16156
0.039002
4.75774
1.16922
-5.11373
-5.17074
-2.12074
7.04371
-6.88195
0.645863
6.68576
-4.53708
2.15072
2.4491
-1.99347
6.75121
4.46674
5.47605
-1.42739
1.62728
0.172099
0.0114472
-8.302
-0.00918788
0.0136312
-4.77536
2.08467
-4.1429
0.0173214
0.0205598
1.74333
-2.28571
6.87253
-6.91087
8.03766
-5.72337
-1.85535
-7.17446
6.88224
3.10588
3.22653
1.40224
-7.37425
6.89083
-6.89136
0.415111
5.41415
-6.8891
6.89144
6.89648
-6.89505
-7.08544
6.90168
-6.85544
7.59325
-8.39134
-2.14997
0.772781
-1.2192
-3.2559
6.48242
4.78176
-0.158679
6.89317
-6.8833
6.90364
5.96655
-5.83347
-6.9742
6.88955
-6.90439
6.92171
-6.88744
6.89889
6.9007
-6.88014
-6.87607
0.557465
-3.02906
6.87999
-6.90401
7.13389
6.90589
-6.89497
6.8955
-6.89302
6.89904
-6.89927
-6.89467
-6.88805
6.90168
-6.90424
3.5588
6.91267
-7.0198
7.08708
-6.90642
-3.87224
4.21618
-2.15798
0.882688
-1.38522
-6.90853
6.88247
5.93533
-6.20368
-1.08427
2.70879
-1.17562
5.68812
-5.79356
-0.51558
6.8885
-6.89633
-6.89934
2.10111
-5.81219
-1.27913
2.11363
1.37147
7.37222
-7.96679
0.490271
-6.89656
6.91501
-1.29009
2.90833
-2.51041
1.60784
-4.84186
2.00173
6.88654
-6.89987
6.89068
6.91019
-6.93218
-6.8421
-4.1105
0.208899
-4.95467
-3.43619
-7.01048
-7.80803
-2.49074
-7.00078
-1.13855
2.5408
6.40689
-5.99178
-2.77272
1.50163
-1.02673
-1.78757
1.75624
-1.38932
-3.19273
-4.08746
5.82823
-3.35472
2.78931
-5.70093
-1.05952
5.63255
-2.07375
3.84498
4.40868
-6.20016
0.476791
-4.04944
-5.81822
-1.62748
3.89815
0.318036
-5.8276
5.90472
0.138947
0.111156
-5.841
5.98244
0.565883
0.148964
-2.40523
2.57416
-0.20129
4.45356
2.3399
6.90266
6.80664
-0.676406
5.2688
6.64381
-5.99795
0.652038
-4.62286
1.30162
-3.48444
2.71539
-3.85394
1.32162
4.31589
2.26277
0.452626
-2.13821
6.91998
-0.250558
-2.20436
-3.59502
-5.06523
1.86249
-3.30119
6.42111
-2.37973
0.752276
-2.55567
1.2689
0.561746
-1.94692
-1.81797
-0.62529
0.0401152
2.62047
-0.826613
-4.7252
5.04324
4.95746
-5.47308
-1.31306
2.7094
1.32442
2.30511
1.56932
-2.24559
-6.21597
2.86592
-5.9769
-3.75739
3.7609
-1.41994
6.36837
-1.4115
-8.13617
-4.31635
2.00046
2.31589
-4.03797
2.85321
1.54417
5.37581
5.95284
6.02785
7.16911
-4.5669
4.78877
-4.6398
0.701894
-2.51647
1.68298
-0.99088
5.27904
-2.65268
1.62633
-1.08321
5.31902
-5.20788
-0.154111
1.63749
-0.880229
4.29172
0.751523
-5.76004
5.89898
-5.6952
6.26109
-7.6459
-1.32878
-3.74965
-4.47843
4.99361
-2.80417
0.558618
-2.05188
0.393222
0.332646
8.02294
4.42627
-4.71712
0.978461
-3.51765
-0.971281
-4.16573
-4.28358
3.31229
0.69108
-0.180473
2.27262
-2.45309
0.220732
5.07261
3.02974
-1.80634
1.68191
5.40526
6.15678
3.19987
2.95692
1.62128
2.52458
-1.96595
-2.80657
1.8149
-1.17979
-4.23579
4.92663
1.44135
-4.21005
0.601644
-1.34203
4.5419
-5.58689
3.65158
-0.080588
-2.48001
4.5782
-3.68552
0.294614
-4.65064
-0.971882
-2.79026
0.824309
-3.5487
4.34118
2.4857
-2.61909
0.0495896
-0.811897
-2.56953
-5.36341
1.12732
-2.05118
-3.10262
4.22821
2.05528
-4.10653
1.87056
2.67134
4.80802
0.117689
3.00472
-1.56339
1.82492
-3.34866
3.38161
-4.03786
0.934087
-1.98279
-2.41685
3.39793
0.253643
-2.9018
1.33841
-2.07751
4.02381
0.198161
1.32043
4.13718
3.19098
0.510071
-4.63521
-2.96595
-1.14059
3.23051
-1.40583
2.05038
-3.38877
7.45574
2.65055
4.80518
3.58199
3.87374
4.00787
3.44786
3.27917
4.17657
7.45574
-6.51743
6.51743
-5.49931
5.49931
4.07815
-4.07815
3.08697
-3.08697
2.44388
-2.44388
-2.04412
2.04412
-1.64693
1.64694
1.31058
-1.3107
-0.304705
-0.239865
0.0699735
0.0159996
-0.279898
-2.81538
1.62904
-3.00757
2.20173
-2.82184
2.84634
-2.97217
3.26009
-1.89867
2.0449
-1.39841
1.71334
-1.18062
1.33593
-0.756945
0.856055
-0.483769
0.620221
-0.393505
0.752215
-0.398904
0.61018
0.0791533
-0.163675
0.169117
0.0832044
0.00687503
0.153273
1.73811
-1.02221
-2.66717
2.94774
4.82814
-4.37743
5.43432
-6.47353
10.1693
-5.96424
3.49973
-6.6608
14.2713
-12.1871
6.25266
-6.05693
6.69021
-6.44206
6.72285
-6.72285
6.72193
-6.72193
6.71441
-6.71441
6.70819
-6.70819
6.71802
-6.71802
6.71374
-6.71374
6.70251
-6.70251
6.69152
-6.69152
6.68652
-6.68652
6.64841
-6.64841
6.54184
-6.54184
6.46293
-6.46293
6.82669
-6.82669
-7.45574
-3.01686
-4.43888
-3.52077
-3.93497
-3.39394
-4.06179
-3.54411
-3.91163
-7.45574
6.36502
-6.36501
6.42135
-6.42135
-6.556
6.556
-6.70504
6.70504
-6.7253
6.7253
-6.7262
6.7262
-6.72711
6.72711
-6.72131
6.72131
-6.70896
6.70896
-6.70903
6.70903
-6.7082
6.7082
-6.70617
6.70617
-6.70226
6.70226
-6.70527
6.70527
-6.72726
6.72726
-6.74963
6.74963
-6.66445
6.66445
-6.52151
6.52151
-6.47226
6.47226
-6.49078
6.49078
-6.45983
6.45983
-6.39958
6.39958
-6.32525
6.32525
-6.75836
6.75836
10.1063
0.938308
-0.0628891
-10.4726
-1.09072
-3.21922
8.02441
4.23652
7.81851
3.51918
3.93655
3.29898
4.15676
7.30685
7.43593
2.57743
4.87831
6.38587
0.13156
6.38587
0.0191264
0.886555
-4.81425
4.81425
-3.46229
3.46229
-2.7279
2.7279
2.22744
-2.22744
1.84453
-1.84453
-1.45772
1.45801
1.20566
-1.18782
0.197603
-3.04366
-1.35423
-0.680927
-0.314772
1.22256
0.423484
0.437836
0.547844
0.38527
0.281971
0.363953
0.338155
-0.189372
0.394695
-0.207607
-1.69365
2.08219
4.16536
-3.44338
-4.86496
5.81698
-2.59607
4.25069
-11.1572
4.5978
-2.92314
3.68157
-10.0032
6.05777
-6.40775
6.364
-6.71282
6.71311
-6.71937
6.71937
-6.71327
6.71327
-6.71463
6.71463
-6.71405
6.71405
-6.71438
6.71438
-6.7068
6.7068
-6.69494
6.69494
-6.69268
6.69268
-6.67108
6.67108
-6.61151
6.61151
-6.46981
6.46981
-6.59875
6.59875
0.183321
-6.43801
6.43801
-3.88459
-3.57115
-4.06225
-3.39349
-4.0502
-3.40554
7.39293
-3.06958
-4.38616
-6.66001
0.294991
-6.66001
-0.238659
6.42594
-6.42594
6.65888
-6.65888
6.72455
-6.72455
6.72809
-6.72809
6.72741
-6.72741
6.71988
-6.71988
6.71295
-6.71295
6.70391
-6.70391
6.70489
-6.70489
6.70354
-6.70354
6.70241
-6.70241
6.69819
-6.69819
6.70918
-6.70918
6.73765
-6.73765
6.72372
-6.72372
6.58342
-6.58342
6.48627
-6.48627
6.47964
-6.47964
6.4877
-6.4877
6.43724
-6.43724
6.3303
-6.3303
6.50344
-6.50344
6.33346
-6.33346
0.965122
-6.61369
6.75399
0.685062
0.615866
0.359073
0.216435
0.199588
0.189082
0.1207
-0.286233
-0.0955058
-1.11545
-0.804329
-0.70269
-0.165181
-0.067908
-0.01013
0.00347181
0.0086607
-0.0002184
-0.00585915
0.0036375
0.00693609
0.00757623
-0.00115978
0.0154386
0.0369021
0.0720345
-0.135822
0.388685
-7.58301
-7.44414
0.00459394
0.102874
0.0195054
0.00278649
0.00120497
-0.00722981
-0.00835946
-0.0050458
-0.00414208
-0.00466925
-0.00376552
-0.00406677
0.00391614
0.0103928
-0.0259068
-0.0810341
-0.0352453
0.00738043
-0.00308773
-0.0225931
-0.0692856
0.178185
-0.424902
-0.00396886
0.000640139
0.0042927
0.0034191
0.0061604
0.0226685
0.0696622
0.00688338
-0.227942
-7.81956
-7.45528
-7.31717
0.000753105
-0.00188276
-0.000301242
0.0014309
-0.00399146
0.00512111
0.00331366
0.00263587
-0.000150621
0.00707918
0.0180745
0.0119744
-0.0592693
-0.0619052
-0.0140077
0.0111459
-0.0278649
-0.0376552
-0.0050458
0.254926
7.38442
0.147285
0.284018
0.375317
0.7361
0.00643905
-0.00113719
-0.00256056
-0.00973011
-0.0380699
-0.149986
-0.115571
-0.58091
-0.191524
-0.376987
-0.181225
-0.334724
-0.539735
-0.398967
-8.01002
0.0461653
0.130061
4.78515
3.03336
-1.42595
1.57321
5.69171
-5.00665
-3.66934
4.2852
7.82145
-7.68989
2.15957
-2.10985
-6.70856
6.715
-3.00998
3.36905
-4.29282
5.02892
1.39889
1.35958
-2.37913
2.59557
3.83224
-3.45692
0.822262
2.18985
-1.99026
-4.09463
-3.48838
1.75908
-1.5701
0.333448
-0.814766
1.37483
-1.25548
-2.73351
3.01752
0.635545
0.638392
-0.145183
-4.51772
-2.09597
-1.76088
1.95848
0.428969
0.388402
-5.87189
6.75844
1.94956
1.7518
-1.59565
0.227595
-4.30399
-3.70603
-1.4871
1.03758
-2.27301
1.92127
0.808988
-1.1304
0.869325
-0.990193
-0.595233
-8.79809
7.79954
-1.70269
1.14166
-0.904787
-1.35223
-2.99688
4.50351
-2.88837
2.90306
-0.87957
-1.19617
-5.20041
6.30918
-2.80892
2.45581
-1.33578
-0.792298
-5.79158
5.46121
3.88112
-7.76245
-0.827276
-6.31567
6.22432
-7.35993
5.53486
-0.922109
-0.610325
-6.72848
6.71836
6.29327
-6.06412
-0.17423
-6.72655
6.73002
6.69679
-6.71951
-0.0312693
-6.71571
6.72437
6.72828
-6.73801
0.00173214
6.72189
-6.72211
0.01333
6.73273
-6.73529
0.0170202
6.72422
-6.72535
0.00210869
-6.72407
6.72771
-6.71871
6.72565
-6.70441
6.71199
6.70069
-6.70185
-6.68599
6.70143
6.69359
-6.65669
-6.49929
6.57133
6.31203
-6.44785
-4.25745
-3.56211
-8.56144
-7.65674
2.3266
-2.14328
0.336344
-4.03459
6.7546
-6.70843
-5.47688
-3.84663
-3.59751
-3.58335
-3.73382
-7.42998
-8.25154
6.25612
-6.25152
6.73923
-6.73848
4.00614
4.01827
8.79129
-6.41939
6.18073
-0.163273
-6.72907
6.74857
0.0101669
6.73404
-6.73592
-6.73072
6.73042
-6.72643
6.72786
-6.71212
6.70813
-6.71099
6.71611
-6.70949
6.7128
-6.70587
6.70851
-6.70467
6.70451
-6.70105
6.70813
-6.7134
6.73148
-6.7549
6.76687
-6.7607
6.70143
-6.55645
6.49455
-6.46804
6.45403
-6.49312
6.50426
-6.4767
6.44884
6.43355
-6.4712
-6.24971
6.24467
-6.52482
6.77975
3.52634
3.85808
6.72362
-6.72759
-0.000451863
3.77283
-1.11933
5.81662
-1.1524
0.414253
0.15344
-0.385379
2.08485
-1.81142
2.20769
-1.49038
-1.74506
2.84635
-2.08131
1.17881
-0.550194
0.961527
1.01782
-0.55967
-0.466912
0.729807
0.541492
0.525347
0.597267
-1.2243
-0.586576
-6.6228
6.72568
0.131793
-1.87327
-7.74062
7.79109
-7.57284
3.48446
3.95147
6.59117
0.102422
6.66083
0.597035
-1.41996
-0.984826
3.04781
4.25903
6.57415
7.7435
-0.379212
-7.35194
6.70024
0.000451863
6.7064
-0.00527173
0.82828
0.452285
0.255225
-0.0196561
-0.981394
7.36619
-6.52089
-0.831051
3.84392
-7.3323
-3.61136
0.317423
-0.986028
0.0401405
0.161541
-0.000979036
-0.386914
-0.319673
0.841369
-0.0819149
6.71931
-6.72516
6.72037
-6.71973
6.70968
-6.70539
6.69884
-6.69542
0.0204091
-6.67914
6.7018
-6.39932
6.4062
-6.74883
-6.5667
0.315174
-6.43664
-7.27785
4.72686
2.66607
-7.20887
7.76022
-1.09712
-6.72854
6.73133
-6.73358
6.73479
6.72304
-6.73027
6.72184
-6.7302
6.70534
-6.71039
6.70866
-6.7128
6.70933
-6.714
6.7125
-6.71626
6.70022
-6.70429
6.70429
-6.70037
6.73411
-6.72372
6.7549
-6.7808
6.57784
-6.65888
6.46292
-6.49816
6.45569
-6.44831
6.55668
-6.55977
-6.46013
6.43754
6.37322
-6.44251
6.32969
-6.15151
6.52415
-0.00828415
0.65951
0.802904
0.751084
-0.428888
1.85271
-0.104512
4.88072
8.83219
-0.142342
0.964763
0.413872
0.537304
-0.0265846
0.0799797
-0.0979789
-0.0391614
0.063562
-0.0123509
-0.0935356
-0.182854
-3.61771e-13
0.0207104
0.00323835
-0.00444332
0.00662732
-0.000150621
-0.00233462
-0.00677794
-0.00459394
-0.00768167
-0.436801
0.172009
-0.197841
-0.110932
0.0222919
0.0559557
-0.0441319
0.62824
-0.164327
-0.0793772
0.0431529
0.0311032
0.00384083
-0.0117484
-0.00549766
-8.55307e-15
0.0057236
-0.0416467
-0.00301242
0.00527173
0.00165683
-0.0101669
0.00798291
0.0202585
0.0165683
0.045111
0.289042
-0.022066
-0.00240994
-0.00316304
0.00549766
-0.00715449
-0.00112966
-6.6759
6.77832
6.43219
-6.37624
6.76514
-6.72003
0.0892429
-6.71867
6.73524
-3.0229
3.84516
-1.50141
0.792689
5.71426
2.04596
-6.76491
6.76665
-6.77756
6.74631
-2.161
2.49734
6.15121
-6.98226
-2.41024
-2.00664
1.55538
-3.12132
-4.21099
1.81871
-1.4848
-6.75204
6.76002
6.73509
-6.75716
-2.19465
2.64693
-6.60026
5.40739
1.44383
-0.983348
-6.01825
6.49208
4.26665
-3.43837
1.24375
-1.23225
0.849387
-0.695458
-1.22588
4.64481
-5.15941
-6.73494
6.74827
-6.74511
6.76213
6.75113
-6.74902
0.0161918
-6.73178
6.75204
6.75994
-6.75829
0.0281661
6.74398
-6.73871
0.0253043
-6.72199
6.7424
6.76732
-6.7726
0.0222166
6.8775
-6.58846
-6.53846
6.34061
6.761
-6.76198
0.0119744
-6.42993
6.60194
6.73532
-6.73486
0.01333
6.524
2.2673
7.36536
7.98155
6.75603
-6.59449
0.326094
-1.15449
-1.32386
1.10178
-1.30639
1.62393
0.512207
0.468453
6.76574
-6.76687
6.76386
-6.77101
6.75542
-6.76371
-1.56447
0.584791
5.73158
-5.89485
5.43553
-6.53266
-2.81601
-0.801078
-6.76808
6.77824
-0.00421739
-6.75392
6.75942
0.0118237
5.93868
-6.37548
-1.04358
6.76582
-6.7735
-6.76152
6.75693
-0.026434
-6.24527
6.20362
0.35667
-0.171858
-6.73193
6.73765
6.7369
-6.7369
6.73622
-6.74172
6.73848
-6.75023
-6.72093
6.72477
-6.72553
6.75663
-6.74925
6.7924
-6.90311
6.82373
-5.75523
6.38347
1.61014
6.40772
-6.50125
-6.4099
6.39755
0.0222919
6.74541
-6.72312
0.0253796
6.00066
-5.92068
-0.537792
0.462783
6.37503
-6.41419
-6.44658
6.33564
-0.0715449
-6.56451
6.46653
-0.223898
-6.60352
6.4392
-0.195807
-6.23578
6.55096
0.641721
-6.77696
6.8171
0.00128028
-1.41424
1.21205
1.14061
-1.74769
-0.392058
2.57598
-1.56965
-6.7604
6.89219
0.0567088
5.73971
3.09247
7.68927
5.94571
-6.63993
-0.305747
0.907625
-1.59624
-0.84727
-6.45102
6.42444
0.015514
1.43182
-0.886129
1.32219
-0.815885
6.75226
-6.75271
0.000225931
6.70984
-6.78833
-0.0676325
6.75301
-6.77267
-0.0118991
0.0192795
-1.57303
0.585062
-1.1032
-0.974032
5.11464
2.62886
8.20711
6.3602
0.213957
8.98906
0.656105
0.665334
-0.818844
-4.40016
5.79906
-5.15327
6.90507
2.536
2.5049
0.0102422
-5.64652
-0.591579
2.96778
-2.32939
0.773137
-2.69163
3.32718
1.15353
0.997788
0.183833
-0.0263587
0.485933
2.4445
-0.810201
1.50316
-6.61832
-0.137958
-3.86072
5.2203
1.93834
1.78192
2.10353
-1.71508
0.618643
0.000150621
0.798731
0.525565
1.37302
-1.39677
-2.49548
2.28408
1.37434
-3.47329
-1.95828
3.729
-4.81552
-1.79961
-5.71233
4.64508
-2.1292
-1.2997
1.45826
0.00173214
-0.610446
6.17383
-6.27551
-0.882242
0.01333
6.7381
8.78406
3.69368
-6.815
-3.51519
6.74925
-6.75942
1.9274
0.569942
2.35637
-0.00594953
0.303727
-6.73991
0.00798291
-6.74225
-0.162859
6.73336
-6.73637
-0.00150621
0.00271118
-0.00112966
-0.0115978
-3.183
-4.24698
-6.69819
-7.06299
-0.0144596
-0.0111459
-1.5091
-6.47542
0.0991839
-6.41186
6.75731
-6.76047
-6.75927
6.75686
-6.73765
6.73087
-0.00534704
6.74789
-6.74804
-6.74134
6.74797
-6.73667
6.73223
6.72899
-6.72575
6.75994
-6.73923
6.82094
-6.82094
0.408616
6.64472
-6.82757
-6.43852
-0.0627336
-6.48265
-0.0851008
-0.00956443
-0.0762142
-0.606719
0.516462
-0.25839
0.0716956
-4.82725
-2.82949
-7.23749
-7.04047
0.0344169
0.00805822
-0.0028618
0.0109953
0.00278649
0.0531692
0.0308773
-0.0118991
5.50403e-14
-0.00233462
0.00534704
-0.0166436
-0.0262834
-0.0118237
0.00625077
-0.0179992
-0.388376
6.40222
-6.79059
6.77041
-6.78841
6.79828
-6.80987
-6.77998
6.79331
-6.79798
6.80995
6.01988
-6.21456
-6.72809
6.91192
-6.79948
6.8217
-6.7921
6.82027
6.81966
-6.82561
0.0201832
6.80423
-6.82087
1.37336
-3.81417
6.79963
-6.76522
6.81025
-6.8101
0.0122756
-7.23041
6.97202
-0.82819
-3.08216
4.32591
-4.77216
1.41999
6.13569
-6.03651
6.78495
-6.79677
-2.14338
-6.69394
5.30627
6.19865
-6.27487
5.76607
-6.54728
-1.555
6.80091
-6.81206
0.821542
-1.58912
-6.77064
6.79594
-2.42748
2.91342
-1.06903
1.68348
6.80656
-6.81612
-6.80837
6.81108
6.77614
-6.77764
-0.00384083
-6.87875
6.74101
7.21376
-6.91004
-6.81944
6.81522
-0.0211622
-2.78641
-4.02858
6.41532
-5.75922
0.982854
-1.61601
6.31418
-6.30394
6.7985
-6.81296
-0.00986567
6.78909
-6.81552
-6.81138
6.8232
-0.00481987
6.8583
-6.76906
0.130212
1.95353
-1.01792
0.98979
-6.83428
6.80792
5.24605
-6.28963
-1.99143
-6.81899
6.82433
-0.0147609
-6.93617
6.93896
0.0358472
6.78811
-6.79346
-1.42078
1.21001
-6.79346
6.80445
-0.00851008
-6.78193
6.78193
-6.7976
6.79474
-0.0271871
-6.77041
6.77847
-6.75987
6.79075
0.0397639
1.49695
-0.871725
6.49831
-6.56105
6.82192
-6.79654
0.052868
-6.40101
6.32947
-0.086833
6.61535
-6.83925
-6.38791
6.1921
0.110404
-6.46879
7.11051
0.744971
3.74316
5.04091
-6.83646
6.83774
-0.0212376
-6.6243
4.58977
1.47859
-0.810154
6.81206
-6.81033
0.0199573
-6.78065
6.78864
0.00745574
-1.21481
2.56631
-6.93556
6.66635
-0.435585
-0.210968
-2.32327
1.61187
-6.44138
6.45689
0.173967
-1.65537
0.83393
6.78856
-6.78969
0.01092
6.77901
-6.84668
-0.0553531
6.81515
-6.82704
-0.0104682
6.81018
-6.80995
-0.000150621
-6.87878
6.93549
-0.0410442
-1.63075
1.2073
-0.665259
-0.292895
-6.1677
6.18999
-0.0320069
-6.8104
6.8821
0.128555
-2.02075
1.34708
-3.04573
0.725636
-1.69754
-0.929888
4.12219
4.86686
4.4507
-5.25178
-2.61229
1.16355
-1.08636
-4.48271
6.98761
2.06728
-1.44866
-0.013809
-5.00626
7.54227
3.20085
3.05956
-0.970243
0.779535
0.00670263
0.763342
0.00112966
-6.77945
6.79873
-2.64251
-6.34084
-0.220208
-6.42594
0.0115978
5.14981
-3.36788
2.06765
-6.78818
6.80438
6.66385
-6.30718
2.85773
1.46818
-4.06722
6.00556
2.92039
2.63767
4.01126
6.79519
-6.78186
4.21096
-5.46058
-2.2826
0.162143
0.152956
0.641284
-6.61331
6.93941
-0.0191289
-2.01698
-0.0120497
0.298606
-6.81236
6.81002
-1.01075
0.0245512
1.3513
1.53166
4.36689
-2.24117
4.14038
0.0217647
0.0546001
-0.0232709
-0.105658
5.52734
2.45422
-0.00768167
-1.24044
1.75216
0.827078
0.649348
-3.46375
-3.23443
-6.25017
-5.84673
0.0384083
-0.780255
7.86535
0.01333
-0.0108447
6.77772
-6.804
-5.89576
5.7239
0.768092
-0.565732
0.0109953
-0.235948
0.0138571
-6.79677
6.80302
-6.7805
-0.0079076
-6.7924
-0.00203338
0.0203338
0.00820884
6.83608
-6.78291
-0.598493
0.002184
0.0254549
0.00625077
-6.2287
-0.610542
-6.7665
0.0708672
1.11259
2.79138
-2.01825
0.3639
0.00625077
2.03703
0.876388
2.60697
7.13747
-4.61111
-2.42937
-6.60254
-6.45795
-0.0378059
0.632231
7.49512
-0.022066
-0.0139324
0.0991839
8.06771
-6.83804
6.87645
-6.83345
6.84437
6.90183
-6.80264
6.82682
-6.86462
-6.80905
6.87991
0.0927825
-1.54382
1.48917
-6.84384
6.8656
6.88134
-6.86139
0.0433035
-2.2979
0.562564
-2.98319
-2.43533
-2.45241
3.4502
1.55885
1.43195
1.01485
-1.79644
7.08415
-7.0587
6.75071
-6.64036
-3.63424
0.858471
-6.85069
6.90356
-6.83932
6.85318
-6.81161
6.85137
0.0683066
-6.87065
6.87178
7.56075
-8.38899
6.83081
-6.858
6.84625
-6.85476
-2.66366
4.13183
6.83405
-6.84798
-5.33868
6.68998
-1.77899
0.51308
2.8296
-5.56182
-2.45303
-1.28405
-2.61615
0.290257
-0.874747
-3.42381
6.87313
-6.87795
6.85506
-6.86493
-0.0155893
4.11301
3.38212
-6.89317
6.87404
5.62577
-5.65777
-6.92535
6.81929
6.28059
-6.12764
2.26308
4.8744
-7.07731
5.59312
6.84655
-6.8403
0.013104
6.85197
-6.87313
6.86899
-6.85672
0.0251537
5.95171
-5.78957
2.06572
-0.804032
-1.83128
0.794062
-1.2896
-2.13622
-6.86741
6.88759
6.37609
-6.88127
6.86003
-0.0292958
-6.80039
7.09899
6.96637
-6.83616
0.165984
6.85619
-6.83164
0.0158905
-7.06246
4.95041
-6.84904
6.86003
-0.00278649
6.87072
-6.88549
-7.10314
7.13898
0.4575
-6.82727
6.8476
0.0240994
-6.13494
5.89899
-0.509175
-6.84587
6.83796
-0.0118237
-0.949471
1.81791
1.2875
0.89746
-6.8592
6.85717
-0.028392
-6.86914
6.87735
0.00158152
-6.83879
6.8455
5.2501
-5.84862
-3.13912
0.902026
2.58278
-0.943638
1.88518
6.84286
-6.8467
0.00353959
6.87901
-6.86741
0.0222919
-6.17749
6.09066
0.1031
5.33718
6.86726
-6.86508
0.0165683
-7.47577
8.22074
-0.391614
-6.86297
6.8763
0.0101669
6.86109
-6.87313
-0.00384083
-6.8586
6.86485
-0.0014309
-6.84617
6.85363
0.0138571
2.35477
-1.71348
0.906122
3.85206
4.0133
6.85273
-6.90808
-0.0404417
6.87743
-6.8879
0.0100163
6.87871
-6.87886
0.0173214
-6.92691
6.88586
-0.0668757
6.98023
-6.85167
0.177582
0.287303
-7.43818
6.54666
-6.87547
6.8522
-0.0486506
-1.42932
0.0448097
-1.6819
0.111083
4.94677
2.17757
-0.863491
1.09195
6.77787
-6.98871
-0.148657
4.09293
-6.58088
-2.71605
7.23417
0.293937
-0.172838
0.0148362
-6.55381
-0.0866405
-6.77403
0.00316304
-3.5926
2.88206
0.0201832
-2.33402
3.89287
-0.875048
-0.088791
-0.00707918
-0.000376552
4.64553
-2.57788
1.98187
-0.000602484
-1.15477
1.98203
-3.88888
6.80927
3.59314
4.47457
7.60643
7.53413
4.17913
-3.06043
-1.04611
1.79781
0.0100916
-0.0138571
-0.0200326
-2.67011
-0.0118991
-2.44451
-4.24337
-2.0068
6.15347
-0.0628089
-6.20807
0.4185
6.83503
-6.85709
-0.00233462
6.86139
-6.86907
-1.52803
1.73821
-0.724764
6.6884
0.410593
7.32063
0.0674029
4.56743
-5.13316
-2.03511
2.47342
-6.71679
-3.98453
-3.83473
0.893485
-0.029597
-5.99999
6.76808
1.32064
1.63492
-0.0117484
-6.55081
0.42317
-6.37684
7.13941
-0.58839
-6.88059
6.86975
-0.00346428
1.06799
3.3465
-2.9826
2.32219
-1.41606
1.16744
1.82522
6.70579
-1.99452
-4.68318
1.03369
-1.96247
-0.761478
-0.028392
7.22182
-7.83236
0.844983
-2.8856
3.64525
-0.0115978
-0.0157399
2.14966
1.19683
3.02605
-1.67801
1.77476
-4.21272
1.07443
6.84685
-6.93564
-6.88707
6.9019
-3.10038
5.73806
3.70889
3.16018
6.91425
-6.87095
-6.75362
5.87798
6.91516
6.8656
0.935672
6.88323
-6.89482
-0.925638
6.88217
-6.89791
-6.89452
6.89392
3.73096
3.87548
-6.89573
6.89889
-6.90266
-1.55064
6.88458
-6.88496
6.90055
5.69467
-3.35483
2.42845
-5.57436
3.22888
-3.33386
-3.31801
2.67405
-1.78057
1.25799
-4.72453
5.01846
6.10007
-5.6769
5.55302
-5.61583
7.37621
4.34858
0.881136
-4.13843
6.15716
-5.73866
1.43263
-0.18564
-6.90763
-6.94389
7.40158
6.89264
-6.89543
-6.84286
-6.89686
-8.46702
-6.87683
6.90198
4.29729
-2.49948
7.05268
-6.88669
-6.90522
6.89528
6.8946
-6.87984
7.29043
6.88616
-6.91546
6.95357
-6.88202
1.19066
-1.91561
6.89882
-6.87472
6.88277
5.239
-5.74824
-1.51479
-0.729838
6.89708
-6.90055
-6.90296
6.88293
2.34223
-7.75383
7.66881
-1.87476
6.89746
6.90718
-5.59835
5.70145
0.501718
6.91041
-0.860825
2.92635
6.89882
6.8888
6.81194
-0.282713
-7.28211
4.96299
-1.02681
-1.74955
0.822942
7.0968
-6.99152
-2.11253
4.45477
8.21946
-3.24058
6.81395
2.04185
-1.02702
1.12971
2.18476
1.93847
5.73639
-5.17929
8.22405
4.41944
-2.43757
1.91997
-3.49812
0.085628
-0.558986
-6.83089
1.15398
2.35121
-1.52897
0.669195
4.78478
-3.61418
1.4627
1.24548
0.934683
-2.24769
-2.33665
1.30996
-3.84959
1.52885
-2.79678
-2.50134
0.887875
-5.9859
-1.39976
-1.16926
-2.00823
1.24679
-0.698153
-0.668905
4.49423
-1.33405
2.05665
2.23815
-2.83567
6.54456
-5.22542
5.31104
-4.54054
6.7787
2.36153
-0.936556
0.94299
2.66268
-1.40469
1.49343
4.9716
-6.82752
2.12918
2.32559
-6.01964
0.39237
-3.5995
6.63812
-5.10763
5.60935
4.38473
6.37292
-5.21894
1.26529
1.55976
1.61914
-2.17826
2.16573
-2.09047
4.27522
2.1652
-1.29419
-2.68306
3.63577
-1.68492
3.8141
-0.479763
0.383933
2.50163
-1.35216
1.97576
5.21051
-7.97348
5.6647
-0.353658
4.71187
-2.79191
2.62141
0.72603
1.11505
5.47905
-3.06893
2.5903
2.47717
-1.81096
1.17686
2.41644
-0.923013
-6.3226
0.090051
5.2834
-3.928
3.52242
4.65824
-3.22563
3.97828
-3.55879
1.48949
2.32461
1.71827
-2.03445
1.36552
-0.31621
-0.81279
1.95483
5.03284
-6.54547
-1.7646
3.01008
1.75782
3.24731
0.424479
4.32269
-3.92961
-1.75089
1.60539
4.74794
-5.1016
-2.90581
0.389656
-2.1424
-4.31233
-3.18408
-6.04246
-0.200692
-2.43833
4.49498
2.77218
1.70307
-2.35208
2.4419
-3.3632
-0.12775
0.368574
-4.83527
4.10537
3.23759
-0.912987
-1.18641
2.28559
-2.6529
-0.520957
-2.87266
-3.89108
-5.65609
4.33193
-0.17706
-2.43831
-1.32208
2.92746
1.92523
2.00445
3.92639
-1.33608
4.06065
-4.23773
6.035
2.12661
-4.56398
-3.52685
-0.502732
1.30927
1.92832
-1.69746
-0.654773
3.2345
2.62835
-1.45581
1.43505
0.920004
3.66138
-3.79169
3.35117
-6.57683
-0.88663
-1.0978
0.629978
3.0134
-2.51035
-4.71685
3.38076
4.81143
-4.4275
-2.09544
-5.29264
4.19481
-0.544723
-0.290171
3.93957
0.822141
2.41235
-0.26539
-5.20486
0.777355
-2.56286
3.19212
2.82658
-2.37371
4.30203
3.36565
-0.953331
2.71076
-4.29291
3.74817
-0.828668
2.25939
-1.86138
-2.02495
0.14776
-4.6868
3.80033
1.73518
-1.34033
2.26914
0.489327
-4.28629
-0.49195
4.2901
4.50763
-4.7978
0.214711
0.639687
3.34868
3.78845
3.56339
3.71113
2.98671
-1.25215
2.15737
0.920452
2.38143
-2.87343
-3.64725
-0.63875
-1.56079
2.4804
0.614479
-0.429813
4.17796
4.15812
3.28129
2.02905
1.3045
)
;

boundaryField
{
    bullet
    {
        type            calculated;
        value           uniform 0;
    }
    topWall
    {
        type            calculated;
        value           nonuniform List<scalar> 
50
(
0
0
0
0
1.67223e-15
7.44682e-15
1.0311e-14
6.87399e-15
4.00983e-15
-8.36114e-15
-5.01669e-15
-1.67223e-15
1.67223e-15
1.67223e-15
5.15549e-15
3.437e-15
1.7185e-15
1.67223e-15
5.15549e-15
1.7185e-15
1.7185e-15
-1.67223e-15
-1.67223e-15
0
-1.67223e-15
-1.67223e-15
-1.67223e-15
-5.01669e-15
1.7185e-15
8.01966e-15
1.3748e-14
1.3748e-14
3.0933e-14
5.72833e-14
1.11702e-13
4.81179e-14
-3.04346e-13
-3.11871e-12
-1.41889e-11
-5.34545e-11
-1.81221e-10
-5.70436e-10
-1.69303e-09
-4.77274e-09
-1.2756e-08
-3.24408e-08
-7.79274e-08
-1.79022e-07
-2.63025e-07
-3.95103e-07
)
;
    }
    bottomWall
    {
        type            calculated;
        value           nonuniform List<scalar> 
50
(
-8.36114e-15
-1.00334e-14
-1.00334e-14
-8.36114e-15
1.14567e-15
1.89035e-14
3.0933e-14
4.98364e-14
8.93619e-14
1.52946e-13
2.26842e-13
-1.67223e-14
-8.84609e-13
-7.52837e-12
-3.27155e-11
-1.17974e-10
-3.83437e-10
-1.15152e-09
-3.22406e-09
-8.44512e-09
-2.10828e-08
-4.96471e-08
-1.10885e-07
-2.18543e-07
-4.4683e-07
5.72833e-15
5.72833e-16
1.67223e-15
1.67223e-15
1.67223e-15
0
0
1.67223e-15
0
-1.67223e-15
-1.67223e-15
0
1.7185e-15
-1.67223e-15
-1.67223e-15
-1.67223e-15
-1.67223e-15
-5.01669e-15
1.7185e-15
3.437e-15
1.67223e-15
-1.67223e-15
-1.67223e-15
3.437e-15
0
)
;
    }
    inlet
    {
        type            calculated;
        value           nonuniform List<scalar> 
30
(
-7.45574
-7.45574
-7.45574
-7.45574
-7.45574
-7.45574
-7.45574
-7.45574
-7.45574
-7.45574
-0.150621
-0.150621
-0.150621
-0.150621
-0.150621
-0.150621
-0.150621
-0.150621
-0.150621
-0.150621
-7.45574
-7.45574
-7.45574
-7.45574
-7.45574
-7.45574
-7.45574
-7.45574
-7.45574
-7.45574
)
;
    }
    outlet
    {
        type            calculated;
        value           nonuniform List<scalar> 
30
(
7.45574
7.45574
7.45574
7.45574
7.45574
7.45574
7.45574
7.45574
7.45574
7.45574
0.150621
0.150621
0.150621
0.150621
0.150621
0.150621
0.150621
0.150621
0.150621
0.150621
7.45574
7.45574
7.45574
7.45574
7.45574
7.45574
7.45574
7.45574
7.45574
7.45574
)
;
    }
    defaultFaces
    {
        type            empty;
        value           nonuniform 0();
    }
}


// ************************************************************************* //
