/*--------------------------------*- C++ -*----------------------------------*\
  =========                 |
  \\      /  F ield         | OpenFOAM: The Open Source CFD Toolbox
   \\    /   O peration     | Website:  https://openfoam.org
    \\  /    A nd           | Version:  6
     \\/     M anipulation  |
\*---------------------------------------------------------------------------*/
FoamFile
{
    version     2.0;
    format      ascii;
    class       volScalarField;
    location    "0.0003";
    object      T;
}
// * * * * * * * * * * * * * * * * * * * * * * * * * * * * * * * * * * * * * //

dimensions      [0 0 0 1 0 0 0];

internalField   nonuniform List<scalar> 
3704
(
300
300
300
300
300
300
300
300
300
300
300
300
300
300
300
300
300
300
300
300
300
300
300
300
300
300
300
300
300
300
300
300
300
300
300
300
300
300
300
300
300
300
300
300
300
300
300
300
300
300
300
300
300
300
300
300
300
300
300
300
300
300
300
300
300
300
300
300
300
300
300
300
300
300
300
300
300
300
300
300
300
300
300
300
300
300
300
300
300
300
300
300
300
300
300
300
300
300
300
300
300
300
300
300
300
300
300
300
300
300
300
300
300
300
300
300
300
300
300
300
300
300
300
300
300
300
300
300
300
300
300
300
300
300
300
300
300
300
300
300
300
300
300
300
300
300
300
300
300
300
300
300
300
300
300
300
300
300
300
300
300
300
300
300
300
300
300
300
300
300
300
300
300
300
300
300
300
300
300
300
300
300
300
300
300
300
300
300
300
300
300
300
300
300
300
300
300
300
300
300
300
300
300
300
300
300
300
300
300
300
300
300
300
300
300
300
300
300
300
300
300
300
300
300
300
300
300
300
300
300
300
300
300
300
300
300
300
300
300
300
300
300
300
300
300
300
300
300
300
300
87.8584
55.3605
93.7036
39.2317
129.189
327.232
333.085
306.215
246.354
324.167
535.268
563.208
525.338
579.006
375.804
84.4884
68.3461
114.753
46.6269
138.142
348.307
317.575
274.779
262.411
357.695
493.978
382.123
387.609
519.847
369.385
74.6187
92.3118
120.042
73.0205
158.26
328.456
264.913
254.427
295.957
412.671
496.126
341.821
358.786
513.162
354.437
67.6842
121.299
110.324
80.696
146.727
281.698
256.61
256.457
335.163
464.957
457.884
327.944
329.585
503.223
338.161
60.7112
122.8
104.463
83.1668
142.317
280.445
262.539
274.591
376.479
484.588
392.444
323.797
316.258
495.468
324.348
428.862
662.882
607.183
603.142
534.854
463.721
335.358
341.337
377.204
362.422
295.767
59.7437
78.8805
104.987
101.713
408.467
500.618
434.852
499.7
471.392
427.678
368.578
348.83
379.146
327.477
328.366
76.2191
135.057
118.432
76.7312
383.234
446.074
393.759
453.732
446.405
406.158
373.007
337.091
342.296
293.002
290.353
108.964
160.317
156.645
76.1816
358.031
408.987
365.75
413.92
421.378
390.648
364.178
332.558
322.856
287.049
260.929
140.84
154.436
183.766
78.8878
335.376
386.794
349.308
395.572
400.336
373.225
345.296
321.2
304.129
280.329
255.192
147.323
152.306
186.825
85.968
300
300
300
300
300
300
300
300
300
300
300
300
300
300
300
300
300
300
300
300
300
300
300
300
300
300
300
300
300
300
300
300
300
300
300
300
300
300
300
300
300
300
300
300
300
300
300
300
300
300
300
300
300
300
300
300
300
300
300
300
300
300
300
300
300
300
300
300
300
300
300
300
300
300
300
300
300
300
300
300
300
300
300
300
300
300
300
300
300
300
300
300
300
300
300
300
300
300
300
300
300
300
300
300
300
300
300
300
300
300
300
300
300
300
300
300
300
300
300
300
300
300
300
300
300
300
300
300
300
300
300
300
300
300
300
300
300
300
300
300
300
300
300
300
300
300
300
300
300
300
300
300
300
300
300
300
300
300
300
300
300
300
300
300
300
300
300
300
300
300
300
300
300
300
300
300
300
300
300
300
300
300
300
300
300
300
300
300
300
300
300
300
300
300
300
300
300
300
300
300
300
300
300
300
300
300
300
300
300
300
300
300
300
300
300
300
300
300
300
300
300
300
300
300
300
300
300
300
300
300
300
300
300
300
300
300
300
300
300
300
300
300
300
300
300
300
300
300
300
300
300
300
300
300
300
300
300
300
300
300
300
300
300
300
300
300
300
300
300
300
300
300
300
300
300
300
300
300
300
300
300
300
300
300
300
300
300
300
300
300
300
300
300
300
300
300
300
300
300
300
299.998
299.745
301.005
299.356
296.815
284.103
337.901
355.459
342.081
76.1206
105.243
300.007
108.631
129.598
175.249
318.038
366.475
398.703
456.182
404.774
348.39
330.16
307.302
487.622
283.627
306.395
303.682
300.002
300
300
300
300
300
300
300
300
300
486.952
300
300
300
300
300
300
300
300
300
300
300
300
300
300
300
300
300
300
300
300
300
300
300
300
300
300
300
300
300
300
300
300
300
300
300
300
300
300
300
300
590.521
300
300
300
300
300
300
300
300
300
300
300
300
300
300
299.994
299.436
299.01
304.62
290.512
293.982
373.28
232.057
186.842
134.485
180.105
116.506
270.465
371.522
421.684
497.229
460.499
345.331
347.451
342.713
353.782
350.598
300.196
300
300
300
300
300
300
300
300
300
300
300
300
300
300
300
300
300
300
300
300
300
300
300
300
300
300
300
300
300
300
300
300
300
300
300
300
300
300
300
300
300
300
300
300
300
300
300
300
300
300
300
299.996
299.372
300.199
300.818
294.232
295.96
305.271
154.675
300.015
353.801
299.874
300.003
300
300
300
300
300
300
300
300
300
300
300
300
300
300
300
300
300
300
300
300
300
300
300
300
300
300
300
300
300
300
300
300
300
300
300
300
299.999
299.98
300.505
298.875
302.559
290.304
315.298
242.083
172.809
300
300
300
300
300
300
300
300
300
300
300.009
299.333
300
300
300
300
300
300
300
300
300
300
300
300
300
300
300
300
300
300
300
300
300
300
300
300
300
300
300
300
300
300
300
300
300
300
300
300
300
300
300
300
300
300
300
300
300
300
300.411
300
300
300
300
300
300
300
300
300
300
300
300
300
300
300
300
299.997
299.215
299.253
299.992
292.213
266.86
188.5
147.502
169.341
300
300
231.373
154.326
347.271
160.476
130.264
194.698
300
299.908
300
300.002
300
300
301.071
300
300
300
300
300
300
300.002
300
300
300
300
300
300
300
300
311.075
355.118
382.855
406.383
376.891
359.392
376.355
335.101
328.788
312.186
300
300
300
300
300
300
300
300
300
300
194.141
189.283
179.713
300
300
300
300
300
315.025
300
300
300
300
300
300
300
300
300
300
300
300
300
300
300
300
300
300
300
300
300
300
300
300
300
300
300
300
150.653
300
300
300
300
300
300
300
300
300
300
300
300
300
300
300
300
300
300
300
300
300
300
300
299.999
299.457
299.949
300.359
299.679
294.248
287.696
226.408
151.038
300
300
301.441
300
300
300.097
300
300
300
300
300
300
300
300
300
300
300
343.105
355.784
349.379
340.093
346.338
373.587
380.506
300
282.352
294.417
299.818
300
365.219
300
300
170.493
294.131
295.767
302.82
300.18
299.996
300
300
300
300
300
300
300
300
300
300
300
300
300
300
300
300
300
300
300
300
300
300
300
300
300
300
300
300
300
300
300
300
300
300
300
300
300
300
300
300
300
300
298.367
153.091
300
300
300
300
300
300
300
300
300
300
300
300
300
300
300
300
300
300
300
300
300
300
300
300
300
335.392
300
300
300
300
300
300
300
300
300
300
332.359
300
274.259
300
300
189.698
300
300
300
300
300
300
300
300
300
300
300
300
300
300
300
300
300
300
300
300
300
299.227
300
300
300
300
300
300
300
300
300
300
300
299.912
300
300
182.642
300.054
298.954
300
300
302.563
299.885
296.608
300
300
300
300
300
300
196.45
300
300
300
300
300
301.027
300
359.879
300
300
300
300
300
300
300
300
300
300
300
306.477
322.263
300.486
300
332.903
353.869
304.639
300
300
300
299.796
300.392
300
300
300
300
300
300
361.119
342.798
331.352
349.692
300
300
300
300.006
300
300
300
292.318
296.893
290.367
300
300
183.557
199.87
300
338.798
300
300
300
304.37
300
300
300
300
300
300
300
300
300
300
300
300
300
299.594
300
300
368.77
300
300
300
300.485
299.998
300
300
300
300
300
300
300
300
300
300
300
300
300
300
300
300
300
300
300
300
300
300
200.158
300
299.234
297.291
298.122
300
233.495
300
300
230.429
227.322
325.765
300
300
300
159.127
168.956
203.716
358.64
300.09
300.035
347.835
300
320.431
308.822
313.969
300
300
300
300
300
300
299.514
300
300
300
270.848
300
300
300
300
300
300
300
300
300
300
300.041
300
300
300
300
300
300
300
300
300
300
300
300
300
300
300
300
300
300
300
300
300
299.985
299.998
300.002
300
300
300
300
300
300
300
300
300
291.855
300
301.37
300
300
302.188
300
300
300
300
300
300
300
300
300
300
299.95
300
395.487
300
300
298.337
299.598
299.761
300
300
300
300
300
300
199.757
300
300
300
300
300
300
300
300
300
300
300
300
300
300
300
378.372
300
300
300
300
300
300
300
300
300
300
300
300
300
300
300
300
300
300
357.375
300
300
300
300
300
300
300
300
300
300
254.752
299.791
300
300
299.997
300.021
300.027
300
300
300
300
300
300
255.453
300
300
300
300
301.232
300
299.966
300
300
300
300
296.582
300
300.074
300.69
300
300
300
300
299.922
299.813
300
300
300
245.138
300
300
401.522
300
300
300.154
300
300
300
300
303.934
402.261
203.296
300
300
300
300
300
300
300
302.549
300.672
300
375.854
311.034
300
298.603
300
300
300
300
344.983
300
300
300
300
300
300
300
300
300
300
300
300
300
300
300
300
300
341.361
300
300
300
300
300
344.283
290.897
295.324
295.667
300
300
299.924
300
300
300
300
299.481
300
301.129
300
299.232
300
300
300
300
300
300
300
300
299.997
300
300
300
300
310.948
300.156
300.179
300
300
300
300
300
300
300
300
321.082
300
300
300
298.278
300
300
300
300
300
300
300
300.795
300
300
299.703
300
378.784
299.764
300
300
300
300
300
300
300
300
300
300
300
300
300
298.861
228.317
287.283
240.07
300
300
300
300
300
300
300
300
300
300
374.253
300.084
300.129
300
301.271
300
300
300
300
340.657
300
300
300
300
300
300
300
300
300
300
300
300
300
300
300
300
300
300
300
300
300
300
299.939
299.896
300
300
300
300
300
300
300
300
300
300
300
300
300
316.157
300
300
300
300.002
300
300
300
300
300
300
300
300
300
300
300
300
300
300
300
303.572
300
300
300
300
300
300
300
300
300.107
300
300
300.013
300.019
300
300
299.969
300
325.998
300
300
300
300
300
300
300
300
300
300
300.466
300
299.997
300
312.308
300
299.414
299.743
306.423
306.872
300
300
300
300
330.767
370.657
301.047
299.979
300
298.779
299.573
300
323.276
300
300
300
300
300
300
300
300.965
301.291
341.3
300
300.674
300
300
300
300
300
300
300
300
300
300
350.788
358.903
300
300
300
300
300
300
300
300
300
301.179
300
300
300
300
300
300
300
300
300
300
300
300
300.778
300
300
300
300.049
300.005
300
300
300
300
300
300
300
300
300
300
300
300
307.069
300
300
300
300
300
300
300
300
300
300
300
300
300
300
300.119
300.03
300
300
300
300
300
300
322.92
300
300
300
300
300
300
300
299.947
343.18
320.981
300
300
300
300
300
300
300
300
300
300
307.594
300.229
300
299.786
300
300
300
300
300
300
300
300
302.105
337.917
300
300
299.995
300
300
300
300.001
300
305.8
300.863
300
308.15
299.795
300.088
299.568
300.069
299.996
300
298.209
300
300
300
300
300
300
300.116
300
300
300
300
300
300
300
300
321.449
320.95
300
300
300
300.223
300
300
300
302.413
303.205
300.001
300.006
300
300.001
300
300
299.967
299.985
299.824
300.01
314.569
300
300.008
300.008
300.006
311.393
306.013
300
300
312.428
308.4
315.148
300.095
300.491
300.033
305.767
306.778
300.001
300
300
302.002
300
300
300
300
300
300
300
300
304.922
303.592
300.001
300.199
300.114
300
300
300.002
300
300
300
300
300
300.023
299.982
300
300.011
300.006
303.376
300
300.039
299.997
300
301.235
301.716
300
300.061
299.967
300
300
300.002
300.001
300.002
300
300
304.589
305.295
300
300
300
300
300.006
299.998
300.382
300.149
300.001
300.005
301.559
300
300.026
300
303.848
302.937
300
300.493
300
300.036
300.001
300.42
301.603
300.737
300.339
300.001
300.001
300
300.007
300
300
300.004
300.006
300.005
300.03
300.272
300.009
300.003
300.047
300
300.002
300.001
300.041
300
300.034
300.198
300
300.4
300.044
300.099
300
300
300.02
300.076
300
300
300.004
300.002
300
300
300
300
300
300
300
300
300
300
300
300
300.004
303.914
317.336
286.885
366.79
337.366
387.623
407.909
364.111
325.672
303.839
278.025
278.733
261.156
182.097
154.135
169.671
119.397
313.549
215.24
215.824
264.751
253.787
283.428
300.48
301.753
301.367
299.843
299.905
300
300
300
300
300
300
300
300
300
300
300
300
300
300
300
300
300
300
300
300
300
300
300
300
300
300
300
300
300
300
300
300
300
300
300
300
300
300
300
300
300
300
300
300
300
508.971
300
300
300
300
300
300
300
300
300
300
300
300
636.094
300
300
300
300
300
300
300.223
356.961
300.003
343.534
397.048
433.152
398.13
338.958
302.246
276.914
273.835
264.621
223.557
151.043
150.839
168.264
213.672
262.174
266.129
292.512
303.317
298.28
300.984
299.938
300
300
300
300
300
300
300
300
300
300
300
300
300
300
300
300
300
300
300
300
300
300
300
300
300
300
300
300
300
300
300
300
300
300
300
300
300
300
300
300
300
300
300
300
300
300
349.376
300
300
300
300
300
300
300
300.008
299.488
190.249
193.517
264.247
293.131
303.842
299.655
302.269
299.899
299.995
300
300
300
300
300
300
300
300
300
300
300
300
300
300
300
300
300
300
300
300
300
300
300
300
300
300
300
300
300
300
300
300
300
300
300
300
300
300
300
300
300
300
300
300
300
300
300
300
300
300
300
300
300
300
300
300
300
300
300
300
300
300
300
300
300
300
300
300
300
300
300
299.9
300
300
300
300
300
300
300
299.908
299.914
298.212
299.812
295.902
277.196
263.041
220.591
167.41
260.881
300
300
300
300
299.898
300
300
300
310.982
300
300
300
300
300
300
300
300
300
300
300.004
300.085
365.393
299.852
300
300
300
237.153
300
300.001
300
300.002
300
300
300
424.413
300
235.037
287.035
190.472
196.054
215.48
301.726
267.617
257.86
282.388
298.217
292.755
292.993
294.739
299.593
298.604
304.852
298.819
299.765
301.459
299.468
299.864
300.689
300.422
299.971
300
299.805
299.946
300
299.991
300
300
300
300
300
300
300
300
300
300
300
300
300
300
300
300
300
300
300
300
300
300
300
300
300
300
300
300
300
300
300
300
300
300
300
300
300
300
300
300
300
300
300
300
300
300
300
300
300
300
300
300
300
300
300
300
300
300
300
300
300
341.818
300
471.402
598.5
355.83
315.283
313.463
296.87
232.361
161.027
162.366
147.364
173.584
174.676
188.263
300
300
300
300
300
300
300
300
300
318.181
305.863
300
300
300
185.511
300
300
300
300
300
300
319.469
300
299.851
300
300
300
300
301.294
338.716
300
300
300
188.837
299.635
300
299.849
300
300
300
300
300
300
300
300
300
300
300
300
300
300
300
300
300
300
300
300
300
300
300
300
300
300
300
300
300
300
300
300
300
300
300
300
328.523
348.458
550.79
432.092
451.446
300
300
441.963
317.417
259.71
190.46
300
300
300
300
300
300
300
300
300
300
300
300
300
300
300
300
300
300
300
300
300
300
300
300
300
300
300
300
300
300
300
300
300
300
300
300
300
300
300
300
300
300
300
300
300
300
300
300
300
300
300
300
300
300
300
300
300
200.041
300
300
300
300
300
300
243.391
300
300.092
300
300
300
300.22
399.977
299.659
300
300
172.679
176.049
203.076
299.703
300
300
300
300
300
300
300
300
300
300
300
300
300
300
300
300
300
300
300
300
300
300
300
300
308.978
484.697
301.064
300.046
300.812
300
300
300
307.318
300
300
300
300
300
300
300
300
300
300
300
300
300
300
300
300
300
300
300
300
300
300
300
300
300
300
300
300
300
300
300
300
300
300
300
300
300
300
300
300
300
300
300
300
300
301.076
374.378
368.594
421.92
300
300
300
300
299.993
299.842
223.168
250.918
300
300
206.166
288.574
300
300
299.998
300
300
300
300
304.095
301.392
307.63
300
300
300
300
300
197.005
312.542
300
300
300
300
300
299.774
300
300
300
300
300
300
300
300
248.167
243.199
299.933
299.947
300
300
300
300.001
300.011
300
408.731
365.898
299.8
296.976
297.741
297.271
300.041
300.083
300.427
298.113
300.646
428.388
300
227.777
299.799
300.1
300
300
300
300
300
300
300
300
300
300
300
300
462.302
300
300
300
300
300
300
300
300
300
300
300.134
300
300
300
300
300
300
300
300
300
300
300
300
261.996
300
300
300
300
300
300
290.925
334.436
300
300
300
300
300
300
300
300
300
300
300
300
300
300
300
300
300
300
300
300
300
300
300
300
300
300
300
299.647
300
300
300
300
300
300
278.301
300
300
300
300
300
300
297.029
300
300
291.53
299.962
300
299.765
300.107
300
254.877
300
300
411.96
300
300
300
300
300
300
300
300
300
300
308.797
300
300
300
300
300
300
300
300
215.276
212.435
300
300
300
300
300
300
300
300
382.057
300
300
300
300
300
300
300
300
284.448
300
300
300
300
300
300
300
300
300
300
300
300
300
300.17
369.199
300
300
300
300
424.941
299.985
299.833
299.998
308.372
300
300
304.113
300
300
300
300
300
300
300
300
300
300
319.154
306.071
299.967
300
300
300
300
268.028
296.259
300.514
300.291
300
300
300
300
301.039
300
300.029
379.203
300
300
300
299.732
264.58
300
350.887
300
300
297.724
300
300
300
300
300
300
300
300
300
300
300
300
300
299.728
299.93
300
300
300.002
300
300
299.89
300
300
300
255.931
300
300
422.742
296.695
298.426
300
300
300
300
300
300
300.256
300.013
300.533
300
300
300
300
309.366
300
300
300
300
300
300
300
300
300
300
300
300
300
300
300
300
300
300
300
300
300
300
300
300
403.051
300
300
300
300
300
300
300
300
300
300
300
300
300
300
300
300
300
300
300
300
300
300
318.571
300
300
300
291.702
299.536
302.911
300
300
300
300.42
300
300
299.594
300
300
300
300
300
300
300
300
300
300
300
314.666
300.56
299.561
309.659
311.812
308.314
319.243
300
300
300
300
300
300
300
300
300
299.797
300
300
300
300
300
300
402.551
331.118
329.912
318.22
300
300
300
300
300
300
300
300
300
300.019
300
300
300
300
300
300
300
300
300
300
300
361.763
394.964
356.249
300
300
300
300
300
300
300
300
398.448
406.074
300
300
300
300
300
300
300
300
300
300
300
300
300
300
300
300
300
300
300
300.002
300
300
300
300
300
300
300
300
300
300
300
300
300
299.956
300
300
300
300
302.064
300
310.949
315.526
300
300.001
299.899
299.844
300
300
300
300
300
300
300
302.88
300
300
300
300
300
300
300
300
300
300
300.014
300
300
300
300
299.657
300.719
300
300
300
300
301.087
300
299.932
300
300
300
300
300
300
299.892
300.218
300
300
300
300
300
300
300
300
300
300
300
300
300
300
300
300
300
299.998
300
300
301.782
300
299.999
300.01
299.529
299.998
303.999
300
300.383
300.621
300
300
300
300
300
300
300
300
300
300
301.598
300.56
300
300
300
300
300
300
300
300
300
300.04
300
302.84
300
300
300
300
300
300
300
300
299.68
300.573
299.697
299.954
299.857
300
300.001
300
300
300
300
300
302.509
300
300
300
300
300.001
300
300
300
299.997
300
300
300
300
300
300
300
300
300
300
300.15
300
300
300
300
300
300
300
300
300
300
300
300
300
300
300
300
300
300
300
300
300
300
300
366.472
300
300
300
300
300
300
300.001
300
300
299.935
300
300.014
300
300.201
300.001
300
300
300
300.869
300
307.995
313.15
300
300
299.998
299.925
300
300
300
299.999
300
300.22
300
300.122
300.257
300.139
300.144
300
344.055
300.028
314.243
323.498
305.922
301.45
300
354.93
300.008
300.014
300.031
300.006
300
300
300
300
300
300
382.621
368.359
300.001
300.001
300
299.977
300
300
300.921
300.001
300
300
300
300
300
300
300.022
362.963
300
300.956
331.269
300
323.075
300
305.727
313.982
300
299.944
300
300
300
310.841
300.841
300
299.944
300
300.106
300.175
300.001
299.917
300.034
300.073
300
300
300.372
300
300.003
300.001
300.013
300.003
300.018
299.835
299.999
300
300
300
300.127
300.077
299.977
300
300
303.856
311.02
299.93
302.55
299.937
314.007
300
300
300
300.013
300.131
299.996
300
300
300.792
301.811
302.292
300.301
299.962
300
300
300
300
300
300
300
300
300
299.999
299.992
300
300
300.003
300
300.089
300.208
300.64
300.037
300
300
300
300.019
300
300.003
300
300
300
300
300
300
300
300
300.012
300
300
300.019
300
300
300
300.002
300
300.117
300.079
300.001
300
300.024
300.526
300.002
300.009
300
300.001
300
300
300
300
299.998
300
299.996
300.001
300.015
300.035
300.347
300.001
300.01
300.14
300.018
300.196
300.003
300.183
300
300
300.001
300
300.004
300.001
300.005
300.027
)
;

boundaryField
{
    bullet
    {
        type            zeroGradient;
    }
    topWall
    {
        type            inletOutlet;
        inletValue      uniform 300;
        value           nonuniform List<scalar> 
50
(
300
300
300
300
300
300
300
300
300
300
300
300
300
300
300
300
300
300
300
300
300
300
300
300
300
300
300
300
300
300
300
300
300
300
300
300
300
300
300
300
300
300
300
300
300
300
300
300
300
300
)
;
    }
    bottomWall
    {
        type            inletOutlet;
        inletValue      uniform 300;
        value           nonuniform List<scalar> 
50
(
300
300
300
300
300
300
300
300
300
300
300
300
300
300
300
300
300
300
300
300
300
300
300
300
300
300
300
300
300
300
300
300
300
300
300
300
300
300
300
300
300
300
300
300
300
300
300
300
300
300
)
;
    }
    inlet
    {
        type            fixedValue;
        value           uniform 300;
    }
    outlet
    {
        type            inletOutlet;
        inletValue      uniform 300;
        value           nonuniform List<scalar> 
30
(
300
300
300
300
300
300
300
300
300
300
300
300
300
300
300
300
300
300
300
300
300
300
300
300
300
300
300
300
300
300
)
;
    }
    defaultFaces
    {
        type            empty;
    }
}


// ************************************************************************* //
