/*--------------------------------*- C++ -*----------------------------------*\
  =========                 |
  \\      /  F ield         | OpenFOAM: The Open Source CFD Toolbox
   \\    /   O peration     | Website:  https://openfoam.org
    \\  /    A nd           | Version:  6
     \\/     M anipulation  |
\*---------------------------------------------------------------------------*/
FoamFile
{
    version     2.0;
    format      ascii;
    class       volScalarField;
    location    "0.0006";
    object      alphat;
}
// * * * * * * * * * * * * * * * * * * * * * * * * * * * * * * * * * * * * * //

dimensions      [1 -1 -1 0 0 0 0];

internalField   nonuniform List<scalar> 
3704
(
0.390629
0.389592
0.389156
0.389331
0.389819
0.390152
0.390426
0.390723
0.39109
0.39142
0.391443
0.391083
0.390396
0.389981
0.389848
0.38965
0.389624
0.389786
0.390018
0.390271
0.39053
0.390755
0.39099
0.391333
0.391617
0.391734
0.391745
0.391821
0.39289
0.392887
0.392925
0.392975
0.392991
0.39298
0.392962
0.392943
0.392925
0.392908
0.392893
0.39288
0.392867
0.392855
0.392841
0.392828
0.392812
0.392797
0.392785
0.392781
0.39276
0.392785
0.390636
0.389595
0.389149
0.389322
0.389861
0.390212
0.390524
0.390856
0.39129
0.391824
0.391797
0.391308
0.390493
0.390005
0.389846
0.389641
0.389613
0.389776
0.390011
0.390268
0.390534
0.390768
0.391023
0.391442
0.391863
0.392175
0.392433
0.392999
0.394189
0.394299
0.394423
0.394583
0.394625
0.394578
0.394512
0.394448
0.394388
0.394335
0.394288
0.394246
0.394207
0.394167
0.394127
0.394084
0.394038
0.393991
0.393957
0.393942
0.393879
0.393955
0.390648
0.3896
0.389135
0.389301
0.389916
0.390294
0.390645
0.391047
0.391587
0.392438
0.392334
0.391644
0.39063
0.390029
0.389832
0.389616
0.389585
0.389749
0.389985
0.390248
0.390523
0.390773
0.391057
0.391592
0.39223
0.392842
0.393444
0.394381
0.395173
0.395339
0.395546
0.395824
0.395891
0.3958
0.395682
0.395572
0.395471
0.395383
0.395306
0.395236
0.395172
0.395108
0.395043
0.394974
0.394899
0.394824
0.39477
0.394746
0.394643
0.394772
0.390664
0.389605
0.389114
0.389262
0.389939
0.390337
0.390701
0.391179
0.391818
0.392957
0.39278
0.391907
0.390717
0.390016
0.389785
0.389563
0.38953
0.389693
0.389927
0.39019
0.390471
0.390731
0.39104
0.39168
0.392518
0.393403
0.394278
0.395264
0.395708
0.395883
0.396153
0.396533
0.396621
0.396495
0.396335
0.396189
0.396056
0.395942
0.395842
0.395752
0.39567
0.395588
0.395504
0.395416
0.39532
0.395223
0.395156
0.39513
0.394991
0.395177
0.390681
0.389608
0.389085
0.389203
0.389887
0.390282
0.390633
0.391148
0.391825
0.393091
0.392875
0.391922
0.390668
0.389933
0.38969
0.389473
0.38944
0.389596
0.38982
0.390076
0.390351
0.39061
0.390923
0.391603
0.392531
0.393547
0.394532
0.395426
0.395698
0.395866
0.396164
0.396595
0.396693
0.396549
0.396369
0.396207
0.396059
0.395933
0.395823
0.395725
0.395635
0.395545
0.395453
0.395356
0.395249
0.395141
0.39507
0.395048
0.39488
0.395126
0.00171013
0.00320669
0.000874042
0.000505952
0.00311425
0.010476
0.0187401
0.0302629
0.0221144
0.0351199
0.0430199
0.050838
0.0602184
0.0988495
0.139036
0.00828028
0.00473385
0.00234699
0.00300597
0.0194126
0.0208529
0.0314797
0.0600657
0.0768245
0.178792
0.248859
0.354851
0.453834
0.708914
1.25683
0.0158286
0.00718499
0.00624521
0.00807535
0.0336918
0.0403273
0.050186
0.0846425
0.139204
0.252616
0.364454
0.493499
0.618106
1.09448
2.35031
0.0239659
0.0131349
0.0111625
0.0131877
0.0464821
0.0585548
0.0748718
0.104208
0.171618
0.297191
0.404024
0.516966
0.643534
1.36533
3.24555
0.0287353
0.0169737
0.0182276
0.0214436
0.054147
0.0721276
0.0996992
0.126126
0.206876
0.325769
0.405786
0.499281
0.618028
1.60734
4.1027
0.12239
0.0687121
0.0709704
0.057733
0.051128
0.0436
0.0213376
0.0106194
0.0213454
0.0112523
0.00736335
0.00446531
0.00269531
0.0113788
0.00268724
1.096
0.558263
0.492988
0.372748
0.195626
0.151539
0.0891663
0.0478288
0.0467449
0.017933
0.0144888
0.00879253
0.00711423
0.0215622
0.0105766
2.11538
0.911665
0.67865
0.549986
0.357912
0.221658
0.151555
0.0933888
0.0779082
0.0254469
0.0313039
0.0131802
0.0121053
0.0424182
0.0182489
3.00565
1.09268
0.698633
0.600429
0.460593
0.300073
0.180834
0.121825
0.0885377
0.0445204
0.0509739
0.0197593
0.0171919
0.0546711
0.0255392
3.9448
1.16354
0.66106
0.585853
0.491344
0.363723
0.215733
0.14293
0.095601
0.0539345
0.0641487
0.0279209
0.0261964
0.0643673
0.0285026
0.392784
0.39276
0.392775
0.392775
0.392786
0.392803
0.392818
0.392832
0.392846
0.392859
0.392873
0.392888
0.392904
0.392921
0.392938
0.392954
0.392964
0.392963
0.392949
0.392932
0.39154
0.391346
0.391357
0.391303
0.391147
0.390825
0.390384
0.389806
0.389241
0.392425
0.393355
0.392921
0.392893
0.392912
0.392995
0.393187
0.393684
0.394688
0.390829
0.390698
0.38991
0.388993
0.388696
0.38852
0.388604
0.388548
0.38852
0.388781
0.389481
0.390674
0.393952
0.39388
0.393924
0.393926
0.393959
0.394008
0.394055
0.394098
0.394139
0.394181
0.394225
0.394272
0.394322
0.394375
0.394429
0.394481
0.39452
0.394538
0.394532
0.394466
0.393216
0.392278
0.391956
0.391695
0.391392
0.390956
0.390443
0.389826
0.389245
0.389942
0.394899
0.394453
0.394386
0.394394
0.39449
0.394644
0.394692
0.393599
0.390929
0.390843
0.39005
0.389034
0.388736
0.388509
0.388592
0.388536
0.388512
0.388778
0.389484
0.390684
0.394767
0.394646
0.394719
0.39472
0.394772
0.394851
0.394926
0.394995
0.395062
0.39513
0.395201
0.395278
0.39536
0.395448
0.395538
0.395627
0.395697
0.39574
0.39576
0.395707
0.394958
0.39363
0.392869
0.392294
0.391759
0.391145
0.390521
0.389846
0.389235
0.389549
0.394305
0.395225
0.395254
0.395083
0.394788
0.394335
0.39336
0.391753
0.39107
0.391055
0.390258
0.389089
0.38879
0.388486
0.388566
0.388512
0.388495
0.38877
0.389489
0.390702
0.395171
0.394996
0.395096
0.395092
0.395157
0.395259
0.395356
0.395444
0.39553
0.395616
0.395708
0.395806
0.395912
0.396024
0.396142
0.396259
0.396354
0.396417
0.396452
0.396411
0.395981
0.394744
0.393662
0.392805
0.392055
0.391278
0.390555
0.389833
0.389194
0.389344
0.39275
0.395122
0.395352
0.394908
0.394048
0.392994
0.391702
0.390987
0.391154
0.39121
0.390423
0.389122
0.388826
0.388453
0.388529
0.388479
0.388471
0.388759
0.389494
0.390722
0.395122
0.394892
0.395013
0.394999
0.395068
0.395182
0.395292
0.395389
0.395483
0.395576
0.395677
0.395783
0.395899
0.396023
0.396152
0.396282
0.396388
0.396462
0.396504
0.396468
0.396173
0.395139
0.393936
0.392943
0.39209
0.391241
0.390485
0.389759
0.389122
0.389162
0.391594
0.394609
0.394987
0.394364
0.393156
0.39186
0.39074
0.390703
0.391088
0.391186
0.390434
0.389096
0.388809
0.388409
0.388482
0.388436
0.388442
0.388746
0.389497
0.39074
0.391272
0.391392
0.391371
0.391398
0.391365
0.391241
0.389635
0.388121
0.387984
0.387952
0.388066
0.388128
0.388022
0.387957
0.387965
0.388006
0.387975
0.387965
0.388021
0.388058
0.388027
0.387984
0.387994
0.388022
0.38804
0.388051
0.388064
0.388089
0.388141
0.38816
0.387924
0.387477
0.387394
0.387394
0.387394
0.387394
0.387394
0.387394
0.387394
0.387394
0.387394
0.564305
0.506633
0.307078
1.48431
0.343294
0.228116
0.378388
0.267059
0.272701
0.340276
0.351178
0.272392
0.146784
0.045782
0.0854553
0.0425682
0.0372332
0.0453884
0.0269451
0.0261188
0.388119
0.0246307
0.0375317
0.0825016
0.102522
0.140394
0.19264
0.252984
0.333018
0.370803
0.439478
0.555175
1.5464
6.527
2.99382
0.379927
0.387401
0.387396
0.387403
0.38743
0.387542
0.388005
0.389696
0.390331
0.387714
0.387394
0.233454
0.390776
0.391351
0.390754
0.391389
0.39079
0.390815
0.391391
0.39139
0.388583
0.388018
0.387964
0.387978
0.388125
0.388072
0.387994
0.38794
0.387997
0.387996
0.387956
0.38799
0.388047
0.38805
0.38801
0.387971
0.388013
0.388032
0.388046
0.388056
0.388074
0.388112
0.388162
0.387847
0.388252
0.387395
0.387394
0.387394
0.3879
0.387394
0.387394
0.387394
0.0518952
0.387394
0.387394
0.387394
0.387394
0.387483
0.918597
0.325245
0.343407
0.514211
0.244587
0.20966
0.283476
0.285542
0.351114
0.344714
0.29453
0.188426
0.0907581
0.0463787
0.11507
0.0169138
0.0320448
0.0655012
0.0246469
0.0230308
0.0347421
0.107009
0.132852
0.176329
0.247642
0.304587
0.337853
0.339309
0.40407
0.544425
0.0896407
0.38748
0.387396
0.387396
0.387398
0.3874
0.387412
0.387467
0.387694
0.388602
0.390364
0.390787
0.390818
0.390788
0.387965
0.387867
0.387825
0.38793
0.387977
0.387908
0.387854
0.387878
0.387891
0.387842
0.387821
0.387856
0.387876
0.387843
0.387785
0.387813
0.387834
0.38785
0.387861
0.387876
0.387907
0.387957
0.38799
0.387394
0.387394
0.387394
0.387394
0.387394
0.387394
0.387396
1.40327
0.43741
0.291422
0.893493
0.326942
0.21069
0.620129
0.290709
0.294265
0.331724
0.322278
0.239131
0.115961
0.0316035
0.0806829
0.0157004
0.0412606
0.389361
0.557435
0.388229
0.3874
0.387397
0.387406
0.387445
0.387606
0.388255
0.387977
0.387938
0.387888
0.387854
0.387898
0.38787
0.387821
0.387835
0.387872
0.387868
0.387822
0.387791
0.387825
0.387843
0.387856
0.387867
0.387889
0.387932
0.387965
0.387394
0.387394
0.387394
0.389415
0.653358
0.302889
0.780568
0.464261
0.220354
0.241341
0.245199
0.282253
0.340966
0.370248
0.274271
0.186479
0.0680353
0.0714883
0.00838472
0.0599292
0.0363078
0.388239
0.38786
0.389007
0.3874
0.387394
0.387394
0.387394
0.389085
0.387824
0.387499
0.387474
0.338613
0.387419
0.390112
0.390056
0.390257
0.390213
0.387709
0.387402
0.387829
0.387405
0.387441
0.387394
0.387406
0.387401
0.387394
0.387406
0.387405
0.387398
0.387344
0.387437
0.387403
0.3874
0.3874
0.387401
0.387401
0.3874
0.3874
0.387401
0.387401
0.3874
0.387401
0.387406
0.387406
0.387394
0.387394
0.387394
0.387413
0.38742
0.387405
0.387394
0.387394
0.387394
0.387394
0.387414
0.387519
0.38759
0.387468
0.331048
0.389046
0.387394
0.387394
0.387394
0.387395
0.387394
0.387394
0.415707
0.439026
0.470455
0.441712
0.448256
0.408803
0.341817
0.325785
0.287672
0.315309
0.391618
0.202223
0.110733
0.142084
0.0349453
0.0661956
0.0353599
0.0247818
0.38814
0.387879
0.066806
0.0302591
0.280605
0.0431726
0.0425561
0.066807
0.387396
0.388455
0.387418
0.3874
0.387396
0.396636
0.388219
0.387406
0.387411
0.387399
0.387402
0.387592
0.387472
0.387405
0.388214
0.387494
0.387536
0.387406
0.387402
0.387794
0.387973
0.390297
0.134577
0.169511
0.241224
0.28276
0.36604
0.178725
0.100585
0.22443
0.112344
0.226928
0.387394
0.387394
0.390165
0.389662
0.389548
0.387394
0.387394
0.38963
0.38742
0.387394
0.0296964
0.0344837
0.031564
0.389652
0.3874
0.387402
0.390198
0.389679
0.169083
0.387394
0.387447
0.387412
0.387402
0.387406
0.387394
0.387394
0.387677
0.389022
0.387406
0.387404
0.387404
0.387392
0.387404
0.387399
0.3874
0.387401
0.387401
0.3874
0.3874
0.3874
0.3874
0.387401
0.387401
0.387403
0.387409
0.387404
0.387427
0.0331661
0.387367
0.387394
0.387394
0.387394
0.387394
0.387394
0.387402
0.387394
0.387401
0.388579
0.387394
0.394272
0.440793
0.387942
0.443136
0.387411
0.458393
0.478493
0.448288
0.435061
0.360026
0.290132
0.402003
0.34276
0.36203
0.33567
0.277428
0.105745
0.138553
0.127258
0.0571019
0.0605816
0.387398
0.387398
0.122007
0.390048
0.388515
0.387556
0.387394
0.387402
0.390163
0.389596
0.389648
0.387398
0.387398
0.387397
0.387443
0.389514
0.387465
0.199892
0.161746
0.250327
0.362214
0.364841
0.118728
0.110633
0.3874
0.112263
0.126365
0.108543
0.387403
0.118056
0.387429
0.387396
0.0624447
0.116957
0.119414
0.136944
0.336441
0.312613
0.315262
0.433312
0.3294
0.390466
0.458441
0.387399
0.46914
0.426385
0.491287
0.387401
0.387402
0.387398
0.387398
0.387398
0.387398
0.387398
0.387398
0.387398
0.387398
0.387398
0.387398
0.387398
0.387398
0.387398
0.387398
0.387405
0.38743
0.387397
0.387402
0.387332
0.387398
0.387398
0.358753
0.341412
0.30262
0.329779
0.432267
0.446955
0.387394
0.388413
0.415619
0.458438
0.269095
0.0473674
0.387435
0.387394
0.387407
0.387394
0.387394
0.38761
0.388436
0.38898
0.387394
0.387356
0.387582
0.387438
0.387575
0.387394
0.387395
0.362279
0.387394
0.387394
0.387394
0.387394
0.387394
0.387394
0.387394
0.387394
0.387394
0.130663
0.387394
0.387394
0.387394
0.387394
0.387394
0.387394
0.387394
0.387394
0.387394
0.385679
0.338965
0.387394
0.126474
0.387394
0.387394
0.0445719
0.387384
0.38735
0.387394
0.387394
0.387394
0.387629
0.387512
0.387381
0.387432
0.387395
0.387395
0.387394
0.387394
0.387394
0.387395
0.387394
0.387167
0.38681
0.387394
0.387394
0.387612
0.334147
0.391031
0.386783
0.387836
0.387394
0.387394
0.387394
0.387394
0.38393
0.407979
0.416917
0.34929
0.336456
0.375898
0.362888
0.0562574
0.333872
0.335245
0.387394
0.387394
0.193264
0.131671
0.085054
0.387394
0.387394
0.387852
0.387394
0.387394
0.387635
0.044338
0.387397
0.387397
0.388445
0.389028
0.388109
0.388581
0.387408
0.146315
0.387401
0.387404
0.387397
0.387398
0.387394
0.387394
0.387394
0.387394
0.387893
0.387742
0.388132
0.294635
0.198342
0.391932
0.387454
0.212367
0.138179
0.317406
0.387424
0.387415
0.387437
0.414694
0.409123
0.387394
0.387394
0.387394
0.387394
0.387394
0.387394
0.315285
0.292895
0.254529
0.338673
0.387514
0.387479
0.387564
0.3874
0.387395
0.387276
0.387223
0.102529
0.0896211
0.104396
0.387394
0.387394
0.0592429
0.0547225
0.389149
0.34988
0.387394
0.387394
0.389066
0.352922
0.387394
0.387394
0.389161
0.388744
0.388696
0.387594
0.387392
0.387392
0.387394
0.387206
0.387394
0.386933
0.387394
0.372397
0.387434
0.3874
0.143117
0.387394
0.387394
0.387394
0.242354
0.340908
0.387412
0.387404
0.387386
0.387547
0.387394
0.387394
0.387628
0.387914
0.387517
0.387394
0.387394
0.387977
0.387406
0.384385
0.411815
0.381747
0.432177
0.383501
0.396537
0.378666
0.347984
0.370062
0.0540135
0.387394
0.161419
0.0864235
0.106575
0.387394
0.0565184
0.387684
0.387576
0.0528688
0.0871965
0.119728
0.387398
0.387403
0.387396
0.056267
0.0549118
0.0798851
0.156202
0.387493
0.387931
0.19218
0.387394
0.235315
0.337547
0.257603
0.387398
0.387457
0.387428
0.387394
0.387394
0.387394
0.115733
0.363517
0.393115
0.426116
0.0682464
0.387394
0.386743
0.387394
0.387394
0.387394
0.387394
0.387467
0.382324
0.34812
0.397496
0.390706
0.387394
0.387394
0.387394
0.387394
0.387394
0.424625
0.38723
0.386258
0.388616
0.387397
0.387779
0.38738
0.387394
0.387394
0.387404
0.387395
0.386627
0.387172
0.386978
0.386412
0.386169
0.366943
0.387428
0.3874
0.389338
0.389476
0.387397
0.387395
0.387394
0.387394
0.387394
0.387394
0.387394
0.0741667
0.387394
0.328028
0.396767
0.387393
0.179273
0.387394
0.387394
0.385363
0.386885
0.387394
0.387394
0.385415
0.384835
0.387394
0.387394
0.354366
0.42839
0.179492
0.387394
0.387394
0.250924
0.310052
0.21772
0.387401
0.387399
0.387406
0.387404
0.387394
0.387394
0.0697197
0.477896
0.445417
0.387394
0.387393
0.387394
0.387394
0.387394
0.33436
0.316687
0.342728
0.381627
0.390257
0.387394
0.417739
0.412638
0.196652
0.339767
0.331373
0.387394
0.387394
0.389112
0.388675
0.388713
0.387618
0.387444
0.387397
0.387394
0.387394
0.387391
0.387384
0.387392
0.387145
0.387394
0.387394
0.208512
0.386689
0.38622
0.387394
0.387394
0.387394
0.387394
0.387394
0.387394
0.387394
0.387394
0.06028
0.305035
0.359402
0.357859
0.357998
0.387819
0.387488
0.386456
0.386734
0.387154
0.386911
0.387394
0.387394
0.046817
0.387394
0.387668
0.387395
0.386958
0.0770664
0.387396
0.363142
0.387394
0.387394
0.387394
0.387403
0.114587
0.387394
0.331736
0.397042
0.387402
0.387085
0.387394
0.386652
0.436584
0.430158
0.387394
0.400824
0.388359
0.0693144
0.387395
0.387394
0.189285
0.387391
0.387457
0.388774
0.387395
0.388123
0.387394
0.387394
0.397292
0.170109
0.0712981
0.387337
0.514163
0.387394
0.456163
0.490691
0.387394
0.318097
0.393533
0.394696
0.325768
0.196955
0.366879
0.387394
0.134083
0.406752
0.387502
0.387685
0.387394
0.141238
0.387396
0.387395
0.388324
0.388075
0.387399
0.387401
0.387394
0.387394
0.387394
0.387352
0.387983
0.387798
0.38826
0.387525
0.387483
0.387581
0.387394
0.252391
0.387394
0.387394
0.387394
0.387427
0.387411
0.225426
0.109304
0.121599
0.108171
0.387425
0.387437
0.335722
0.387394
0.387394
0.387394
0.387688
0.167055
0.38854
0.39379
0.38717
0.133473
0.387405
0.38741
0.388301
0.388032
0.388053
0.387396
0.393682
0.387395
0.358441
0.387394
0.387398
0.387165
0.393258
0.367873
0.38964
0.388362
0.387389
0.385298
0.386911
0.385368
0.38791
0.387382
0.393592
0.394072
0.0991023
0.390049
0.394827
0.387394
0.075687
0.387395
0.387395
0.387395
0.387394
0.387394
0.387396
0.387359
0.392452
0.357024
0.387395
0.246533
0.387394
0.148676
0.360441
0.382008
0.382264
0.38509
0.38226
0.387394
0.387394
0.390425
0.38183
0.387394
0.387394
0.387394
0.387394
0.387387
0.178626
0.0822828
0.0819726
0.0915993
0.387375
0.386486
0.386094
0.387658
0.387444
0.387396
0.344712
0.385666
0.385502
0.38739
0.178237
0.389572
0.388633
0.387394
0.392655
0.452561
0.395782
0.387337
0.387418
0.202351
0.387394
0.387394
0.387394
0.387394
0.386447
0.391319
0.353823
0.356512
0.387394
0.382719
0.379946
0.387394
0.387394
0.387394
0.387394
0.387394
0.387394
0.387394
0.387394
0.388045
0.390562
0.464909
0.365559
0.340106
0.387504
0.387575
0.387456
0.387387
0.387365
0.387394
0.387394
0.387377
0.387377
0.387394
0.387394
0.387394
0.387394
0.266777
0.38784
0.387394
0.387394
0.3874
0.387394
0.387394
0.387394
0.387394
0.387394
0.387394
0.387383
0.38739
0.387303
0.386391
0.387649
0.3874
0.387676
0.387393
0.38739
0.406813
0.39744
0.387416
0.387527
0.387395
0.38838
0.376763
0.387453
0.38748
0.389081
0.387398
0.354158
0.387584
0.387473
0.376532
0.387394
0.408362
0.392142
0.0869813
0.392281
0.388117
0.387394
0.387394
0.387395
0.387394
0.387394
0.366514
0.393131
0.387375
0.230316
0.387392
0.358014
0.387394
0.121819
0.387396
0.322313
0.31205
0.406189
0.277634
0.387396
0.387398
0.38738
0.387375
0.208968
0.154172
0.394689
0.406523
0.387394
0.190229
0.147938
0.387394
0.104112
0.387394
0.387394
0.387394
0.387405
0.387394
0.387394
0.380062
0.337166
0.336001
0.0902976
0.387894
0.113789
0.387394
0.387394
0.387412
0.387403
0.387692
0.387589
0.387828
0.387727
0.38784
0.387605
0.11397
0.132501
0.387394
0.387394
0.387396
0.387394
0.387395
0.3874
0.387403
0.387394
0.387394
0.394285
0.387393
0.387447
0.387407
0.378065
0.387431
0.387412
0.387394
0.409909
0.387396
0.387421
0.431599
0.387394
0.396838
0.387394
0.371132
0.378497
0.387707
0.387517
0.387415
0.387425
0.405906
0.372399
0.39067
0.387392
0.387394
0.368494
0.387394
0.387394
0.387394
0.414093
0.141728
0.387394
0.384127
0.390827
0.390513
0.390189
0.387394
0.387394
0.387403
0.38748
0.387411
0.387393
0.385624
0.385793
0.387396
0.387832
0.387592
0.387394
0.37053
0.396393
0.387394
0.387028
0.385554
0.214384
0.387377
0.387154
0.387394
0.387394
0.387394
0.391034
0.387394
0.320114
0.155278
0.216406
0.387466
0.387431
0.387394
0.387394
0.441664
0.389062
0.387394
0.387394
0.391212
0.387394
0.297829
0.388972
0.387394
0.30085
0.387394
0.387392
0.387394
0.387394
0.345649
0.38739
0.387392
0.350602
0.141379
0.0944252
0.375974
0.385078
0.402556
0.3885
0.387519
0.379195
0.387406
0.387395
0.407076
0.395312
0.387397
0.300357
0.302563
0.247783
0.339735
0.340506
0.378544
0.386655
0.356229
0.387403
0.387399
0.387406
0.387475
0.387531
0.385833
0.387781
0.387395
0.387426
0.38742
0.38745
0.387392
0.387393
0.387386
0.387394
0.149962
0.165686
0.387833
0.387698
0.387698
0.389491
0.387395
0.387402
0.387398
0.190079
0.189056
0.387401
0.387432
0.387573
0.387402
0.387408
0.387396
0.37576
0.365343
0.360975
0.387497
0.147249
0.386278
0.387456
0.387436
0.387428
0.153106
0.310254
0.387395
0.385594
0.220797
0.318036
0.207443
0.387647
0.375762
0.384191
0.212351
0.223708
0.384257
0.387413
0.387397
0.261781
0.387599
0.387401
0.387399
0.387397
0.387518
0.387395
0.387377
0.387395
0.41331
0.4006
0.383302
0.38873
0.387668
0.387241
0.386088
0.38741
0.387396
0.387395
0.38736
0.387393
0.387431
0.370727
0.351652
0.387395
0.38749
0.387456
0.217534
0.387395
0.378713
0.378574
0.387467
0.32172
0.330348
0.387367
0.379605
0.373796
0.387325
0.387285
0.387412
0.387407
0.387415
0.3874
0.387397
0.349926
0.354417
0.387395
0.387394
0.387393
0.38739
0.387446
0.392568
0.391721
0.388778
0.387065
0.387515
0.38037
0.387393
0.382846
0.387395
0.406857
0.379921
0.38739
0.36004
0.387377
0.38306
0.387413
0.38876
0.395875
0.399105
0.39138
0.387406
0.387185
0.3872
0.387186
0.387337
0.387392
0.385826
0.387517
0.385693
0.387727
0.389348
0.387368
0.387347
0.388048
0.387397
0.387417
0.387409
0.386756
0.387399
0.384878
0.38985
0.387398
0.384046
0.380799
0.380625
0.387397
0.387383
0.387726
0.388198
0.387383
0.387397
0.387448
0.387417
0.391237
0.391354
0.39137
0.391443
0.391359
0.391273
0.389696
0.38801
0.387543
0.387429
0.387402
0.387396
0.387401
0.372126
3.1065
6.65805
1.07524
0.608311
0.524399
0.449262
0.393895
0.274621
0.181863
0.120078
0.082098
0.0670724
0.0412747
0.0434689
0.0653753
0.0278625
0.0504437
0.0280345
0.194453
0.223751
0.1686
0.113958
0.107106
0.093286
0.261256
0.33304
0.291869
0.397248
0.269371
0.359848
0.25483
0.317956
0.264538
0.358039
0.376066
0.696587
0.387394
0.387394
0.387394
0.387394
0.387394
0.387394
0.387394
0.387394
0.387395
0.388031
0.388188
0.388178
0.388122
0.388079
0.388056
0.388035
0.388014
0.388001
0.38799
0.387912
0.388023
0.388077
0.388035
0.387893
0.387759
0.387878
0.38792
0.387939
0.388073
0.388005
0.387656
0.387685
0.387816
0.388512
0.390636
0.390364
0.268792
0.387394
0.387906
0.390705
0.39132
0.390722
0.391435
0.391391
0.390859
0.390779
0.391395
0.389093
0.388608
0.0416716
0.388263
0.387697
0.387467
0.387411
0.387398
0.387395
0.387465
0.0797961
0.3874
0.541501
0.458183
0.423458
0.434273
0.325414
0.268059
0.174954
0.112723
0.079153
0.0677476
0.0527779
0.0601859
0.0704285
0.196973
0.207146
0.120348
0.124448
0.0866243
0.149809
0.281239
0.294969
0.44218
0.301045
0.351485
0.259573
0.271139
0.288183
0.92601
0.344418
0.522314
0.387486
0.387394
0.387394
0.387394
0.387397
0.387394
0.387394
0.387394
0.387394
0.390832
0.387403
0.387976
0.388156
0.38797
0.388155
0.388096
0.388067
0.388045
0.388024
0.388007
0.388
0.387949
0.387961
0.388061
0.388069
0.387981
0.387792
0.387809
0.387915
0.387916
0.388008
0.388073
0.387839
0.387636
0.387749
0.388001
0.389468
0.657322
0.387396
0.390787
0.38783
0.3875
0.387419
0.3874
0.387396
0.387469
0.345815
0.00432106
0.218846
0.141326
0.121831
0.0968706
0.106123
0.283791
0.356193
0.404422
0.42115
0.266228
0.293483
0.27343
0.270671
0.3896
0.367782
0.344308
0.39316
0.387394
0.387394
0.387394
0.387394
0.387394
0.387394
0.387972
0.387916
0.387882
0.387859
0.387837
0.387816
0.387807
0.387788
0.387789
0.387883
0.38792
0.387881
0.38775
0.387725
0.387799
0.387816
0.387878
0.38795
0.387799
0.387587
0.387682
0.387845
0.388943
0.281832
0.292681
0.866438
0.367124
0.910156
0.387396
0.387394
0.387394
0.387394
0.387394
0.387394
0.387394
0.38787
0.387847
0.387826
0.387809
0.387806
0.387754
0.387841
0.387909
0.387907
0.38783
0.387698
0.387768
0.38781
0.387831
0.38794
0.38791
0.387635
0.387623
0.387737
0.388181
0.390905
0.387913
0.387406
0.387445
0.387608
0.272573
0.620672
0.279255
0.527888
0.277793
0.303979
0.193615
0.0883895
0.108288
0.11514
0.167371
0.211518
0.0814995
0.217778
0.387394
0.387896
0.387944
0.390068
0.388413
0.387805
0.387495
0.389061
0.29409
0.415496
0.387418
0.387599
0.38769
0.38754
0.387399
0.387443
0.387428
0.387396
0.387394
0.38747
0.387589
0.192458
0.367491
0.387405
0.387411
0.387402
0.0663923
0.387398
0.3874
0.387396
0.387406
0.38823
0.38861
0.387988
0.0773685
0.387394
0.195854
0.179785
0.0801463
0.177407
0.176342
0.113125
0.15678
0.157686
0.145556
0.175131
0.131985
0.138829
0.120007
0.320252
0.121227
0.106578
0.143857
0.382681
0.24405
0.313504
0.306296
0.327729
0.328126
0.339393
0.322497
0.369966
0.347137
0.320406
0.427284
0.34084
0.348424
0.295305
0.27591
0.388343
0.405587
0.41152
0.366774
0.389435
0.389526
0.446185
0.535297
0.416915
0.410928
0.387394
0.387394
0.387394
0.387394
0.387394
0.387394
0.387394
0.387397
0.387396
0.387394
0.387403
0.387413
0.387394
0.387394
0.387394
0.387394
0.387408
0.3874
0.389949
0.389427
0.387405
0.387403
0.387401
0.387398
0.3874
0.387399
0.387399
0.3874
0.3874
0.387402
0.387403
0.387403
0.387403
0.387398
0.387386
0.387391
0.387402
0.387405
0.387404
0.387399
0.387409
0.387511
0.388105
0.390383
0.396006
0.460805
0.390112
0.291493
0.390298
0.0777039
0.210121
0.230684
0.209059
0.1285
0.0761502
0.0684615
0.06857
0.0816231
0.0820955
0.0708306
0.108037
0.122801
0.387408
0.3874
0.389662
0.387394
0.389469
0.387412
0.390146
0.387394
0.387394
0.113314
0.159881
0.390236
0.389807
0.389658
0.0857684
0.387394
0.390511
0.389514
0.410157
0.387465
0.387398
0.120909
0.302635
0.213488
0.388955
0.387394
0.387394
0.387394
0.388341
0.103137
0.387398
0.387394
0.368707
0.0799815
0.372292
0.388457
0.359134
0.411982
0.465474
0.418512
0.410435
0.387433
0.387394
0.387394
0.387394
0.387406
0.387412
0.387419
0.390199
0.387394
0.389595
0.3874
0.3874
0.3874
0.387399
0.3874
0.3874
0.387401
0.387402
0.387403
0.387403
0.387401
0.387386
0.387399
0.387397
0.387404
0.387405
0.387401
0.3874
0.387436
0.387694
0.389788
0.447045
0.170968
0.250067
0.0749961
0.178221
0.0963058
0.390065
0.389545
0.19151
0.104645
0.0767297
0.0750204
0.387402
0.387582
0.387417
0.387398
0.387399
0.387402
0.387399
0.387379
0.387397
0.38739
0.387399
0.3874
0.3874
0.387399
0.387398
0.387398
0.387397
0.387397
0.387394
0.387394
0.387463
0.387398
0.387394
0.387401
0.387401
0.387859
0.387395
0.38739
0.387387
0.387397
0.3874
0.3874
0.3874
0.387399
0.387398
0.387394
0.416568
0.41512
0.509916
0.390852
0.548573
0.40915
0.432188
0.387394
0.387403
0.387397
0.387397
0.387397
0.387397
0.387397
0.387397
0.387394
0.387394
0.387394
0.387394
0.387805
0.387424
0.11172
0.389056
0.388573
0.342487
0.387396
0.387394
0.387394
0.169697
0.387394
0.387573
0.382916
0.387394
0.387397
0.330244
0.16234
0.344113
0.387456
0.387437
0.0955604
0.102142
0.106314
0.287287
0.491207
0.28104
0.351242
0.391913
0.386736
0.380936
0.382327
0.388116
0.387687
0.387398
0.288333
0.284372
0.387394
0.387453
0.585937
0.727954
0.387394
0.38744
0.387396
0.388895
0.388369
0.388582
0.387394
0.387394
0.198513
0.245355
0.38937
0.387944
0.383789
0.387394
0.387394
0.449628
0.358592
0.387394
0.387394
0.387394
0.387394
0.387394
0.387394
0.387394
0.387394
0.387394
0.387394
0.387394
0.387394
0.387394
0.387394
0.387394
0.387394
0.387394
0.387394
0.387394
0.387394
0.387389
0.387173
0.38756
0.387286
0.387821
0.388065
0.387378
0.387393
0.387393
0.387394
0.387394
0.387564
0.387496
0.387668
0.387395
0.387394
0.387394
0.387411
0.387426
0.387349
0.387354
0.387394
0.387394
0.387394
0.387394
0.31253
0.303214
0.310168
0.198137
0.387394
0.387394
0.389021
0.388474
0.365369
0.340444
0.104608
0.140442
0.387398
0.387402
0.0952203
0.121864
0.547183
0.387417
0.356705
0.332121
0.351664
0.446045
0.387394
0.387857
0.388539
0.390596
0.389123
0.388665
0.389214
0.388753
0.387394
0.104235
0.371308
0.387653
0.387909
0.388167
0.387766
0.387396
0.365913
0.387401
0.387399
0.387408
0.387415
0.387404
0.387394
0.348085
0.387396
0.182048
0.170832
0.365618
0.396504
0.387521
0.387579
0.387483
0.387402
0.387435
0.303572
0.139809
0.123537
0.306992
0.128656
0.131655
0.125849
0.184139
0.243495
0.135829
0.132052
0.167903
0.171013
0.381802
0.10787
0.356135
0.366903
0.387874
0.389194
0.388722
0.387394
0.387394
0.332719
0.387395
0.387395
0.299065
0.387394
0.387394
0.387394
0.214298
0.387516
0.387412
0.573891
0.387495
0.387394
0.387394
0.387394
0.387394
0.33466
0.351527
0.3712
0.387394
0.387394
0.387394
0.387394
0.387394
0.387394
0.387394
0.387394
0.387392
0.387377
0.387219
0.387339
0.133871
0.387299
0.387373
0.387388
0.387389
0.387394
0.387394
0.340574
0.130545
0.387234
0.387383
0.387394
0.387394
0.387394
0.38723
0.38738
0.387394
0.387394
0.387354
0.387525
0.387249
0.38739
0.387394
0.387394
0.387394
0.387394
0.387394
0.387394
0.387394
0.387393
0.387261
0.386838
0.387354
0.387394
0.387394
0.399213
0.375823
0.387394
0.409828
0.387386
0.416466
0.416459
0.387394
0.137017
0.388218
0.393047
0.395131
0.386906
0.387039
0.387427
0.11884
0.387389
0.38739
0.12721
0.362568
0.387393
0.410645
0.37908
0.415021
0.100489
0.3874
0.387396
0.149558
0.387394
0.403297
0.387394
0.387394
0.356044
0.387394
0.387394
0.387394
0.387394
0.387394
0.432963
0.387395
0.391396
0.381386
0.387394
0.387394
0.387394
0.387394
0.387394
0.10841
0.0922083
0.35249
0.387394
0.387394
0.387394
0.387394
0.38758
0.386597
0.387394
0.242057
0.387394
0.387391
0.387394
0.387371
0.387342
0.386533
0.387007
0.38817
0.130585
0.387057
0.387394
0.387394
0.387394
0.387394
0.387425
0.38709
0.387054
0.387394
0.387394
0.388316
0.387394
0.387394
0.316361
0.126907
0.386752
0.387389
0.387394
0.387394
0.181756
0.385463
0.38082
0.361455
0.141665
0.387401
0.387409
0.39993
0.387396
0.387394
0.398448
0.391556
0.340294
0.358269
0.377343
0.380323
0.387394
0.387394
0.31496
0.383287
0.303186
0.387365
0.387369
0.386267
0.387551
0.134719
0.119466
0.392322
0.392065
0.388349
0.387394
0.387394
0.387394
0.109501
0.387694
0.387418
0.225042
0.388012
0.388306
0.387831
0.375894
0.123279
0.387394
0.130245
0.380402
0.387394
0.117361
0.387232
0.387233
0.402482
0.387465
0.387442
0.366167
0.387394
0.387417
0.387542
0.387607
0.387498
0.387409
0.38741
0.313138
0.328535
0.38739
0.387397
0.387398
0.387394
0.35339
0.360822
0.422611
0.387394
0.387394
0.08769
0.387398
0.387394
0.167389
0.142404
0.153553
0.3745
0.387394
0.387394
0.381891
0.388236
0.370413
0.387733
0.387519
0.389212
0.387394
0.387394
0.387394
0.387412
0.402933
0.388041
0.387394
0.387394
0.387394
0.387394
0.387394
0.387394
0.387393
0.387289
0.387394
0.387383
0.387273
0.386673
0.387375
0.386901
0.387394
0.387416
0.387112
0.387394
0.387394
0.387386
0.38745
0.387493
0.387623
0.135764
0.387398
0.387396
0.387395
0.387395
0.387395
0.387951
0.387394
0.387394
0.387394
0.387394
0.387394
0.388028
0.387394
0.386419
0.386257
0.388066
0.387418
0.387394
0.388307
0.387394
0.383334
0.386335
0.257103
0.391912
0.38741
0.387416
0.131692
0.139222
0.117182
0.387401
0.387404
0.387399
0.390587
0.387394
0.387219
0.115964
0.387394
0.387394
0.385774
0.383754
0.380383
0.389099
0.386222
0.38737
0.387409
0.389864
0.387394
0.0865353
0.219239
0.277619
0.14581
0.0988155
0.102809
0.100091
0.387394
0.390972
0.382992
0.387808
0.390326
0.387354
0.386424
0.387397
0.387788
0.375055
0.387394
0.387394
0.387394
0.380088
0.378081
0.387375
0.124974
0.0816623
0.0674768
0.0920234
0.385166
0.387679
0.387394
0.387394
0.387394
0.387394
0.387394
0.387397
0.387394
0.394848
0.38739
0.387362
0.387394
0.386118
0.387449
0.389724
0.387952
0.387388
0.387415
0.386499
0.387582
0.095056
0.0955329
0.079442
0.386117
0.386192
0.387394
0.387394
0.387394
0.3879
0.390363
0.387744
0.162845
0.131975
0.387394
0.387394
0.382777
0.384556
0.387394
0.387395
0.387645
0.387394
0.387394
0.387394
0.387394
0.387394
0.387394
0.386401
0.391609
0.387309
0.38678
0.387394
0.387388
0.387397
0.387406
0.387814
0.378304
0.389754
0.393877
0.385507
0.387367
0.38741
0.387394
0.387394
0.386908
0.387092
0.386947
0.370267
0.387394
0.387394
0.387555
0.387414
0.415423
0.38758
0.262661
0.250402
0.382551
0.395926
0.365265
0.372885
0.387673
0.387378
0.387394
0.387395
0.387257
0.387326
0.387394
0.102927
0.387394
0.384677
0.387401
0.387839
0.377534
0.386792
0.389822
0.387428
0.387416
0.387394
0.387523
0.387546
0.38785
0.387691
0.387712
0.1655
0.389066
0.387404
0.387317
0.394921
0.386528
0.200931
0.387394
0.390562
0.387394
0.387394
0.387388
0.387394
0.387394
0.393529
0.374084
0.390029
0.387394
0.387394
0.387394
0.387394
0.387394
0.387394
0.387394
0.387394
0.387396
0.387394
0.387394
0.387394
0.387394
0.381471
0.387392
0.387401
0.38741
0.377037
0.387394
0.400901
0.398512
0.387396
0.387408
0.387425
0.16977
0.387265
0.427601
0.387394
0.388261
0.388438
0.387394
0.387457
0.387426
0.387504
0.387394
0.38761
0.387394
0.387394
0.387395
0.387395
0.405886
0.18897
0.396808
0.387439
0.387469
0.387501
0.387445
0.387395
0.388217
0.402443
0.387394
0.387699
0.387469
0.405579
0.387394
0.387394
0.387582
0.387394
0.386836
0.387397
0.37366
0.387436
0.242851
0.260132
0.328707
0.319487
0.364974
0.387397
0.3874
0.387517
0.387401
0.387397
0.387528
0.387556
0.117078
0.387419
0.387516
0.387415
0.387394
0.390113
0.384236
0.391216
0.387394
0.387813
0.391674
0.3874
0.387394
0.392812
0.387394
0.383363
0.387394
0.387394
0.387394
0.387394
0.388268
0.375575
0.389191
0.387394
0.387882
0.388798
0.387761
0.385003
0.390913
0.387398
0.390665
0.387394
0.387676
0.387678
0.387394
0.387396
0.384826
0.373944
0.391969
0.387395
0.387397
0.38539
0.387394
0.387394
0.128622
0.387394
0.387394
0.383688
0.386723
0.387394
0.384251
0.391812
0.377808
0.387457
0.378926
0.387394
0.387683
0.384247
0.390031
0.395552
0.382414
0.387397
0.387394
0.176225
0.388458
0.249296
0.233819
0.381698
0.387398
0.388976
0.382034
0.387502
0.387409
0.387403
0.384912
0.387395
0.388375
0.387408
0.38988
0.396449
0.281716
0.293942
0.387395
0.0772076
0.387499
0.0771489
0.0797934
0.1209
0.408718
0.387423
0.0895322
0.38742
0.38766
0.387521
0.387614
0.387427
0.387416
0.387455
0.387457
0.387396
0.387438
0.0927893
0.102373
0.3874
0.387411
0.387476
0.384051
0.387396
0.387394
0.221993
0.391057
0.387396
0.387394
0.387404
0.387399
0.387416
0.387394
0.387786
0.109349
0.387396
0.403382
0.110158
0.387395
0.113676
0.387396
0.262415
0.234017
0.387437
0.37796
0.387402
0.3874
0.387398
0.10472
0.4164
0.387423
0.385584
0.387396
0.392173
0.396636
0.387417
0.392079
0.388149
0.35553
0.387395
0.387647
0.337233
0.387395
0.387455
0.389517
0.387551
0.387459
0.387585
0.360888
0.387646
0.387395
0.387395
0.387395
0.349053
0.383564
0.384487
0.387398
0.387405
0.137332
0.1531
0.380769
0.222843
0.390713
0.22064
0.387411
0.387422
0.387404
0.387887
0.393647
0.3823
0.387741
0.387396
0.41721
0.375855
0.402763
0.395689
0.386867
0.387408
0.387805
0.387805
0.387399
0.387398
0.387406
0.387395
0.387973
0.387402
0.387663
0.387353
0.387893
0.387398
0.38754
0.3874
0.394108
0.400661
0.412168
0.390034
0.387607
0.387962
0.387487
0.388655
0.387395
0.387508
0.387396
0.387395
0.387396
0.387531
0.387438
0.387398
0.387398
0.387413
0.389619
0.387395
0.387396
0.388114
0.387417
0.3874
0.387429
0.38749
0.387439
0.397145
0.395562
0.387609
0.387844
0.389261
0.406038
0.387446
0.389359
0.387717
0.387971
0.3874
0.387415
0.387396
0.387415
0.387816
0.387435
0.387311
0.387512
0.388967
0.390761
0.401342
0.387743
0.389027
0.396474
0.391072
0.399109
0.388179
0.411931
0.38749
0.387395
0.38754
0.387396
0.387743
0.387614
0.38775
0.389931
)
;

boundaryField
{
    bullet
    {
        type            compressible::alphatWallFunction;
        Prt             0.85;
        value           nonuniform List<scalar> 
30
(
0.0119501
0.00704387
0.00726972
0.0060147
0.00538224
0.0046522
0.00243147
0.00128626
0.00245779
0.00134257
0.000943658
0.000586317
0.000363024
0.00137769
0.000364867
0.000240149
0.000429025
0.000123401
7.07381e-05
0.000415059
0.00127071
0.00214172
0.00334244
0.00250559
0.00382141
0.00459279
0.00535364
0.00624877
0.00983348
0.0134478
)
;
    }
    topWall
    {
        type            calculated;
        value           nonuniform List<scalar> 
50
(
0.390674
0.389481
0.388781
0.38852
0.388548
0.388604
0.38852
0.388696
0.388993
0.38991
0.390698
0.390829
0.392015
0.392015
0.392015
0.392015
0.392015
0.392015
0.392015
0.392015
0.392015
0.389241
0.389806
0.390384
0.390825
0.391147
0.391303
0.391357
0.391346
0.39154
0.392015
0.392015
0.392015
0.392015
0.392015
0.392015
0.392015
0.392015
0.392015
0.392015
0.392015
0.392015
0.392015
0.392015
0.392015
0.392015
0.392015
0.392015
0.392015
0.392015
)
;
    }
    bottomWall
    {
        type            calculated;
        value           nonuniform List<scalar> 
50
(
0.391734
0.391745
0.391821
0.392015
0.392015
0.392015
0.392015
0.392015
0.392015
0.392015
0.392015
0.392015
0.392015
0.392015
0.392015
0.392015
0.392015
0.392015
0.392015
0.392015
0.392015
0.392015
0.392015
0.392015
0.392015
0.390629
0.389592
0.389156
0.389331
0.389819
0.390152
0.390426
0.390723
0.39109
0.39142
0.391443
0.391083
0.390396
0.389981
0.389848
0.38965
0.389624
0.389786
0.390018
0.390271
0.39053
0.390755
0.39099
0.391333
0.391617
)
;
    }
    inlet
    {
        type            calculated;
        value           uniform 0.392015;
    }
    outlet
    {
        type            calculated;
        value           nonuniform List<scalar> 
30
(
0.387394
0.387394
0.387394
0.387394
0.387394
0.387394
0.387394
0.387395
0.387402
0.388031
0.392785
0.393955
0.394772
0.395177
0.395126
0.392784
0.393952
0.394767
0.395171
0.395122
0.387924
0.387477
0.387395
0.387394
0.387394
0.387394
0.387394
0.387394
0.387394
0.387394
)
;
    }
    defaultFaces
    {
        type            empty;
    }
}


// ************************************************************************* //
