/*--------------------------------*- C++ -*----------------------------------*\
  =========                 |
  \\      /  F ield         | OpenFOAM: The Open Source CFD Toolbox
   \\    /   O peration     | Website:  https://openfoam.org
    \\  /    A nd           | Version:  6
     \\/     M anipulation  |
\*---------------------------------------------------------------------------*/
FoamFile
{
    version     2.0;
    format      ascii;
    class       volScalarField;
    location    "0.0006";
    object      epsilon;
}
// * * * * * * * * * * * * * * * * * * * * * * * * * * * * * * * * * * * * * //

dimensions      [0 2 -3 0 0 0 0];

internalField   nonuniform List<scalar> 
3704
(
247790
232583
222651
218907
219838
220271
221580
222594
226451
234503
236313
233226
227064
222755
220814
218686
218359
220000
221967
223348
224061
224326
225158
228465
233197
238170
243085
249796
259726
259756
259732
259702
259797
259963
260100
260195
260264
260316
260357
260391
260421
260448
260472
260494
260511
260525
260540
260561
260558
260609
247819
232613
222630
218796
219580
219951
221128
222137
225883
233507
235372
232516
226597
222426
220537
218445
218127
219748
221688
223047
223743
223994
224796
227979
232473
237060
241356
246414
249984
249435
249352
249259
249526
250001
250395
250666
250861
251011
251129
251226
251311
251386
251455
251517
251566
251604
251647
251706
251694
251853
247880
232676
222588
218578
219092
219350
220329
221309
224855
231773
233711
231231
225726
221795
219997
217974
217670
219251
221142
222460
223126
223352
224101
227074
231171
235133
238485
241511
242343
241286
241145
240984
241382
242104
242703
243117
243415
243643
243822
243969
244098
244213
244317
244408
244480
244533
244598
244694
244659
244947
247979
232774
222523
218256
218424
218537
219319
220242
223543
229696
231676
229587
224551
220903
219216
217286
217002
218528
220348
221611
222238
222437
223126
225856
229519
232839
235301
236842
236623
235273
235089
234868
235343
236222
236953
237459
237821
238100
238319
238497
238655
238794
238920
239027
239107
239162
239242
239373
239290
239745
248129
232914
222435
217837
217622
217576
218208
219057
222116
227648
229594
227792
223174
219794
218220
216401
216140
217597
219329
220526
221113
221289
221921
224432
227739
230594
232495
233304
232756
231316
231115
230863
231360
232288
233064
233601
233984
234279
234511
234699
234866
235012
235142
235249
235319
235361
235447
235611
235448
236134
4.58306e+07
5.59715e+07
3.9134e+07
3.35228e+07
4.01797e+07
5.21958e+07
6.80978e+07
9.59383e+07
1.19887e+08
1.54641e+08
2.07344e+08
2.89198e+08
3.66233e+08
3.2996e+08
4.21756e+08
1.83499e+07
4.95407e+07
3.14103e+07
2.42495e+07
2.7615e+07
2.90359e+07
4.53224e+07
5.59352e+07
6.043e+07
6.91923e+07
8.72431e+07
1.07262e+08
1.59656e+08
1.90576e+08
2.09359e+08
2.10942e+07
5.32653e+07
3.58324e+07
3.4952e+07
3.40045e+07
2.83223e+07
3.60741e+07
4.1419e+07
4.47258e+07
5.2828e+07
6.43391e+07
8.38812e+07
1.28403e+08
2.2011e+08
1.94257e+08
3.02824e+07
4.37169e+07
3.10307e+07
3.08398e+07
3.20336e+07
2.7422e+07
3.16415e+07
3.45803e+07
3.7249e+07
4.34545e+07
5.37143e+07
7.67235e+07
1.22539e+08
3.08609e+08
2.09586e+08
2.93284e+07
3.13023e+07
2.93317e+07
2.66017e+07
2.78447e+07
2.52988e+07
2.88674e+07
2.98944e+07
3.22906e+07
3.80526e+07
4.74408e+07
7.20248e+07
1.17959e+08
4.13244e+08
2.36564e+08
3.73663e+08
4.92494e+08
6.1486e+08
4.49289e+08
3.23969e+08
2.00048e+08
1.40659e+08
1.24355e+08
9.3041e+07
6.95604e+07
7.10657e+07
1.19272e+08
7.88413e+07
1.84758e+08
2.42693e+08
2.21282e+08
2.46621e+08
2.13834e+08
1.66658e+08
1.67379e+08
1.28269e+08
8.22295e+07
6.99963e+07
6.50504e+07
5.44587e+07
3.42302e+07
4.07844e+07
6.14404e+07
1.14901e+08
8.71593e+07
2.13202e+08
2.41361e+08
1.61342e+08
1.17085e+08
1.06472e+08
9.26153e+07
7.42542e+07
6.23874e+07
5.4613e+07
4.4866e+07
4.03762e+07
4.06683e+07
5.16255e+07
1.14546e+08
1.11101e+08
2.31145e+08
2.64055e+08
1.39855e+08
9.77469e+07
7.98272e+07
7.00146e+07
5.90631e+07
5.18791e+07
4.71284e+07
4.10651e+07
4.12553e+07
4.04829e+07
4.88513e+07
1.31011e+08
1.28237e+08
2.58773e+08
2.8718e+08
1.28859e+08
8.92534e+07
6.96689e+07
5.90851e+07
4.98862e+07
4.34033e+07
4.10413e+07
3.56588e+07
3.96822e+07
4.01377e+07
4.65739e+07
1.41946e+08
1.044e+08
260620
260574
260571
260550
260539
260530
260515
260495
260471
260444
260413
260378
260337
260290
260232
260161
260048
259800
259263
258419
249031
241872
238287
235400
232262
228045
223627
218531
213504
222679
253354
256808
257317
256931
256080
255043
253122
247741
228651
226841
219314
208483
206672
206881
208726
210729
214193
221093
232439
247925
251885
251741
251736
251673
251642
251618
251579
251522
251454
251376
251288
251188
251072
250936
250773
250568
250246
249538
248023
246188
243820
239588
236886
234432
231561
227545
223264
218271
213219
213401
233588
241329
242671
241704
239662
237579
235006
231509
228162
226328
218903
208300
206513
206799
208633
210643
214136
221073
232449
247944
244997
244738
244742
244635
244590
244560
244504
244420
244318
244199
244065
243912
243736
243528
243279
242968
242478
241410
239135
236558
236923
235916
234511
232735
230298
226621
222576
217771
212813
211545
221673
229761
231543
230380
228088
226409
225758
226616
227250
225385
218157
207970
206229
206637
208447
210472
214021
221033
232471
247988
239811
239403
239434
239281
239228
239205
239147
239048
238925
238779
238616
238429
238214
237960
237656
237276
236681
235388
232650
229613
230969
232066
231807
230688
228695
225390
221626
217064
212289
210516
215689
222199
224071
223000
221071
220360
221688
224746
226013
224144
217199
207547
205875
206397
208171
210215
213848
220972
232508
248070
236210
235599
235684
235478
235424
235424
235380
235284
235156
235002
234829
234629
234401
234132
233808
233406
232775
231414
228538
225373
227012
228988
229357
228646
226968
223973
220476
216183
211653
209766
213028
218121
219907
218988
217465
217420
219688
223292
224554
222734
216150
207084
205501
206081
207806
209872
213616
220891
232562
248207
256265
257686
257376
257679
257309
256099
236131
210308
201705
200492
200551
200650
200548
200468
200481
200521
200463
200437
200492
200534
200492
200420
200434
200472
200500
200519
200541
200579
200646
200675
200430
199930
199856
199856
199856
199856
199856
199856
199856
199856
199856
325509
292888
205191
869917
324360
200263
293615
206446
177682
196570
202006
283973
688515
1.23307e+06
8.13409e+06
1.97811e+07
1.21592e+07
2.00841e+07
2.28414e+07
1.68531e+07
200213
1.63786e+07
1.51142e+07
1.8278e+07
1.94668e+07
1.99052e+07
1.95634e+07
2.25442e+07
2.78146e+07
3.9564e+07
6.25963e+07
1.02617e+08
5.28913e+08
3.04807e+08
3.80534e+08
212100
199877
199877
199966
200415
202692
211943
236471
244765
200161
199856
3.65288e+08
249295
257149
248998
257568
249395
249683
257600
257676
220816
204366
200768
200463
200631
200600
200514
200451
200514
200499
200434
200460
200521
200525
200461
200407
200457
200487
200510
200529
200557
200609
200674
200453
200794
199857
199856
199856
202599
199856
199856
199856
3.80338e+08
199856
199856
199856
199856
199960
414007
215038
228280
445152
236101
172400
222332
193753
203606
198294
198854
451279
986396
6.62686e+06
1.36442e+07
1.38807e+07
2.61688e+07
1.67597e+07
1.51468e+07
1.74943e+07
1.39514e+07
1.77059e+07
1.84815e+07
1.79819e+07
2.01741e+07
2.36074e+07
2.90472e+07
4.36486e+07
7.17137e+07
1.17203e+08
4.39524e+06
200115
199867
199870
199903
199928
200107
201117
205908
221610
244897
249363
249714
249439
206702
200971
200301
200381
200453
200390
200328
200354
200357
200287
200254
200291
200317
200280
200210
200233
200258
200278
200293
200314
200353
200414
200457
199856
199856
199856
199856
199856
199856
199858
585004
256847
192035
596556
270067
171257
358260
201507
183720
191334
196568
331830
820966
2.90861e+06
1.63662e+07
9.37028e+06
5.60986e+06
200797
7.06135e+07
200159
199863
199888
200024
200702
204084
216247
200441
200421
200366
200328
200370
200325
200259
200268
200311
200310
200253
200213
200246
200269
200285
200302
200330
200384
200427
199856
199856
199856
202761
340538
198545
695381
379611
190807
179702
196610
183899
195952
207221
216932
547451
1.24021e+06
9.87068e+06
1.40207e+07
9.64319e+06
1.40841e+07
214853
200310
227673
199860
199856
199856
199856
228436
208572
201793
199864
291856
200230
241078
240534
243613
242220
205985
199862
200304
199866
200470
199856
199888
199870
199856
199862
199862
199858
199840
199872
199860
199859
199859
199859
199859
199859
199859
199859
199859
199859
199860
199864
199862
199856
199856
199856
200001
200159
199922
199856
199856
199856
199856
199864
202008
203561
201028
3.91622e+07
227543
199856
199856
199856
199856
199856
199856
217412
225707
234391
224464
222994
206116
184922
182489
163625
175318
220907
544071
3.02659e+06
9.63996e+06
5.1931e+06
4.59744e+06
7.45262e+06
1.53308e+07
214042
209424
1.13751e+07
9.57718e+06
3.82556e+07
9.20394e+06
8.60346e+06
9.84727e+06
199868
200273
200194
199863
199865
221719
204583
200003
200082
199919
199954
203610
199876
199872
215254
201586
202490
199863
199860
207729
211192
244076
1.45102e+07
1.34146e+07
1.37629e+07
1.40666e+07
1.07777e+07
1.18265e+07
1.15401e+07
3.10164e+07
6.09114e+06
2.49521e+07
199856
199856
241680
234821
233577
199856
199856
235296
199876
199856
1.01814e+07
1.05008e+07
8.84579e+06
235601
199859
199860
242048
235024
1.2572e+06
199856
199875
199864
199862
199863
199856
199856
205446
227235
199862
199861
199861
199854
199861
199858
199859
199859
199859
199859
199859
199859
199859
199859
199859
199861
199866
199861
199884
7.48694e+06
199848
199856
199856
199856
199856
199856
199860
199856
199860
220996
199856
204609
227726
200407
223576
199873
231917
235247
223081
217436
194132
166314
206986
186764
198288
184217
239641
1.21629e+06
6.419e+06
1.01309e+07
3.4248e+06
5.4541e+06
199858
199858
1.25808e+07
240417
220077
200045
199856
199861
241658
234072
234666
199899
199858
199884
200630
233178
201057
1.21761e+07
1.29989e+07
1.30368e+07
1.13027e+07
9.648e+06
4.38638e+06
8.25711e+06
199859
7.76169e+06
8.08559e+06
1.86255e+06
199862
5.52032e+06
200385
199875
4.82605e+06
9.00579e+06
4.47249e+06
697103
214015
174171
175169
218429
179179
199242
226270
199859
231731
217062
239397
199860
199861
199858
199858
199858
199858
199858
199858
199858
199858
199858
199858
199858
199858
199858
199858
199860
199869
199858
199860
199836
199858
199858
191368
183876
168884
179676
216011
223034
199856
200918
214336
227110
358217
5.98645e+06
199871
199856
199862
199856
199856
199946
218429
226356
199856
199839
199922
199853
199918
199857
199870
191165
199856
199856
199856
199856
199856
199856
199856
199856
199856
1.09509e+07
199856
199856
199856
199856
199856
199856
199856
199856
199856
199400
565611
199856
4.41292e+06
199856
199856
7.40868e+06
199851
199841
199856
199856
199856
199942
199901
199836
199868
199856
199857
199856
199856
199856
199864
199859
199945
199686
199856
199856
199947
269104
201251
199736
200086
199856
199856
199856
199856
199050
206507
211517
187607
183021
197209
191514
6.50425e+06
194429
215073
199856
199856
428076
910405
2.93267e+06
199856
199856
208771
199856
199856
204339
6.82951e+06
199857
199857
218626
226935
213391
202323
200030
1.08798e+07
199929
199970
199888
199905
199856
199856
199856
199856
209389
206606
213745
385790
998921
208969
200780
1.17578e+07
1.12809e+07
491579
200265
200131
200496
214106
212970
199856
199856
199856
199856
199856
199856
3.91288e+06
6.70907e+06
1.11037e+07
3.24589e+06
201911
201272
202975
199869
199863
199810
199803
2.94871e+06
2.04184e+06
3.10334e+06
199856
199856
4.22801e+06
5.37392e+06
228354
593888
199856
199856
227350
315189
199856
199856
228497
222451
221851
199926
199855
199855
199856
199789
199856
199693
199856
196986
199870
199864
1.06638e+07
199856
199856
199856
284411
183822
200111
199860
199853
199958
199856
199856
199950
200088
199901
199856
199856
200110
199862
199236
209238
198050
216178
198517
204186
196096
186456
194544
6.62057e+06
199856
576133
2.05263e+06
1.84421e+06
199856
3.33421e+06
205492
203275
3.39574e+06
8.77541e+06
9.56859e+06
199907
199973
199877
7.26898e+06
6.64889e+06
7.65024e+06
1.0764e+07
199993
200088
1.31391e+07
199856
681286
328298
497927
199861
200898
200383
199856
199856
199856
1.2066e+06
190940
201977
213185
3.1435e+06
199856
199629
199856
199856
199856
199856
199887
198242
184929
203206
220725
199856
199856
199856
199856
199856
212914
199870
199454
220831
199860
199973
199849
199856
199856
199860
199856
199538
199785
199693
199491
199417
194306
199872
199863
200527
200552
199857
199856
199856
199856
199856
199856
199856
2.44584e+06
199856
231250
204791
199856
449238
199856
199856
199075
199661
199856
199856
199155
198939
199856
199856
188473
216800
9.95645e+06
199856
199856
313170
258536
349134
199858
199858
199861
199860
199856
199856
6.09097e+06
230447
219938
199856
199856
199856
199856
199856
181914
177146
187124
200732
201026
199856
212720
209761
1.07976e+07
182653
179808
199856
199856
227905
221575
222066
199954
199878
199889
199856
199856
199854
199852
199853
199756
199856
199856
9.09298e+06
199605
199513
199856
199856
199856
199856
199856
199856
199856
199856
4.22334e+06
180825
190909
190011
189605
200111
199914
199529
199899
199750
199695
199858
199857
3.70039e+06
199856
204919
199861
199726
2.82272e+06
199876
191390
199856
199856
199856
199859
925096
199856
200539
223359
199953
199740
199856
199587
219312
215927
199856
203701
217055
4.78298e+06
199865
199856
1.03367e+07
199855
200801
200707
199865
200114
199856
199856
210850
8.67757e+06
6.41571e+06
199829
244174
199856
230415
233858
199856
177965
205811
225246
181104
9.80657e+06
336455
199856
639322
208758
201773
205229
199856
7.86643e+06
199872
199862
216558
212240
199907
199935
199856
199856
199856
199842
210824
207594
215667
202064
201313
203261
199856
3.10596e+06
199856
199856
199856
200328
200076
2.96346e+06
1.88198e+06
986467
2.00527e+06
200272
200486
185595
199856
199856
199856
199959
483242
200259
204065
199782
641051
199980
200045
216231
211591
211897
199859
202045
199870
189621
199856
199897
199799
201948
393766
201210
200412
199799
199147
199567
198880
199966
199852
202083
202166
3.45771e+06
200922
202650
199856
4.48744e+06
199861
199859
199864
199856
199856
199877
199825
205594
189480
199862
316285
199856
6.64038e+06
199861
197936
197968
199073
198214
199856
199856
201111
198033
199856
199856
199856
199856
199855
418057
6.2074e+06
5.21797e+06
6.74013e+06
199849
199585
199479
200004
199879
199857
184841
199237
199197
199854
7.20371e+06
201284
200591
199856
202974
221818
201977
199824
199866
5.54553e+06
199856
199856
199856
199856
199270
201136
188654
188664
199856
198002
197477
199856
199856
199856
199856
199856
199856
199856
199856
211851
202017
228014
191618
186402
201673
203034
200797
199850
199843
199856
199856
199850
199850
199856
199856
199856
199856
1.2745e+06
208181
199856
199856
199861
199856
199856
199856
199856
199856
199856
199852
199854
199815
199480
199933
199844
199924
199856
199855
216853
203458
200149
202090
199856
217370
196043
200732
201243
201238
199901
188115
199988
199899
195989
199856
208165
201456
3.87199e+06
201670
212838
199856
199856
199869
199856
199856
192962
202606
199848
320289
199856
189418
199856
2.18826e+06
199857
246273
258590
280930
1.23935e+06
199879
199895
199851
199847
5.40114e+06
6.61261e+06
205002
206295
199856
436812
725464
199856
6.55274e+06
199863
199858
199856
199861
199856
199856
197245
193103
210038
5.49201e+06
209129
1.79052e+06
199856
199856
200103
199965
205324
203402
208111
205896
208307
203622
4.75999e+06
5.66618e+06
199856
199856
199857
199856
199856
199921
199956
199856
199856
205681
199856
200626
200013
196688
200387
199867
199856
208563
199874
200209
215029
199856
217011
199856
193637
196603
200052
199945
200125
200285
206634
194899
201031
199854
199856
193280
199856
199856
199856
208880
2.3137e+06
199856
198711
201083
201009
200878
199856
199856
199860
199902
200065
199856
199175
198998
199875
200108
199991
199856
193494
202839
199856
199670
199207
3.03816e+06
199843
199753
199856
199856
199856
201116
199856
175274
3.97715e+06
2.76624e+06
200978
200391
199856
199856
219302
200479
199856
199856
201215
199856
837730
200722
199856
240088
199856
199855
199856
199856
184942
199855
199855
186564
803306
4.07655e+06
195910
198968
205937
200177
201942
197891
199867
199874
241027
207234
199890
801320
247782
329328
214490
209014
196368
199842
228755
199958
199913
200003
201141
202153
199250
200157
199866
199868
199866
199869
199857
199862
199854
199856
3.47395e+06
3.2226e+06
208191
205434
205437
201354
199861
199962
199901
636147
729964
199859
199876
203093
199860
200031
199859
197351
196845
200171
199911
2.92286e+06
199447
199887
199878
199877
2.98507e+06
607335
199868
199073
1.69263e+06
584105
1.50974e+06
200003
200794
199254
870580
960419
198695
200109
199858
347974
203577
199939
199917
199889
201929
199858
199848
199859
248268
227061
198372
200610
200104
199768
199394
199862
199881
199862
199831
199860
200381
199891
210581
199859
199905
199888
724085
199869
196788
196504
201000
278590
292281
199844
198216
203303
199824
199820
199865
199861
199868
199859
199886
393494
370271
199867
199861
199858
199856
199889
201657
202280
200836
199656
199902
252746
199856
198079
199858
257946
268136
199854
215787
199847
198373
199866
205590
204840
210515
202285
199861
199766
199763
199706
199832
199855
199338
199928
199182
200015
200706
199823
199846
200141
199858
199872
199863
199608
199858
198677
200981
199857
203838
197586
198058
199859
199850
200040
200244
199852
199857
199887
199871
256088
257177
257355
258192
257234
256266
236473
212036
202742
200421
199967
199877
199876
217416
4.13185e+08
3.34023e+08
3.01376e+08
1.22096e+08
8.06794e+07
6.0675e+07
4.71162e+07
3.73396e+07
3.00494e+07
2.60115e+07
2.34285e+07
2.72636e+07
2.47916e+07
2.98072e+07
4.88167e+07
3.22614e+07
1.11284e+08
1.10313e+08
8.69447e+07
4.43854e+07
1.88088e+07
6.993e+06
3.20899e+06
1.2832e+06
352975
195205
177945
229019
177421
227028
174986
214393
199628
210030
212662
337131
199856
199856
199856
199856
199856
199856
199856
199856
199856
200538
200719
200697
200625
200567
200531
200498
200466
200443
200428
200356
200490
200572
200537
200385
200236
200344
200398
200439
200591
200491
200119
200392
203618
219107
247819
244899
4.00545e+08
199856
200380
248472
256797
248643
258103
257590
250191
249281
257721
228527
221688
2.34529e+08
216363
206003
201142
200111
199904
199866
200105
6.12231e+06
199863
1.28714e+08
8.50737e+07
6.35565e+07
5.2192e+07
3.82441e+07
3.26403e+07
2.67909e+07
2.27917e+07
2.16468e+07
2.48405e+07
2.487e+07
3.08699e+07
8.12508e+07
5.5512e+07
3.05858e+07
9.0771e+06
5.05882e+06
1.97693e+06
722168
199613
177209
233821
192313
210075
170217
183969
203012
412726
198408
261144
199972
199856
199856
199856
199888
199856
199856
199856
199856
249881
199861
200445
200675
200437
200667
200591
200548
200514
200482
200453
200440
200390
200415
200544
200572
200479
200277
200283
200383
200406
200519
200581
200307
200137
201228
209172
232877
1.00933e+08
199858
249409
208700
201830
200236
199930
199870
199864
292448
1.63226e+08
6.51073e+07
1.08385e+07
5.49978e+06
2.50762e+06
929326
243450
200902
213843
232758
177263
179444
176933
185343
247104
207993
207303
204989
199856
199856
199856
199856
199856
199856
200435
200367
200322
200291
200262
200236
200225
200213
200233
200336
200381
200342
200211
200184
200255
200283
200350
200416
200238
200054
200648
205855
225827
184534
203414
441884
212649
372697
199859
199856
199856
199856
199856
199856
199856
200306
200276
200248
200227
200225
200193
200289
200367
200369
200289
200159
200224
200271
200302
200412
200361
200083
200186
202083
213599
250683
200312
200025
200712
204155
172826
304595
179055
272017
166899
190948
465249
1.56662e+06
3.81087e+06
7.70764e+06
2.16391e+07
4.76509e+07
7.50255e+07
3.78924e+07
199856
200341
200400
240580
200352
207928
201622
227715
5.12691e+07
212925
200195
203754
205713
202571
199921
200627
200378
199869
199856
199880
200047
4.75864e+07
236055
200004
200085
199956
7.02207e+07
199859
199863
199865
199872
215487
221401
211426
7.41995e+06
199856
1.23254e+07
5.14247e+06
1.54539e+07
1.17555e+07
1.10978e+07
1.90306e+06
7.3194e+06
8.4289e+06
5.2447e+06
644140
3.00994e+06
3.40199e+06
2.23416e+06
237391
1.11841e+06
1.31488e+06
785821
202057
343022
280595
172740
190792
203303
187749
178741
195302
187599
175737
216500
186342
186287
167220
160377
201611
207186
210556
193473
200955
199890
226814
266037
212401
209892
199857
199856
199856
199856
199856
199856
199856
199884
199875
199856
199862
199868
199856
199856
199856
199856
199864
199859
239284
232187
199862
199861
199860
199858
199859
199858
199858
199859
199859
199860
199861
199861
199860
199859
199855
199856
199860
199862
199861
199862
199977
201801
213212
244158
208092
224482
241236
5.15627e+07
244081
8.78582e+06
3.30749e+07
2.85764e+07
2.54991e+07
1.90508e+07
1.55756e+07
1.72295e+07
1.7155e+07
2.17045e+07
1.73327e+07
1.80934e+07
1.31117e+07
9.30249e+06
199865
199859
235703
199856
232699
199869
241454
199856
199856
1.71507e+06
852468
242474
236507
234802
1.3252e+07
199856
201411
201154
207733
201058
199900
1.68348e+06
172135
449348
225914
199856
199856
199856
204431
2.50632e+06
199858
199856
193590
1.57818e+07
197088
218842
189989
210967
234788
212596
209831
199891
199856
199856
199856
199864
199869
199876
242060
199856
234086
199859
199859
199859
199858
199859
199859
199859
199860
199861
199861
199860
199854
199859
199858
199861
199862
199860
199880
200393
205537
236314
218526
2.14697e+07
2.80526e+07
4.59241e+07
3.22911e+07
1.45096e+07
240605
233536
4.42578e+07
1.61926e+07
1.48686e+07
1.67676e+07
199909
203279
200116
199866
199858
199860
199859
199852
199858
199855
199858
199859
199859
199858
199858
199858
199857
199857
199856
199856
200902
199859
199856
199859
199860
208871
199857
199855
199854
199858
199859
199859
199859
199858
199858
199856
211146
209927
247909
200695
256110
210545
216176
199856
199862
199858
199857
199857
199857
199858
199857
199856
199856
199856
199856
200020
200267
1.17952e+07
227224
210737
186082
199871
199856
199856
6.95855e+06
199856
199985
198512
199856
199890
216020
1.55973e+07
185788
200808
200503
1.30958e+07
1.38749e+07
1.12881e+07
311370
239806
174026
193397
202261
199550
197567
198040
200136
199973
199857
171672
170671
199856
200851
267609
334921
199856
199872
199857
225280
217558
220415
199856
199856
549691
2.1729e+07
202286
200238
214014
199856
199856
219987
292138
199856
199856
199856
199856
199856
199856
199856
199856
199856
199856
199856
199856
199856
199856
199856
199856
199856
199856
199856
199856
199854
199776
199916
199816
208239
212753
199848
199855
199856
199856
199856
203088
201686
205273
199864
199857
199859
200101
200360
199836
199842
199856
199856
199856
199856
701631
5.38063e+06
4.95702e+06
1.65859e+07
199856
199856
226843
218961
194122
184109
6.93614e+06
6.75615e+06
199905
199968
1.30399e+07
1.49084e+07
260005
201289
192190
181749
190198
222263
199856
238488
209129
227959
228026
221487
229024
222573
199856
1.22783e+07
309061
204705
209652
214285
207053
199876
193418
199934
199909
200032
200131
199978
199856
189722
199878
6.83507e+06
6.38131e+06
194615
205228
202046
203277
201343
199867
199878
183109
1.37505e+07
1.39133e+07
232993
1.6173e+06
2.9737e+06
1.86158e+06
479607
362772
846793
1.01173e+06
583231
1.49671e+07
197867
9.2156e+06
196975
195824
200038
228776
222165
199856
199856
182090
199866
199863
173099
199856
199856
199856
1.73545e+07
199903
199864
260077
199899
199856
199856
199856
199856
183239
191122
209850
199856
199856
199856
199856
199856
199856
199856
199856
199855
199848
199798
199831
1.41169e+07
199820
199849
199853
199854
199856
199856
907018
1.32194e+07
199800
199850
199856
199856
199856
199799
199851
199856
199856
199844
199904
199802
199854
199856
199856
199856
199856
199856
199856
199856
199855
199809
199642
199840
199856
199856
204867
196229
199856
208832
199852
209554
210135
199856
4.15622e+06
200154
202224
202608
199679
199736
200309
1.41258e+06
199853
199854
3.34004e+06
191638
199856
213471
199138
209236
7.78774e+06
199858
199871
9.53912e+06
199856
205181
199856
199856
188309
199856
199856
199856
199856
199856
309989
199871
201803
197938
199856
199856
199856
199856
199856
9.81967e+06
9.73504e+06
188238
199856
199856
199856
199856
199908
199575
199856
3.71907e+06
199856
199855
199856
199847
199837
199552
199746
200129
1.00408e+07
199739
199856
199856
199858
199862
200294
199727
199733
199856
199856
216395
199856
199856
198093
9.86148e+06
199551
199846
199856
199856
8.07643e+06
199944
197449
190652
6.1295e+06
199947
200060
211998
199857
199856
204419
201869
182625
189633
196327
197185
199856
199856
1.43723e+06
435869
1.85291e+06
199841
199847
199461
199924
4.70998e+06
3.43321e+06
203008
203250
216872
199856
199856
199856
6.23281e+06
205399
199882
3.91427e+06
211306
216321
208181
195581
9.53507e+06
199856
9.22219e+06
197750
199856
1.64195e+06
199812
199783
206065
200933
200564
192171
199856
200151
202385
203757
201588
200042
199862
272549
221166
199855
199894
199862
199856
187997
199921
212506
199856
199856
7.92317e+06
199857
199856
7.54228e+06
786325
704735
195775
199857
199856
197468
215302
193662
200235
199907
200709
199856
199856
199856
199862
215912
211638
199856
199856
199856
199856
199856
199856
199856
199820
199856
199852
199806
199585
199849
199682
199856
199833
199762
199856
199856
199853
200724
201519
199933
8.8162e+06
199893
199880
199856
199866
199863
210341
199856
199856
199856
199856
199856
211528
199856
199509
199456
212123
199865
199856
200243
199856
198409
199504
1.9608e+06
201229
199861
199864
4.3571e+06
4.92875e+06
3.72478e+06
199937
199979
199913
201691
199856
199812
1.28644e+06
199856
199856
199159
198597
197331
200521
199440
199845
200037
200788
199856
7.31802e+06
394582
291049
5.14542e+06
3.59611e+06
7.53711e+06
4.00984e+06
199856
201266
198359
207764
200942
199836
199771
199895
207444
195876
199856
199856
199856
197313
196484
199847
6.53303e+06
5.06358e+06
5.07593e+06
3.65985e+06
199121
205096
199856
199856
199856
199856
199856
199857
199856
204403
199854
199843
199856
199434
199892
200668
200039
199855
199866
199555
199952
6.44709e+06
5.8166e+06
6.02777e+06
199388
199429
199856
199856
199856
200074
200871
199999
5.44194e+06
4.99684e+06
199856
199856
198308
198902
199862
199872
204553
199856
199856
199856
199856
199856
199856
199374
201288
199818
199621
199856
199853
199861
199862
207791
196711
200412
202315
199372
199836
199861
199856
199856
199659
199715
199714
193785
199856
199856
202738
199863
580327
203199
1.55514e+06
1.54884e+06
197940
202838
207151
200112
204958
199850
199856
199856
199831
199865
199856
1.27739e+06
199856
198760
199929
199985
196281
199551
200700
200311
200142
199856
199913
202430
208494
205281
205693
653638
200862
199968
199827
202536
199547
445801
199856
202252
199856
199858
199854
199856
199856
202251
195160
203328
199856
199856
199856
199856
199856
199856
199856
199856
199861
199856
199856
199856
199856
197909
199855
199949
200069
195853
199856
204646
214608
199876
199864
199873
569164
200037
424859
199856
200425
200533
199856
200842
200319
201679
199856
203786
199856
199856
199868
199864
261755
552388
203087
199867
200992
201615
200596
199856
200118
205452
199856
200043
199883
234670
199856
199856
203234
199856
199620
199887
194827
199872
352319
325257
238191
252586
215962
199860
199860
199906
199937
199859
202107
202757
1.26784e+06
199867
199898
199864
199856
200710
198728
200966
199856
199905
201481
199919
199856
201789
199856
198236
199856
199856
199856
199856
200222
195690
200471
199856
200084
200320
199977
199050
201105
199899
201013
199856
199961
199875
199856
199857
198927
195075
201510
199870
199891
199415
199856
199856
3.38e+06
199856
199856
198526
199678
199856
198692
201466
196398
199878
197062
199856
200076
198742
202550
202809
198236
199879
199856
561822
200331
1.10878e+06
1.07093e+06
197859
199893
200451
198108
201647
200023
199956
198706
199862
200278
200049
201876
207645
305906
281627
199861
4.23086e+06
199897
2.73128e+06
2.74134e+06
1.26333e+06
362512
200269
4.88585e+06
199881
199964
199917
200054
200293
200128
200811
200789
199861
200489
4.38726e+06
4.49193e+06
199861
199863
201175
198629
199870
199856
437036
201015
199880
199856
199982
199914
200156
199856
200040
3.06488e+06
199878
273148
2.94929e+06
199864
2.72503e+06
199867
816626
788221
200473
196779
199860
199923
199894
2.86592e+06
344266
199869
200129
199869
203270
206838
199871
205290
200234
217812
199864
199953
241812
199861
199879
200569
199916
199898
199948
211801
199870
199860
199861
199859
231948
203300
198903
199859
199862
926987
961200
203191
457059
201070
719048
200066
200239
199979
200110
204156
201031
199988
199859
275684
241347
258643
204889
199865
200023
200001
199993
199860
199859
199862
199863
200073
199947
199952
199832
200044
199859
199955
199860
204428
208421
315808
200830
199937
200042
199892
200570
199860
199899
199868
199861
199879
199910
199876
199859
199903
199864
200734
199866
199877
200314
199869
199861
199877
199899
199877
205944
204085
199979
200018
200809
253413
199883
200700
199977
200083
199861
199865
199859
199865
200009
199881
199907
199901
200784
201383
208654
200001
200539
205215
201881
206877
200267
242291
199905
199862
199926
199859
200027
199941
200037
201315
)
;

boundaryField
{
    bullet
    {
        Cmu             0.09;
        kappa           0.41;
        E               9.8;
        type            epsilonWallFunction;
        value           nonuniform List<scalar> 
30
(
3.73663e+08
4.92494e+08
6.1486e+08
4.49289e+08
3.23969e+08
2.00048e+08
1.40659e+08
1.24355e+08
9.3041e+07
6.95604e+07
7.10657e+07
1.19272e+08
7.88413e+07
1.84758e+08
2.42693e+08
4.58306e+07
5.59715e+07
3.9134e+07
3.35228e+07
4.01797e+07
5.21958e+07
6.80978e+07
9.59383e+07
1.19887e+08
1.54641e+08
2.07344e+08
2.89198e+08
3.66233e+08
3.2996e+08
4.21756e+08
)
;
    }
    topWall
    {
        type            inletOutlet;
        inletValue      uniform 266000;
        value           nonuniform List<scalar> 
50
(
247925
232439
221093
214193
210729
208726
206881
206672
208483
219314
226841
228651
266000
266000
266000
266000
266000
266000
266000
266000
266000
213504
218531
223627
228045
232262
235400
238287
241872
249031
266000
266000
266000
266000
266000
266000
266000
266000
266000
266000
266000
266000
266000
266000
266000
266000
266000
266000
266000
266000
)
;
    }
    bottomWall
    {
        type            inletOutlet;
        inletValue      uniform 266000;
        value           nonuniform List<scalar> 
50
(
238170
243085
249796
266000
266000
266000
266000
266000
266000
266000
266000
266000
266000
266000
266000
266000
266000
266000
266000
266000
266000
266000
266000
266000
266000
247790
232583
222651
218907
219838
220271
221580
222594
226451
234503
236313
233226
227064
222755
220814
218686
218359
220000
221967
223348
224061
224326
225158
228465
233197
)
;
    }
    inlet
    {
        type            fixedValue;
        value           uniform 266000;
    }
    outlet
    {
        type            inletOutlet;
        inletValue      uniform 266000;
        value           nonuniform List<scalar> 
30
(
199856
199856
199856
199856
199856
199856
199856
199856
199861
200538
260609
251853
244947
239745
236134
260620
251885
244997
239811
236210
200430
199930
199857
199856
199856
199856
199856
199856
199856
199856
)
;
    }
    defaultFaces
    {
        type            empty;
    }
}


// ************************************************************************* //
