/*--------------------------------*- C++ -*----------------------------------*\
  =========                 |
  \\      /  F ield         | OpenFOAM: The Open Source CFD Toolbox
   \\    /   O peration     | Website:  https://openfoam.org
    \\  /    A nd           | Version:  6
     \\/     M anipulation  |
\*---------------------------------------------------------------------------*/
FoamFile
{
    version     2.0;
    format      ascii;
    class       volScalarField;
    location    "0.0006";
    object      k;
}
// * * * * * * * * * * * * * * * * * * * * * * * * * * * * * * * * * * * * * //

dimensions      [0 2 -2 0 0 0 0];

internalField   nonuniform List<scalar> 
3704
(
963.457
932.184
911.554
904.06
906.548
907.828
910.841
913.269
921.581
938.216
941.858
935.257
922.007
912.732
908.59
903.973
903.267
906.844
911.159
914.286
916.048
916.853
918.828
925.957
935.836
945.904
955.628
968.822
989.237
989.291
989.295
989.3
989.5
989.803
990.041
990.198
990.305
990.384
990.444
990.492
990.532
990.567
990.597
990.62
990.635
990.642
990.656
990.688
990.658
990.787
963.521
932.248
911.502
903.821
906.063
907.237
910.026
912.487
920.658
936.707
940.407
934.101
921.173
912.086
908.019
903.466
902.774
906.311
910.578
913.666
915.402
916.19
918.127
925.1
934.677
944.228
953.059
963.686
972.111
971.18
971.17
971.186
971.759
972.625
973.308
973.757
974.062
974.287
974.458
974.594
974.71
974.808
974.892
974.957
974.995
975.011
975.052
975.148
975.047
975.45
963.654
932.379
911.399
903.344
905.121
906.093
908.52
911.008
918.911
933.953
937.725
931.915
919.562
910.818
906.889
902.461
901.795
905.256
909.426
912.439
914.126
914.882
916.748
923.438
932.492
941.183
948.594
955.729
958.333
956.442
956.412
956.429
957.3
958.62
959.663
960.348
960.812
961.155
961.415
961.62
961.797
961.945
962.07
962.166
962.215
962.228
962.291
962.452
962.256
962.98
963.867
932.583
911.242
902.635
903.766
904.461
906.501
908.962
916.496
930.373
934.164
928.908
917.269
908.97
905.225
900.975
900.347
903.696
907.724
910.628
912.245
912.958
914.731
921.062
929.494
937.248
943.237
947.502
947.598
945.098
945.051
945.061
946.121
947.734
949.009
949.846
950.412
950.83
951.147
951.396
951.612
951.79
951.939
952.047
952.09
952.083
952.162
952.39
952.059
953.188
964.179
932.867
911.027
901.7
902.047
902.407
904.124
906.477
913.575
926.374
930.069
925.287
914.395
906.59
903.056
899.034
898.454
901.657
905.5
908.263
909.794
910.456
912.122
918.065
925.899
932.89
937.898
940.591
939.812
937.098
937.043
937.042
938.164
939.875
941.229
942.119
942.717
943.161
943.495
943.756
943.986
944.171
944.323
944.421
944.434
944.388
944.477
944.779
944.251
945.921
2349.37
2697.74
2133.25
1904.94
2172.35
2569.65
3083.39
3851.04
4473.27
5301.95
6451.82
8049.98
9415.35
8793.06
9347.15
2757.94
3016.98
2827.52
2709.17
2990.5
2636.49
3365.87
4378.94
5928.74
7643.11
9534.9
11765.2
16166.6
17955.6
19622.2
3516.25
3759.91
3535.24
4252.69
4151.13
3306.98
3814.94
4711.08
6382.02
7757.1
9648.43
12009.2
16487.3
25124.9
25652.6
4173.4
3664.39
3411.09
4339.16
4431.56
3764.44
4217.82
4931.97
6198.81
7435.14
9053.24
11662.9
16345.1
34669.4
30656.8
4190.64
3242.85
3560.76
4191.21
4326.8
3929.1
4443.79
4998.51
5946.83
7072.53
8383.52
11083.4
15677.8
43537.8
35258.3
8625.86
11490.1
13299.2
10796.1
8681.57
6296.36
4967.4
4584.05
3743.9
3133.9
3103.35
4440.79
3406.32
5942.03
7162.29
19941.6
22433.3
19524.9
15709.1
11990
9470.55
7249.91
6360.51
4657.99
3479.24
2781.19
3845.18
4563.86
7187.88
8199.56
26932.9
28389.6
20012.5
15703.5
12863.5
9893.34
8594.79
7366.4
4971.59
3828.71
3814.37
4496.34
4517.57
9033.88
10884.1
32500.3
32484.6
18916.2
14757.5
12374.8
9898.54
8330.53
7223.32
5157.9
4338.02
4388.1
4827
4716.75
10696.1
12009.5
37370.4
34903.2
17638.8
13854.7
11732.2
9733.49
8133.12
6850.5
5325.64
4467.15
4642.36
5093.35
5063.64
11550.8
10313.3
990.806
990.688
990.701
990.661
990.655
990.658
990.65
990.629
990.601
990.565
990.525
990.477
990.42
990.35
990.263
990.146
989.944
989.471
988.43
986.799
966.991
952.756
945.681
939.87
933.399
924.504
914.989
903.834
892.73
915.432
977.605
983.704
984.643
983.928
982.402
980.65
977.568
968.354
925.737
921.911
905.572
881.888
877.715
877.96
881.961
886.119
893.34
907.92
931.763
963.774
975.507
975.139
975.184
975.064
975.047
975.06
975.041
974.985
974.904
974.804
974.688
974.551
974.389
974.19
973.941
973.607
973.028
971.674
968.713
965.042
958.868
949.374
943.618
938.404
932.28
923.645
914.315
903.318
892.138
893.318
940.537
955.455
958.027
956.126
952.194
948.233
943.142
934.8
924.865
921.039
904.884
881.549
877.422
877.774
881.75
885.925
893.212
907.875
931.786
963.823
963.072
962.414
962.511
962.303
962.279
962.315
962.297
962.215
962.095
961.942
961.766
961.557
961.31
961.008
960.627
960.119
959.236
957.172
952.676
947.466
947.298
943.692
939.969
935.717
930.17
921.99
912.997
902.306
891.278
888.977
915.546
933.185
936.832
934.275
929.269
925.311
922.836
922.698
923.18
919.368
903.583
880.913
876.882
877.405
881.33
885.538
892.953
907.784
931.836
963.93
953.311
952.29
952.471
952.163
952.137
952.212
952.213
952.124
951.98
951.794
951.579
951.323
951.021
950.651
950.184
949.564
948.485
945.967
940.491
934.285
936.529
937.283
935.476
932.198
927.277
919.64
911.086
900.826
890.132
886.577
901.323
917.582
921.705
918.984
914.005
911.313
912.549
917.983
920.765
917.014
901.787
880.053
876.167
876.857
880.703
884.959
892.566
907.647
931.916
964.116
946.068
944.569
944.884
944.454
944.428
944.565
944.609
944.532
944.386
944.188
943.96
943.686
943.366
942.972
942.473
941.815
940.669
938.001
932.204
925.683
928.699
931.513
930.843
928.227
923.809
916.7
908.637
898.91
888.716
884.79
894.426
908.532
912.682
910.052
905.492
903.904
907.308
914.676
917.71
914.098
899.619
879.041
875.353
876.136
879.876
884.189
892.047
907.464
932.029
964.404
980.601
983.465
982.848
983.46
982.712
980.244
939.319
884.746
866.309
863.664
863.92
864.2
863.864
863.619
863.656
863.786
863.627
863.561
863.742
863.872
863.748
863.545
863.586
863.7
863.781
863.835
863.894
864.004
864.207
864.289
863.5
861.924
861.673
861.673
861.673
861.673
861.673
861.673
861.673
861.673
861.673
1167.09
1085.62
853.7
2115.07
1110.59
820.72
1068.83
850.864
783.187
843.871
851.243
880.713
1006.71
1124.75
2810.02
4871.16
3048.76
3915.8
4151.66
3106.86
862.759
2776.39
3430.55
4019.61
4067.4
4216.13
4497.91
5148.53
5939.43
7258.89
9837.21
13789.6
53000.8
47303.7
51433.3
880.926
861.732
861.721
861.92
862.918
867.932
888.047
940.07
957.191
862.687
861.673
51319
966.56
982.388
965.956
983.235
966.77
967.359
983.301
983.443
907.119
872.043
864.274
863.631
864.156
864.032
863.759
863.564
863.762
863.728
863.544
863.638
863.833
863.845
863.663
863.504
863.656
863.745
863.809
863.86
863.94
864.095
864.289
863.464
864.65
861.677
861.673
861.673
868.133
861.673
861.673
861.673
42070
861.673
861.673
861.673
861.673
861.974
1374.75
879.192
911.593
1352.58
906.996
746.489
882.392
826.321
863.387
848.166
805.822
923.441
1054.34
2539.47
3890.32
3468.73
4689.3
3836.62
2529.42
2585.55
3034.11
3929.44
4076.91
4236.63
4784.75
5343.62
6084.73
7592.18
10516.2
14705.2
2010.77
862.42
861.698
861.706
861.78
861.836
862.234
864.47
874.96
908.773
957.491
966.704
967.423
966.853
876.954
864.602
863.112
863.401
863.609
863.395
863.203
863.286
863.305
863.101
863.007
863.126
863.204
863.087
862.871
862.953
863.029
863.091
863.134
863.196
863.316
863.503
863.631
861.673
861.673
861.673
861.673
861.673
861.673
861.68
1749.19
992.567
817.049
1635.53
985.867
741.309
1226.55
843.715
802.922
828.882
823.333
890.588
1017.1
1590.84
4489.19
2770.69
1898.92
864.544
12883.7
862.237
861.69
861.745
862.049
863.553
870.978
897.308
863.583
863.498
863.322
863.203
863.338
863.214
863.017
863.051
863.185
863.181
863.004
862.886
862.994
863.064
863.113
863.161
863.246
863.409
863.539
861.673
861.673
861.673
868.882
1202.03
833.454
1795.06
1222.4
788.195
771.626
816.099
800.672
842.09
872.476
811.878
985.942
1079.97
3272.4
4098.43
2689.15
3117.52
894.393
863.171
921.599
861.689
861.673
861.673
861.673
923.236
880.75
865.957
861.703
951.002
862.508
949.688
948.548
954.846
952.059
875.141
861.695
863.123
861.708
863.049
861.673
861.755
861.712
861.673
861.7
861.698
861.686
861.633
861.729
861.692
861.687
861.687
861.688
861.688
861.686
861.687
861.688
861.688
861.687
861.69
861.704
861.7
861.673
861.673
861.673
862.007
862.356
861.827
861.673
861.673
861.673
861.673
861.696
866.44
869.842
864.279
7682.89
921.382
861.673
861.673
861.673
861.674
861.673
861.673
907.829
931.217
958.663
928.884
928.424
878.669
814.785
806.668
748.162
785.35
894.521
993.642
1659.41
3331
2030.26
1846.67
2349.69
2521.94
892.588
882.611
3300.5
2308.34
7547.17
2596.77
2447.54
2990.7
861.701
862.844
862.429
861.69
861.695
902.991
872.004
862.003
862.179
861.815
861.893
869.952
861.736
861.721
895.199
865.506
867.491
861.701
861.692
878.936
886.436
955.802
3919.15
3920.64
4292.86
4704.24
4657.5
3972.95
3195.24
6260.08
2156.14
5397.13
861.673
861.673
950.938
936.742
934.122
861.673
861.673
937.65
861.747
861.673
2367.68
2608.9
2211.36
938.286
861.685
861.689
951.701
937.168
1410.87
861.673
861.736
861.705
861.694
861.702
861.673
861.673
873.961
920.73
861.7
861.696
861.694
861.675
861.691
861.683
861.687
861.689
861.689
861.687
861.686
861.687
861.687
861.688
861.689
861.695
861.712
861.696
861.77
2321.53
861.654
861.673
861.673
861.673
861.673
861.673
861.691
861.673
861.689
907.486
861.673
874.774
936.36
863.227
929.533
861.723
950.625
960.406
927.404
912.745
842.716
756.621
880.777
820.878
847.935
810.689
834.975
1116.46
2588.2
3343.84
1544.26
2034.1
861.682
861.681
3629.11
948.308
905.523
862.238
861.673
861.692
950.892
935.168
936.415
861.77
861.681
861.736
863.395
933.282
864.337
3928.91
3854.61
4458.86
5039.73
4650.83
1968.89
2885.83
861.686
2803.41
2979.86
1322.8
861.697
2485.79
862.851
861.716
1938.92
3141.39
2067.44
974.878
845.779
781.343
785.064
914.575
797.233
858.186
938.616
861.686
953.629
910.781
974.443
861.689
861.692
861.683
861.681
861.682
861.682
861.682
861.681
861.682
861.682
861.681
861.682
861.682
861.682
861.682
861.682
861.69
861.716
861.684
861.691
861.617
861.683
861.681
834.714
811.427
765.342
799.094
908.391
928.917
861.673
864.479
902.879
939.3
942.322
2177.19
861.718
861.673
861.691
861.673
861.673
861.942
902.032
918.899
861.673
861.623
861.872
861.664
861.86
861.676
861.705
834.684
861.673
861.674
861.673
861.673
861.673
861.673
861.673
861.673
861.673
3573.85
861.673
861.673
861.673
861.673
861.673
861.673
861.673
861.673
861.673
860.369
1296.09
861.674
2234.57
861.674
861.673
2332.7
861.658
861.629
861.673
861.673
861.673
861.931
861.809
861.613
861.709
861.675
861.676
861.673
861.673
861.673
861.692
861.681
861.979
861.185
861.673
861.673
861.954
906.13
865.869
861.343
862.375
861.673
861.673
861.673
861.673
859.339
881.498
896.085
824.162
809.557
853.01
835.842
2431
822.4
852.546
861.674
861.674
903.408
1056.42
1630.04
861.673
861.673
881.203
861.673
861.673
871.555
2249.86
861.677
861.677
902.45
920.129
891.194
868.113
862.064
3855.99
861.838
861.93
861.745
861.783
861.673
861.673
861.673
861.673
882.554
876.497
891.961
1025.95
1319.72
880.86
863.731
4971.83
3629.08
1172.56
862.589
862.289
863.1
899.424
890.696
861.673
861.673
861.673
861.673
861.673
861.673
3354.15
4463.58
6031.42
2938.13
866.228
864.817
868.562
861.71
861.69
861.535
861.513
1748.03
1417.85
1817.91
861.673
861.673
1909.51
2232.33
923.146
1363.39
861.674
861.673
921.015
1011.42
861.673
861.673
923.45
910.661
909.376
861.884
861.671
861.672
861.674
861.471
861.673
861.185
861.673
851.445
861.718
861.697
3588.64
861.673
861.673
861.673
845.794
812.283
862.244
861.685
861.665
861.988
861.674
861.674
861.958
862.398
861.81
861.673
861.673
862.441
861.691
859.878
889.628
856.344
909.901
857.728
874.55
850.005
820.555
845.085
2424.4
861.673
950.111
1374.01
1346.66
861.673
1674.17
874.065
869.217
1723.64
3002.62
3324.39
861.787
861.935
861.721
2487.05
2366.41
2746.53
3876.08
862.085
862.382
5394.38
861.673
1202.75
1003.4
1070.24
861.686
863.988
862.847
861.673
861.673
861.673
1146.37
834.238
867.769
901.144
1787.86
861.673
860.991
861.673
861.673
861.673
861.674
861.767
856.908
815.972
871.528
904.493
861.673
861.673
861.673
861.673
861.673
900.042
861.716
860.47
907.189
861.683
862.022
861.651
861.673
861.673
861.684
861.674
860.721
861.457
861.185
860.582
860.359
844.123
861.721
861.693
863.68
863.757
861.677
861.674
861.673
861.673
861.673
861.673
861.673
1648.32
861.673
862.326
875.397
861.672
903.207
861.673
861.673
859.33
861.085
861.673
861.673
859.573
858.921
861.673
861.673
826.77
911.428
4005.5
861.673
861.673
876.461
876.799
874.079
861.681
861.679
861.689
861.685
861.673
861.673
2490.89
950.869
920.56
861.674
861.673
861.673
861.673
861.673
806.559
790.067
821.464
862.96
864.444
861.673
899.119
890.394
4434.67
808.942
800.192
861.673
861.673
922.192
908.785
909.836
861.97
861.742
861.748
861.673
861.673
861.669
861.663
861.665
861.375
861.673
861.673
4324.02
860.92
860.643
861.673
861.673
861.673
861.673
861.673
861.673
861.673
861.673
2099.58
786.875
834.149
831.344
830.215
862.45
861.852
860.693
861.775
861.356
861.19
861.679
861.675
1921.74
861.673
872.828
861.684
861.286
1855.01
861.72
835.611
861.673
861.673
861.673
861.683
1067.78
861.673
831.553
911.717
861.892
861.324
861.673
860.869
917.256
904.565
861.673
872.661
899.103
2267.45
861.693
861.673
4415.22
861.671
863.779
864.22
861.695
862.446
861.673
861.673
888.745
3775.54
2544.26
861.592
989.915
861.673
949.088
957.81
861.673
792.22
876.636
917.052
802.708
4618.26
1062.25
861.673
953.203
887.355
865.917
873.507
861.673
3315.98
861.711
861.688
898.032
888.749
861.788
861.851
861.673
861.673
861.673
861.633
885.675
878.654
896.11
866.567
864.908
869.192
861.673
2469.06
861.673
861.673
861.673
862.729
862.166
2373.84
1458.95
1121.98
1537.08
862.604
863.079
811.285
861.673
861.673
861.673
861.981
912.062
862.882
873.203
861.451
959.949
861.953
862.097
897.326
887.341
888.005
861.682
868.208
861.705
830.591
861.673
861.766
861.493
867.927
1126.59
865.752
863.36
861.497
859.538
860.8
858.734
861.985
861.66
868.344
868.59
2230.31
864.915
870.041
861.674
2309.64
861.685
861.681
861.691
861.673
861.673
861.721
861.578
875.945
830.177
861.687
879.021
861.673
3452.52
847.963
855.914
856.003
859.317
856.735
861.673
861.673
865.422
856.222
861.673
861.673
861.673
861.673
861.67
891.328
2665.01
2525.38
2778.85
861.651
860.912
860.561
862.117
861.745
861.676
815.73
859.842
859.706
861.667
3691.5
865.966
863.91
861.673
870.815
925.986
867.554
861.577
861.701
3172.39
861.673
861.673
861.673
861.673
859.907
865.499
827.558
827.642
861.673
856.106
854.526
861.673
861.673
861.673
861.673
861.673
861.673
861.673
861.673
887.9
868.005
944.083
834.256
817.57
865.704
868.699
863.769
861.656
861.635
861.673
861.673
861.657
861.655
861.673
861.673
861.673
861.673
1587.36
879.943
861.673
861.673
861.688
861.673
861.673
861.673
861.673
861.673
861.673
861.66
861.667
861.548
860.549
861.9
861.635
861.869
861.674
861.67
905.697
872.432
862.331
866.625
861.674
899.779
850.027
863.625
864.755
865.834
861.775
825.884
862.079
861.806
850.059
861.673
885.905
866.264
2393.38
867.101
890.048
861.673
861.673
861.704
861.673
861.673
840.764
869.698
861.648
871.342
861.676
829.907
861.673
1803.34
861.676
872.932
877.684
1025.67
1567.26
861.726
861.762
861.659
861.647
3195.39
3569.47
876.742
879.838
861.673
927.451
1060.18
861.673
2968.79
861.689
861.679
861.673
861.688
861.673
861.673
853.841
821.592
843.537
2688.28
882.006
1555.75
861.673
861.673
862.226
861.919
873.718
869.502
879.782
874.974
880.211
869.992
2813.11
3166.1
861.674
861.673
861.676
861.673
861.674
861.821
861.899
861.673
861.672
877.948
861.672
863.391
862.027
852.078
862.86
861.706
861.673
887.542
861.715
862.463
906.481
861.673
898.672
861.673
842.805
851.874
862.276
861.948
862.277
862.632
881.669
846.735
865.188
861.667
861.673
841.875
861.673
861.673
861.673
888.39
1974.02
861.673
858.19
865.342
865.121
864.731
861.673
861.673
861.686
861.809
862.143
861.673
859.628
859.088
861.717
862.465
862.089
861.673
842.506
870.45
861.673
861.113
859.72
2287.22
861.634
861.363
861.673
861.673
861.673
865.446
861.673
785.418
2679.81
2197.51
864.168
862.867
861.673
861.673
918.985
863.536
861.673
861.673
865.739
861.673
1355.55
864.359
861.673
856.425
861.673
861.671
861.673
861.673
816.351
861.669
861.671
821.324
1122.28
2567.55
849.781
859.001
879.675
862.568
866.298
855.669
861.706
861.713
958.221
882.724
861.75
1329.14
868.83
910.891
851.885
843.448
850.915
861.496
877.073
861.904
861.802
862.004
864.529
866.764
859.849
862.601
861.696
861.71
861.703
861.713
861.676
861.688
861.668
861.673
2497.67
2407.64
879.957
873.958
873.965
866.217
861.686
861.91
861.776
1118.31
1198.19
861.683
861.734
868.825
861.686
862.067
861.682
852.414
844.529
844.529
861.845
2268.6
860.439
861.772
861.743
861.736
2319.63
1224.03
861.701
859.323
1721.92
1211.04
1640.21
862.15
856.159
858.486
1315.76
1365.03
858.166
862.24
861.679
949.589
869.888
861.859
861.811
861.748
866.269
861.679
861.648
861.68
977.485
928.39
857.204
864.038
862.45
861.407
860.284
861.692
861.73
861.687
861.597
861.682
862.844
852.745
857.355
861.68
861.825
861.77
1218.23
861.703
852.179
851.432
864.217
927.503
949.07
861.638
854.785
858.334
861.576
861.563
861.702
861.69
861.708
861.684
861.741
1094.11
1074.02
861.699
861.684
861.677
861.672
861.773
866.985
869.051
864.686
861.072
861.818
940.94
861.674
856.234
861.678
1002.47
963.31
861.668
870.197
861.645
857.101
861.704
871.186
876.813
892.274
869.056
861.69
861.401
861.396
861.224
861.602
861.671
860.113
861.892
859.645
862.165
864.323
861.576
861.644
862.553
861.679
861.722
861.696
860.929
861.68
858.128
865.039
861.676
866.327
854.106
855.601
861.682
861.656
862.235
862.872
861.661
861.676
861.768
861.718
980.217
982.445
982.806
984.495
982.56
980.602
940.072
888.247
868.04
862.931
861.922
861.722
861.732
882.515
54603.3
50008.7
35400.4
16386.4
12527.7
10459.9
8951.61
7535.36
6159.29
4977.78
4267.49
4397.85
4547.36
4990.65
5716.63
5087.28
9976.18
10354.9
10107
7758.01
4805.81
2593.29
1703.39
1083.94
927.447
828.82
787.779
933.616
778.034
920.318
769.658
876.424
829.288
877.885
886.253
1222.91
861.673
861.673
861.673
861.673
861.673
861.673
861.673
861.673
861.675
863.852
864.417
864.357
864.139
863.968
863.866
863.77
863.678
863.615
863.568
863.328
863.74
863.977
863.855
863.369
862.898
863.263
863.426
863.537
864.012
863.722
862.532
863.152
870.22
903.521
963.52
957.494
54240.6
861.673
863.372
964.875
981.676
965.227
984.315
983.281
968.397
966.537
983.536
923.428
908.939
31340.1
897.557
875.168
864.522
862.243
861.781
861.698
862.37
2224.28
861.69
16164
12370.6
10515
9620.5
7771.29
6884.21
5655.55
4591.5
4108.46
4379.38
4760.98
4880.99
8676
8176.39
6416.03
3051.04
2197.73
1291.65
989.902
798.232
784.923
950.718
824.504
871.29
757.89
794.694
845.545
1368.64
846.718
1019.26
861.988
861.673
861.673
861.673
861.745
861.673
861.673
861.673
861.673
967.764
861.694
863.592
864.286
863.567
864.267
864.038
863.913
863.817
863.723
863.642
863.606
863.442
863.51
863.899
863.967
863.669
863.024
863.056
863.39
863.441
863.785
863.992
863.14
862.55
865.021
882.218
932.623
17012.7
861.68
966.794
881.028
866.037
862.52
861.839
861.706
861.703
964.192
13079.4
8747.29
3466.34
2279.28
1484.7
992.709
847.477
852.994
893.75
944.675
776.921
788.376
779.935
796.591
957.825
876.581
869.723
875.458
861.673
861.673
861.673
861.673
861.673
861.673
863.565
863.355
863.221
863.128
863.04
862.962
862.928
862.881
862.925
863.252
863.391
863.262
862.834
862.749
862.984
863.064
863.277
863.5
862.947
862.314
863.699
875.02
917.781
799.453
843.518
1443.6
887.912
1307.71
861.68
861.673
861.673
861.673
861.673
861.673
861.673
863.174
863.083
862.998
862.936
862.927
862.802
863.103
863.349
863.35
863.091
862.664
862.883
863.032
863.12
863.481
863.335
862.431
862.639
866.845
891.712
969.405
862.243
862.052
863.573
871.132
768.821
1130.77
785.048
1055.01
753.694
802.471
922.846
1166.23
1862.58
2744.49
5217.59
7799.07
8493.89
7231.74
861.673
863.278
863.458
948.652
863.007
879.369
865.585
921.748
9534.03
899.805
862.43
870.266
874.542
867.67
861.82
863.388
862.837
861.702
861.673
861.748
862.242
8418.6
898.288
862.005
862.186
861.898
7245.71
861.683
861.691
861.695
861.72
895.701
908.353
886.943
2405.06
861.673
4253.46
2669.04
3669.64
4071.68
4009.25
1422.23
3161.27
3467.22
2679.05
1018.83
1878.21
2067.23
1573.95
869.213
1141.29
1191.14
1037.26
863.222
903.032
905.774
777.547
813.161
831.078
815.95
795.7
846.615
823.303
786.018
909.328
819.507
819.783
759.535
737.839
866.387
883.118
892.037
841.645
864.36
861.36
937.228
1038.19
897.922
890.515
861.678
861.673
861.673
861.673
861.673
861.673
861.673
861.737
861.717
861.673
861.696
861.72
861.673
861.673
861.673
861.673
861.707
861.687
945.951
931.193
861.699
861.693
861.69
861.681
861.686
861.685
861.685
861.686
861.687
861.69
861.693
861.694
861.693
861.687
861.675
861.679
861.692
861.698
861.696
861.692
861.951
865.987
890.817
956.068
884.699
932.859
950
9461.22
955.813
2757.76
7476.01
6332.58
5705.85
4421.35
3706.85
3972.91
4055.06
4138.51
4034.48
3532.49
3849.88
3401.85
861.709
861.687
938.5
861.673
932.268
861.722
950.471
861.673
861.673
1299.61
1060.87
952.587
940.273
936.701
3618.49
861.673
866.223
865.368
883.246
864.341
861.772
1390.6
775.456
952.492
917.971
861.673
861.673
861.673
871.454
1442.17
861.683
861.673
842.255
3644.26
851.093
902.911
830.279
893.921
956.423
898.591
890.2
861.777
861.673
861.673
861.673
861.704
861.723
861.743
951.728
861.673
935.195
861.687
861.686
861.685
861.685
861.685
861.686
861.688
861.692
861.694
861.694
861.69
861.673
861.687
861.684
861.695
861.699
861.69
861.732
862.876
874.174
939.868
916.279
5059.7
6333.29
9696.5
7194.48
3968.96
948.699
934.035
9051.23
3990.46
3656.52
4036.08
861.797
869.231
862.259
861.699
861.685
861.69
861.687
861.666
861.682
861.674
861.685
861.687
861.687
861.685
861.682
861.681
861.68
861.68
861.673
861.673
864.002
861.684
861.673
861.689
861.689
881.421
861.682
861.675
861.672
861.682
861.687
861.687
861.686
861.684
861.682
861.673
894.898
891.279
997.784
863.67
1021.24
891.885
909.551
861.673
861.696
861.681
861.68
861.68
861.68
861.681
861.68
861.673
861.673
861.673
861.673
862.18
862.593
3617.09
920.749
890.565
818.237
861.707
861.673
861.673
3212.75
861.673
862.066
857.681
861.673
861.75
845.281
4555.91
817.857
863.792
863.116
3499.44
3641.63
3425.81
908.018
975.852
775.808
838.011
866.486
860.777
854.84
856.236
862.533
862.029
861.678
771.495
767.035
861.674
863.882
1041.32
1220.78
861.673
861.723
861.677
916.611
900.156
906.296
861.673
861.673
1010.05
5695.81
867.758
862.814
881.629
861.673
861.673
919.265
968.496
861.674
861.673
861.673
861.674
861.673
861.673
861.673
861.673
861.673
861.673
861.673
861.673
861.673
861.673
861.673
861.673
861.673
861.673
861.674
861.673
861.668
861.432
861.853
861.553
880.044
889.811
861.651
861.672
861.672
861.673
861.673
868.804
865.724
873.581
861.691
861.676
861.68
862.22
862.796
861.614
861.632
861.675
861.674
861.673
861.673
1258.95
2801
2714.79
4977.44
861.674
861.673
919.935
903.174
843.266
812.82
2879.49
3033.36
861.783
861.924
3674.37
4097.83
1033.39
865.677
837.145
805.278
829.879
924.809
861.673
925.101
881.306
915.785
922.451
908.593
924.576
910.922
861.674
3559.91
1024.67
872.357
883.126
893.126
877.471
861.719
840.918
861.85
861.792
862.069
862.289
861.947
861.673
829.269
861.724
3273.59
3176.23
843.43
876.284
866.524
869.225
864.973
861.706
861.74
801.239
4212.75
3999.92
846.799
1419.5
2012.01
1550.46
927.06
909.618
1067.72
1157.78
974.1
4708.76
855.717
3289.25
840.671
844.749
862.224
924.051
910.05
861.673
861.673
806.538
861.696
861.69
776.941
861.673
861.673
861.673
5018.06
861.82
861.699
1033.06
861.803
861.673
861.673
861.673
861.673
809.76
833.848
864.558
861.673
861.674
861.673
861.673
861.673
861.673
861.674
861.673
861.671
861.65
861.499
861.598
4013.37
861.567
861.651
861.665
861.667
861.673
861.674
1522.59
3921.08
861.505
861.655
861.673
861.673
861.673
861.501
861.657
861.673
861.673
861.638
861.816
861.51
861.668
861.673
861.673
861.673
861.673
861.673
861.674
861.673
861.672
861.533
861.032
861.625
861.673
861.673
876.47
850.475
861.673
887.993
861.659
890.153
892.029
861.673
2484.48
862.564
868.432
869.752
861.143
861.313
862.686
1386.48
861.666
861.669
2178.13
835.724
861.673
892.551
856.596
889.456
2975.02
861.679
861.708
3434.97
861.673
877.557
861.674
861.673
826.534
861.673
861.673
861.673
861.673
861.673
1102.02
861.708
867.483
855.908
861.673
861.673
861.673
861.673
861.673
3204.19
3194.62
826.309
861.673
861.673
861.673
861.673
861.826
860.829
861.673
2357.18
861.673
861.67
861.673
861.646
861.616
860.762
861.345
862.492
3356.31
861.323
861.673
861.673
861.678
861.687
862.652
861.287
861.304
861.673
861.673
897.686
861.673
861.673
813.474
3388.21
860.753
861.643
861.673
861.673
3253.47
861.694
854.224
833.7
2883.67
861.878
862.13
893.608
861.675
861.673
875.049
867.48
809.076
830.578
851.068
853.651
861.673
861.673
1753.46
1258.65
1925.35
861.628
861.647
860.488
861.874
2666.02
2228.75
870.525
871.487
898.713
861.673
861.673
861.673
2750.92
873.879
861.751
2356.54
886.72
897.52
879.933
848.346
3268.32
861.673
3267.63
855.341
861.673
1487.39
861.541
861.455
879.989
864.071
863.253
838.42
861.673
862.334
867.274
870.282
865.516
862.091
861.691
894.376
850.482
861.67
861.76
861.687
861.673
825.625
844.174
899.16
861.673
861.673
2926.6
861.678
861.673
3127.47
1100.62
1064.35
849.314
861.675
861.673
854.317
895.323
842.94
862.813
861.832
864.132
861.673
861.673
861.673
861.693
904.784
887.448
861.673
861.673
861.673
861.673
861.673
861.673
861.672
861.566
861.673
861.661
861.521
860.862
861.652
861.153
861.673
861.602
861.391
861.673
861.673
861.665
863.605
865.361
861.902
3274.85
861.757
861.728
861.674
861.697
861.69
884.622
861.673
861.673
861.673
861.673
861.673
887.203
861.673
860.635
860.474
888.494
861.699
861.673
862.827
861.673
857.332
860.616
1887.43
865.742
861.69
861.697
2514.68
2647.55
2293.2
861.857
861.95
861.802
867.374
861.673
861.541
1310.54
861.673
861.673
859.579
857.893
854.092
863.661
860.427
861.64
862.081
864.46
861.673
2822.35
925.143
885.697
2648.97
2151.88
2869.29
2185.79
861.673
865.884
857.183
879.025
864.88
861.615
861.376
861.76
878.325
849.166
861.673
861.673
861.673
854.022
851.523
861.647
2741.43
2377.52
2303.92
2004.8
859.464
873.218
861.673
861.673
861.673
861.673
861.673
861.677
861.673
870.709
861.667
861.633
861.673
860.405
861.78
864.099
862.211
861.669
861.704
860.771
861.961
2625.05
2539.3
2511.63
860.27
860.392
861.673
861.673
861.674
862.324
864.706
862.103
2580.76
2434.76
861.673
861.673
857.013
858.793
861.687
861.709
872.021
861.673
861.673
861.673
861.673
861.673
861.673
860.221
865.947
861.557
860.966
861.673
861.665
861.688
861.69
879.088
852.186
863.289
869.007
860.211
861.612
861.687
861.673
861.673
861.078
861.246
861.245
843.297
861.673
861.673
868.046
861.696
1478.08
869.058
1717.89
1673.11
855.858
870.532
857.798
853.756
872.918
861.655
861.673
861.674
861.6
861.698
861.673
1265.95
861.673
858.369
861.838
862.059
850.903
860.758
864.195
862.693
862.314
861.673
861.849
867.376
880.616
873.624
874.525
1062.77
864.663
861.926
861.583
869.651
860.749
949.324
861.673
867.487
861.673
861.678
861.668
861.673
861.673
868.82
847.371
871.733
861.673
861.673
861.673
861.673
861.673
861.673
861.673
861.673
861.685
861.673
861.673
861.673
861.673
855.824
861.671
861.882
862.149
849.581
861.673
875.939
896.26
861.718
861.696
861.724
1014.86
862.15
1267.73
861.673
863.435
863.752
861.673
863.867
862.706
865.716
861.673
870.347
861.674
861.673
861.701
861.691
989.812
1017.9
871.29
861.705
864.202
865.577
863.324
861.674
862.455
878.327
861.673
862.252
861.755
947.565
861.673
861.673
869.136
861.673
860.964
861.744
846.541
861.721
926.046
912.265
870.34
882.084
867.52
861.684
861.685
861.822
861.855
861.682
866.662
868.086
1268.56
861.707
861.799
861.696
861.673
864.206
858.291
864.954
861.673
861.788
866.53
861.816
861.673
867.448
861.673
856.798
861.673
861.673
861.673
861.673
862.841
849.142
863.507
861.673
862.357
863.062
862.035
859.258
865.404
861.77
865.127
861.673
861.983
861.724
861.673
861.676
858.888
847.289
866.612
861.705
861.753
860.332
861.673
861.673
1967.25
861.673
861.673
857.686
861.138
861.673
858.182
866.465
851.238
861.739
853.155
861.673
862.346
858.33
869.842
870.473
856.792
861.727
861.673
1012.39
863.071
1472.06
1411.13
855.655
861.758
863.446
856.151
865.646
862.05
861.9
858.18
861.687
863.031
862.105
867.888
884.342
915.393
898.352
861.686
2084.3
861.802
1671.99
1647.74
1266.1
1178.39
862.595
2271.6
861.75
862.014
861.858
862.279
862.653
862.283
863.799
863.753
861.685
863.086
2162.37
2204.34
861.689
861.694
864.604
857.978
861.705
861.673
980.791
865.132
861.727
861.673
861.958
861.803
862.345
861.673
862.239
1834.83
861.723
1015.15
1769.34
861.691
1714.78
861.697
1311.38
1253.1
863.051
851.609
861.686
861.825
861.76
1732.59
1156.35
861.713
860.97
861.702
871.888
881.984
861.717
871.366
862.857
866.425
861.691
861.964
888.521
861.684
861.744
863.802
861.858
861.8
861.955
860.991
861.714
861.682
861.685
861.682
881.629
864.467
858.795
861.682
861.692
1144.32
1205.39
861.888
1005.37
865.137
1185.93
862.146
862.53
861.949
862.448
873.529
860.227
862.069
861.681
1023.86
941.374
986.409
876.335
861.476
862.049
862.109
862.085
861.684
861.681
861.691
861.689
862.322
861.879
861.961
861.607
862.239
861.68
861.972
861.687
875.233
886.615
1101.88
864.651
861.916
862.23
861.782
863.854
861.683
861.805
861.702
861.685
861.726
861.836
861.734
861.682
861.78
861.697
864.282
861.697
861.722
863.061
861.712
861.687
861.737
861.806
861.736
879.563
874.18
862.048
862.159
864.572
978.252
861.756
864.216
862.038
862.362
861.688
861.7
861.68
861.701
862.138
861.75
861.833
861.81
864.479
866.312
887.195
862.111
863.743
877.486
867.822
882.2
862.913
956.085
861.821
861.687
861.886
861.681
862.199
861.929
862.226
866.119
)
;

boundaryField
{
    bullet
    {
        type            kqRWallFunction;
        value           nonuniform List<scalar> 
30
(
8625.86
11490.1
13299.2
10796.1
8681.57
6296.36
4967.4
4584.05
3743.9
3133.9
3103.35
4440.79
3406.32
5942.03
7162.29
2349.37
2697.74
2133.25
1904.94
2172.35
2569.65
3083.39
3851.04
4473.27
5301.95
6451.82
8049.98
9415.35
8793.06
9347.15
)
;
    }
    topWall
    {
        type            inletOutlet;
        inletValue      uniform 1000;
        value           nonuniform List<scalar> 
50
(
963.774
931.763
907.92
893.34
886.119
881.961
877.96
877.715
881.888
905.572
921.911
925.737
1000
1000
1000
1000
1000
1000
1000
1000
1000
892.73
903.834
914.989
924.504
933.399
939.87
945.681
952.756
966.991
1000
1000
1000
1000
1000
1000
1000
1000
1000
1000
1000
1000
1000
1000
1000
1000
1000
1000
1000
1000
)
;
    }
    bottomWall
    {
        type            inletOutlet;
        inletValue      uniform 1000;
        value           nonuniform List<scalar> 
50
(
945.904
955.628
968.822
1000
1000
1000
1000
1000
1000
1000
1000
1000
1000
1000
1000
1000
1000
1000
1000
1000
1000
1000
1000
1000
1000
963.457
932.184
911.554
904.06
906.548
907.828
910.841
913.269
921.581
938.216
941.858
935.257
922.007
912.732
908.59
903.973
903.267
906.844
911.159
914.286
916.048
916.853
918.828
925.957
935.836
)
;
    }
    inlet
    {
        type            fixedValue;
        value           uniform 1000;
    }
    outlet
    {
        type            inletOutlet;
        inletValue      uniform 1000;
        value           nonuniform List<scalar> 
30
(
861.673
861.673
861.673
861.673
861.673
861.673
861.673
861.675
861.694
863.852
990.787
975.45
962.98
953.188
945.921
990.806
975.507
963.072
953.311
946.068
863.5
861.924
861.677
861.673
861.673
861.673
861.673
861.673
861.673
861.673
)
;
    }
    defaultFaces
    {
        type            empty;
    }
}


// ************************************************************************* //
