/*--------------------------------*- C++ -*----------------------------------*\
  =========                 |
  \\      /  F ield         | OpenFOAM: The Open Source CFD Toolbox
   \\    /   O peration     | Website:  https://openfoam.org
    \\  /    A nd           | Version:  6
     \\/     M anipulation  |
\*---------------------------------------------------------------------------*/
FoamFile
{
    version     2.0;
    format      ascii;
    class       volScalarField;
    location    "0.0006";
    object      nut;
}
// * * * * * * * * * * * * * * * * * * * * * * * * * * * * * * * * * * * * * //

dimensions      [0 2 -1 0 0 0 0];

internalField   nonuniform List<scalar> 
3704
(
0.33715
0.336255
0.335878
0.336029
0.33645
0.336738
0.336974
0.33723
0.337547
0.337832
0.337852
0.337541
0.336948
0.33659
0.336475
0.336305
0.336282
0.336422
0.336622
0.336841
0.337064
0.337258
0.337461
0.337757
0.338002
0.338103
0.338113
0.338178
0.339101
0.339098
0.339131
0.339175
0.339188
0.339179
0.339163
0.339147
0.339131
0.339116
0.339104
0.339092
0.339081
0.33907
0.339059
0.339047
0.339034
0.33902
0.339011
0.339006
0.338988
0.339011
0.337155
0.336257
0.335872
0.336021
0.336486
0.33679
0.337059
0.337346
0.33772
0.338181
0.338158
0.337736
0.337032
0.336611
0.336474
0.336297
0.336273
0.336413
0.336616
0.336838
0.337067
0.33727
0.33749
0.337851
0.338215
0.338483
0.338707
0.339195
0.340222
0.340317
0.340424
0.340562
0.340599
0.340558
0.340501
0.340446
0.340394
0.340348
0.340308
0.340271
0.340237
0.340203
0.340168
0.340132
0.340092
0.340051
0.340022
0.340009
0.339955
0.34002
0.337166
0.336261
0.33586
0.336003
0.336534
0.33686
0.337163
0.33751
0.337976
0.338711
0.338621
0.338025
0.33715
0.336631
0.336461
0.336275
0.336248
0.33639
0.336594
0.33682
0.337058
0.337274
0.337519
0.337981
0.338532
0.339059
0.339579
0.340388
0.341072
0.341215
0.341393
0.341633
0.341691
0.341612
0.341511
0.341416
0.341329
0.341252
0.341186
0.341126
0.341071
0.341015
0.340959
0.340899
0.340835
0.34077
0.340723
0.340703
0.340614
0.340725
0.33718
0.336266
0.335841
0.33597
0.336554
0.336897
0.337211
0.337624
0.338176
0.339159
0.339006
0.338253
0.337226
0.336621
0.336421
0.33623
0.336201
0.336341
0.336543
0.33677
0.337013
0.337238
0.337504
0.338057
0.33878
0.339544
0.340299
0.34115
0.341533
0.341684
0.341917
0.342245
0.342321
0.342212
0.342074
0.341949
0.341834
0.341735
0.341649
0.341571
0.341501
0.34143
0.341357
0.341281
0.341198
0.341115
0.341057
0.341034
0.340914
0.341074
0.337194
0.336268
0.335817
0.335919
0.336509
0.33685
0.337153
0.337597
0.338182
0.339275
0.339088
0.338265
0.337183
0.336549
0.336339
0.336151
0.336123
0.336258
0.336451
0.336672
0.336909
0.337133
0.337403
0.33799
0.338791
0.339668
0.340518
0.341289
0.341525
0.341669
0.341927
0.342299
0.342384
0.342259
0.342104
0.341963
0.341836
0.341727
0.341633
0.341547
0.34147
0.341392
0.341313
0.341229
0.341137
0.341043
0.340982
0.340963
0.340818
0.341031
0.010839
0.0117024
0.0104658
0.0097424
0.0105705
0.0113856
0.0125651
0.0139125
0.0150218
0.0163602
0.0180682
0.0201668
0.021785
0.0210893
0.018644
0.0373059
0.0165358
0.0229077
0.0272404
0.0291464
0.0215457
0.022497
0.0308528
0.0523499
0.0759845
0.0937873
0.116144
0.147332
0.152256
0.165519
0.0527521
0.0238865
0.0313908
0.046569
0.0456078
0.0347519
0.0363097
0.0482264
0.0819597
0.102513
0.130221
0.15474
0.190532
0.258114
0.304879
0.0517644
0.0276436
0.0337471
0.0549467
0.055176
0.0465099
0.0506014
0.0633075
0.0928421
0.114495
0.137329
0.159562
0.196219
0.350531
0.403583
0.0538907
0.0302357
0.0389037
0.0594307
0.060511
0.0549199
0.0615661
0.0752201
0.0985686
0.118306
0.133335
0.1535
0.187535
0.412828
0.472952
0.0179212
0.0241263
0.0258891
0.0233482
0.020938
0.0178356
0.0157882
0.0152082
0.0135586
0.0127072
0.0121967
0.0148808
0.0132452
0.0171992
0.0190234
0.161739
0.183654
0.160451
0.133265
0.0773003
0.0629319
0.0575282
0.0520178
0.0300185
0.0200052
0.0203373
0.0326273
0.0305108
0.0404688
0.069424
0.306208
0.300534
0.223408
0.189555
0.139871
0.0951142
0.0895347
0.0782808
0.0407322
0.0294057
0.0324312
0.0447408
0.0355785
0.0641228
0.0959644
0.411274
0.359669
0.230268
0.200523
0.17265
0.125949
0.105748
0.0905156
0.0508048
0.0412433
0.0420064
0.0517996
0.0409876
0.0785934
0.101222
0.485711
0.381785
0.217304
0.193557
0.177812
0.144312
0.119337
0.0973115
0.0621964
0.050366
0.0488793
0.0581698
0.049548
0.0845951
0.091693
0.33901
0.338989
0.339001
0.339002
0.339011
0.339025
0.339039
0.339051
0.339063
0.339074
0.339086
0.339099
0.339113
0.339128
0.339142
0.339156
0.339164
0.339164
0.339152
0.339137
0.337936
0.337769
0.337777
0.337731
0.337597
0.337318
0.336938
0.336439
0.335952
0.3387
0.339502
0.339128
0.339103
0.33912
0.339192
0.339357
0.339786
0.340653
0.337322
0.337209
0.336529
0.335737
0.335481
0.33533
0.335402
0.335353
0.33533
0.335555
0.336158
0.337188
0.340017
0.339955
0.339993
0.339995
0.340024
0.340066
0.340106
0.340143
0.340179
0.340215
0.340253
0.340294
0.340337
0.340383
0.34043
0.340475
0.340508
0.340523
0.340518
0.340461
0.339383
0.338573
0.338295
0.338069
0.337808
0.337431
0.336989
0.336456
0.335955
0.336557
0.340835
0.34045
0.340392
0.340399
0.340482
0.340615
0.340657
0.339713
0.337408
0.337334
0.336649
0.335772
0.335515
0.33532
0.335391
0.335343
0.335322
0.335552
0.336161
0.337197
0.340721
0.340616
0.340679
0.34068
0.340726
0.340793
0.340859
0.340918
0.340976
0.341034
0.341096
0.341162
0.341233
0.341308
0.341387
0.341463
0.341523
0.341561
0.341578
0.341532
0.340886
0.339739
0.339083
0.338586
0.338125
0.337595
0.337056
0.336473
0.335946
0.336217
0.340323
0.341116
0.341141
0.340994
0.340739
0.340348
0.339507
0.33812
0.33753
0.337517
0.33683
0.335821
0.335563
0.3353
0.335369
0.335323
0.335308
0.335545
0.336166
0.337212
0.341069
0.340919
0.341005
0.341002
0.341058
0.341145
0.34123
0.341306
0.341379
0.341454
0.341533
0.341617
0.341709
0.341806
0.341908
0.342009
0.34209
0.342145
0.342175
0.34214
0.341768
0.340701
0.339767
0.339027
0.33838
0.337709
0.337086
0.336462
0.335911
0.33604
0.33898
0.341027
0.341226
0.340843
0.3401
0.339191
0.338076
0.337459
0.337602
0.337651
0.336972
0.335849
0.335593
0.335271
0.335337
0.335293
0.335287
0.335536
0.33617
0.33723
0.341027
0.340829
0.340934
0.340921
0.340981
0.341079
0.341174
0.341258
0.341339
0.34142
0.341506
0.341598
0.341698
0.341805
0.341917
0.342029
0.34212
0.342184
0.34222
0.342189
0.341935
0.341042
0.340004
0.339147
0.33841
0.337678
0.337025
0.336398
0.335849
0.335884
0.337983
0.340584
0.340911
0.340373
0.339331
0.338212
0.337245
0.337213
0.337545
0.337631
0.336981
0.335826
0.335579
0.335233
0.335296
0.335257
0.335262
0.335524
0.336173
0.337245
0.337705
0.337808
0.33779
0.337814
0.337785
0.337678
0.336291
0.334985
0.334867
0.334839
0.334938
0.334991
0.334899
0.334843
0.33485
0.334885
0.334859
0.33485
0.334898
0.33493
0.334904
0.334867
0.334875
0.3349
0.334915
0.334925
0.334935
0.334957
0.335002
0.335018
0.334814
0.334429
0.334357
0.334357
0.334357
0.334357
0.334357
0.334357
0.334357
0.334357
0.334357
0.376608
0.362158
0.319665
0.462823
0.342235
0.302713
0.350175
0.315614
0.310692
0.326044
0.322839
0.24583
0.132477
0.0923346
0.0873679
0.107958
0.0687988
0.0687121
0.0679148
0.0515471
0.334602
0.0423571
0.0700786
0.0795576
0.076486
0.0803721
0.0930722
0.105821
0.114146
0.119862
0.139135
0.166774
0.477995
0.660706
0.625658
0.329293
0.334369
0.334359
0.334365
0.334388
0.334485
0.334885
0.336344
0.336892
0.334633
0.334357
0.648879
0.337277
0.337773
0.337257
0.337805
0.337288
0.33731
0.337807
0.337806
0.335383
0.334896
0.334849
0.334861
0.334989
0.334943
0.334875
0.334829
0.334876
0.334877
0.334843
0.334872
0.334921
0.334924
0.334889
0.334855
0.334891
0.334908
0.33492
0.334929
0.334944
0.334977
0.33502
0.334748
0.335098
0.334359
0.334357
0.334357
0.334794
0.334357
0.334357
0.334357
0.418811
0.334357
0.334357
0.334357
0.334357
0.334417
0.41085
0.323515
0.327625
0.369879
0.313586
0.290906
0.315183
0.31717
0.329506
0.326508
0.293892
0.170065
0.101427
0.0875832
0.0998309
0.0780139
0.0756266
0.0790452
0.0380155
0.0343915
0.0593864
0.0784851
0.0809407
0.0898355
0.102133
0.108859
0.114715
0.118852
0.138791
0.166052
0.0827917
0.334504
0.334359
0.334359
0.334361
0.334362
0.334373
0.33442
0.334616
0.3354
0.336921
0.337286
0.337313
0.337287
0.33485
0.334766
0.334729
0.33482
0.334861
0.334801
0.334754
0.334776
0.334786
0.334744
0.334726
0.334756
0.334773
0.334744
0.334695
0.334719
0.334737
0.334751
0.33476
0.334773
0.3348
0.334843
0.334872
0.334357
0.334357
0.334357
0.334357
0.334357
0.334357
0.334359
0.470714
0.345213
0.312865
0.403561
0.323897
0.288797
0.377931
0.317939
0.315814
0.323174
0.310372
0.21512
0.113409
0.0783087
0.110823
0.0737337
0.0578498
0.335011
0.211562
0.334288
0.334359
0.33436
0.334368
0.334401
0.33454
0.335101
0.33486
0.334827
0.334784
0.334754
0.33479
0.334768
0.334726
0.334738
0.33477
0.334767
0.334726
0.3347
0.334729
0.334745
0.334756
0.334766
0.334784
0.334821
0.33485
0.334357
0.334357
0.334357
0.335104
0.381862
0.314882
0.417042
0.354267
0.293032
0.298197
0.304876
0.313742
0.325694
0.330609
0.273464
0.159808
0.0846386
0.0976399
0.107822
0.0674917
0.0621057
0.335087
0.334759
0.335749
0.334362
0.334357
0.334357
0.334357
0.335817
0.334728
0.334448
0.334366
0.278893
0.334379
0.336703
0.336655
0.336828
0.336791
0.334629
0.334364
0.334733
0.334367
0.334398
0.334357
0.334367
0.334364
0.334357
0.334368
0.334367
0.334364
0.334352
0.334373
0.334364
0.334363
0.334363
0.334363
0.334363
0.334362
0.334363
0.334363
0.334363
0.334363
0.334364
0.334368
0.334367
0.334357
0.334357
0.334357
0.334374
0.33438
0.334367
0.334357
0.334357
0.334357
0.334357
0.334362
0.334465
0.334526
0.334421
0.135652
0.335783
0.334357
0.334357
0.334357
0.334358
0.334357
0.334357
0.341166
0.345779
0.352884
0.345954
0.34789
0.337117
0.323101
0.320919
0.307881
0.316623
0.325998
0.163323
0.0818833
0.10359
0.0714362
0.066758
0.0666737
0.0373376
0.335001
0.334776
0.0861881
0.0500731
0.134003
0.065938
0.0626655
0.0817472
0.334358
0.334569
0.334378
0.334359
0.334359
0.330984
0.334511
0.334367
0.334372
0.334362
0.334364
0.334528
0.334373
0.334366
0.335065
0.334443
0.33448
0.334368
0.334365
0.334703
0.334857
0.336863
0.0952693
0.103129
0.120511
0.141591
0.181144
0.120119
0.0796235
0.113713
0.068691
0.105066
0.334357
0.334357
0.336749
0.336315
0.336216
0.334357
0.334357
0.336287
0.33438
0.334357
0.0495542
0.0583361
0.0497535
0.336306
0.334362
0.334363
0.336778
0.33633
0.142499
0.334357
0.334373
0.334367
0.334364
0.334368
0.334357
0.334357
0.334602
0.335762
0.334368
0.334366
0.334366
0.334361
0.334363
0.334361
0.334363
0.334363
0.334363
0.334363
0.334363
0.334363
0.334363
0.334363
0.334363
0.334365
0.33437
0.334366
0.334386
0.0647867
0.334356
0.334357
0.334357
0.334357
0.334357
0.334357
0.334364
0.334357
0.334364
0.33538
0.334357
0.336596
0.34651
0.334642
0.347814
0.334367
0.350694
0.352881
0.34699
0.344835
0.329237
0.309791
0.337313
0.324718
0.326341
0.321086
0.261836
0.0922344
0.0939229
0.0993305
0.062668
0.0682756
0.334361
0.334361
0.0942176
0.336648
0.335325
0.33448
0.334357
0.334364
0.336747
0.336258
0.336303
0.334361
0.33436
0.33436
0.3344
0.336187
0.334419
0.114098
0.102872
0.137252
0.202244
0.201774
0.0795392
0.0907728
0.334362
0.0911297
0.098838
0.084552
0.334366
0.100741
0.334388
0.334359
0.0701082
0.0986201
0.0860122
0.1227
0.300823
0.315465
0.316661
0.344644
0.319247
0.332678
0.350422
0.334362
0.353197
0.343944
0.356974
0.334363
0.334364
0.334361
0.33436
0.334361
0.334361
0.334361
0.334361
0.334361
0.334361
0.334361
0.334361
0.334361
0.334361
0.334361
0.334361
0.334363
0.334369
0.334362
0.334364
0.334348
0.334361
0.33436
0.327678
0.322268
0.312152
0.319852
0.343805
0.348198
0.334357
0.334759
0.342299
0.349635
0.223098
0.0712631
0.334367
0.334357
0.334361
0.334357
0.334357
0.334416
0.335256
0.335727
0.334357
0.334346
0.3344
0.334355
0.334398
0.334358
0.334359
0.328004
0.334357
0.334357
0.334357
0.334357
0.334357
0.334357
0.334357
0.334357
0.334357
0.104971
0.334357
0.334357
0.334357
0.334357
0.334357
0.334357
0.334357
0.334357
0.334357
0.334107
0.267297
0.334357
0.101836
0.334357
0.334357
0.066103
0.334354
0.334348
0.334357
0.334357
0.334357
0.334413
0.334387
0.334344
0.334365
0.334358
0.334358
0.334357
0.334357
0.334357
0.334358
0.334358
0.334444
0.334262
0.334357
0.334357
0.334423
0.274602
0.335282
0.334302
0.334516
0.334357
0.334357
0.334357
0.334357
0.333895
0.338649
0.34166
0.32585
0.322283
0.332067
0.328315
0.0817741
0.313074
0.304153
0.334358
0.334357
0.171589
0.110327
0.0815409
0.334357
0.334357
0.334753
0.334357
0.334357
0.334565
0.0667061
0.334358
0.334358
0.335265
0.335768
0.334974
0.335236
0.33437
0.122997
0.334363
0.334366
0.33436
0.334361
0.334357
0.334357
0.334357
0.334357
0.334788
0.334658
0.334995
0.245551
0.156918
0.334176
0.334409
0.189211
0.105074
0.251722
0.334383
0.334375
0.334395
0.34005
0.335261
0.334357
0.334357
0.334357
0.334357
0.334357
0.334357
0.258768
0.267268
0.294858
0.239359
0.334461
0.334431
0.334504
0.334364
0.334358
0.334327
0.334322
0.0932627
0.08861
0.0958421
0.334357
0.334357
0.0776158
0.0834581
0.335872
0.281693
0.334357
0.334357
0.3358
0.292103
0.334357
0.334357
0.335883
0.335523
0.335481
0.334403
0.334357
0.334357
0.334357
0.334313
0.334357
0.334251
0.334357
0.331223
0.334368
0.334363
0.10869
0.334357
0.334357
0.334357
0.226374
0.323042
0.334373
0.33436
0.334356
0.33443
0.334357
0.334357
0.334421
0.334531
0.334388
0.334357
0.334357
0.334527
0.334361
0.334002
0.340423
0.333246
0.344682
0.333538
0.337121
0.331601
0.324998
0.330389
0.0799019
0.334357
0.141016
0.0827775
0.0885012
0.334357
0.075657
0.334607
0.334515
0.0787409
0.0924649
0.103949
0.334361
0.334365
0.334359
0.0765838
0.0758008
0.0887436
0.125619
0.334448
0.334519
0.199325
0.334357
0.1911
0.276008
0.207032
0.334358
0.334412
0.334387
0.334357
0.334357
0.334357
0.0980241
0.32804
0.335544
0.342826
0.0915157
0.334357
0.334209
0.334357
0.334357
0.334357
0.334357
0.334378
0.333362
0.324032
0.33641
0.333581
0.334357
0.334357
0.334357
0.334357
0.334357
0.342424
0.334367
0.334096
0.335412
0.334358
0.334433
0.334352
0.334357
0.334357
0.33436
0.334357
0.334149
0.334308
0.33425
0.33412
0.334072
0.330042
0.334368
0.334361
0.334792
0.33481
0.334358
0.334358
0.334357
0.334357
0.334357
0.334357
0.334357
0.0999766
0.334357
0.289404
0.336776
0.334357
0.163433
0.334357
0.334357
0.333846
0.334228
0.334357
0.334357
0.3339
0.333756
0.334357
0.334357
0.326411
0.344848
0.145028
0.334357
0.334357
0.220763
0.267622
0.196948
0.334359
0.334359
0.334361
0.33436
0.334357
0.334357
0.0916778
0.353113
0.346773
0.334357
0.334357
0.334357
0.334357
0.334357
0.321847
0.317131
0.324556
0.333894
0.334553
0.334357
0.342033
0.340158
0.163923
0.32244
0.320496
0.334357
0.334357
0.33584
0.335463
0.335496
0.334422
0.334374
0.33436
0.334357
0.334357
0.334356
0.334355
0.334356
0.334292
0.334357
0.334357
0.18506
0.334193
0.334132
0.334357
0.334357
0.334357
0.334357
0.334357
0.334357
0.334357
0.334357
0.0939399
0.308173
0.328022
0.32736
0.327171
0.334534
0.334399
0.334143
0.334364
0.334288
0.334252
0.334358
0.334357
0.0898226
0.334357
0.334594
0.334358
0.334273
0.109715
0.334359
0.328346
0.334357
0.334357
0.334357
0.334359
0.110923
0.334357
0.310329
0.334935
0.334364
0.33428
0.334357
0.334182
0.345271
0.341048
0.334357
0.336466
0.33519
0.0967429
0.334358
0.334357
0.169733
0.334357
0.334412
0.334911
0.334358
0.334525
0.334357
0.334357
0.33715
0.147844
0.0908071
0.334339
0.361192
0.334357
0.35184
0.353061
0.334357
0.317395
0.336057
0.336026
0.320205
0.195741
0.301836
0.334357
0.127907
0.339464
0.334451
0.334609
0.334357
0.125803
0.334359
0.334358
0.33516
0.334945
0.334362
0.334364
0.334357
0.334357
0.334357
0.334348
0.334865
0.334706
0.335105
0.33447
0.334434
0.334519
0.334357
0.176648
0.334357
0.334357
0.334357
0.334386
0.334372
0.171138
0.10179
0.114849
0.106038
0.334384
0.334395
0.319172
0.334357
0.334357
0.334357
0.334424
0.154927
0.334621
0.336283
0.334309
0.129374
0.334367
0.334371
0.33514
0.334908
0.334926
0.334358
0.33577
0.334359
0.32744
0.334357
0.33436
0.334313
0.335714
0.290094
0.335258
0.334735
0.334315
0.333886
0.334163
0.33371
0.334415
0.334355
0.335812
0.335865
0.129474
0.33509
0.336182
0.334357
0.106988
0.334358
0.334358
0.334358
0.334357
0.334357
0.334359
0.334335
0.335882
0.327357
0.334358
0.219868
0.334357
0.161555
0.323794
0.333101
0.333119
0.333838
0.333274
0.334357
0.334357
0.335168
0.33318
0.334357
0.334357
0.334357
0.334357
0.334357
0.171034
0.102975
0.11
0.103111
0.334352
0.334219
0.334124
0.334455
0.334375
0.334358
0.323994
0.333972
0.333933
0.334356
0.170252
0.335301
0.334863
0.334357
0.336244
0.3479
0.335378
0.334336
0.334362
0.163333
0.334357
0.334357
0.334357
0.334357
0.333967
0.335186
0.326718
0.326767
0.334357
0.333141
0.332795
0.334357
0.334357
0.334357
0.334357
0.334357
0.334357
0.334357
0.334357
0.334919
0.335659
0.351805
0.326893
0.322732
0.334452
0.334513
0.334411
0.334353
0.334348
0.334357
0.334357
0.334354
0.334354
0.334357
0.334357
0.334357
0.334357
0.177932
0.334742
0.334357
0.334357
0.33436
0.334357
0.334357
0.334357
0.334357
0.334357
0.334357
0.334354
0.334356
0.334329
0.334113
0.334404
0.334347
0.334396
0.334357
0.334357
0.340441
0.33669
0.334377
0.334472
0.334357
0.335208
0.331709
0.334408
0.334431
0.335275
0.334361
0.326331
0.334451
0.334388
0.331826
0.334357
0.33932
0.335246
0.133147
0.335538
0.334981
0.334357
0.334357
0.334359
0.334357
0.334357
0.329701
0.335992
0.334352
0.213342
0.334359
0.32725
0.334357
0.133752
0.334358
0.278475
0.268107
0.337024
0.178373
0.334359
0.334361
0.334354
0.334352
0.170139
0.173411
0.337465
0.337723
0.334357
0.177227
0.13944
0.334357
0.121054
0.334358
0.334357
0.334357
0.33436
0.334357
0.334357
0.332651
0.314605
0.304897
0.118429
0.334789
0.121659
0.334357
0.334357
0.334373
0.334365
0.334614
0.334526
0.334732
0.334644
0.334743
0.33454
0.149627
0.159221
0.334357
0.334357
0.334358
0.334357
0.334357
0.334363
0.334365
0.334357
0.334357
0.337276
0.334357
0.334403
0.334369
0.332219
0.33439
0.334364
0.334357
0.339925
0.334359
0.334381
0.343924
0.334357
0.334937
0.334357
0.330148
0.332203
0.334497
0.334421
0.334375
0.334384
0.338573
0.331076
0.335121
0.334356
0.334357
0.330029
0.334357
0.334357
0.334357
0.340057
0.151579
0.334357
0.333571
0.335153
0.335105
0.335021
0.334357
0.334357
0.33436
0.334386
0.334372
0.334357
0.333909
0.333788
0.334359
0.33455
0.334454
0.334357
0.330157
0.336185
0.334357
0.334234
0.333928
0.15497
0.334348
0.334288
0.334357
0.334357
0.334357
0.335178
0.334357
0.316757
0.16251
0.157114
0.334419
0.334389
0.334357
0.334357
0.34659
0.334762
0.334357
0.334357
0.33524
0.334357
0.19741
0.334993
0.334357
0.274948
0.334357
0.334357
0.334357
0.334357
0.324311
0.334356
0.334357
0.32542
0.141112
0.145542
0.331741
0.333769
0.338183
0.334515
0.334465
0.332987
0.334364
0.334359
0.342853
0.3384
0.33436
0.198416
0.274184
0.22675
0.304507
0.306325
0.331853
0.334243
0.302651
0.334365
0.334362
0.334368
0.334427
0.334476
0.333955
0.334574
0.334358
0.334365
0.334364
0.334365
0.334357
0.334358
0.334356
0.334357
0.161618
0.161889
0.334736
0.33462
0.33462
0.335379
0.334358
0.334365
0.334361
0.176933
0.177006
0.334359
0.334371
0.334512
0.33436
0.334369
0.334358
0.331363
0.326097
0.32068
0.334399
0.158471
0.334083
0.334381
0.334374
0.334372
0.162228
0.222022
0.334358
0.333843
0.157654
0.225977
0.160376
0.334482
0.328549
0.332891
0.178974
0.174609
0.33358
0.334374
0.334358
0.23322
0.334534
0.334363
0.334362
0.33436
0.334464
0.334358
0.334352
0.334358
0.346371
0.341634
0.333374
0.334931
0.334544
0.334298
0.334052
0.334362
0.334359
0.334358
0.334341
0.334357
0.334389
0.327407
0.314156
0.334358
0.334392
0.33438
0.184464
0.334358
0.332127
0.332025
0.33442
0.277912
0.277357
0.334349
0.331755
0.326146
0.334336
0.334332
0.334364
0.334361
0.334365
0.334359
0.33436
0.273795
0.280381
0.334358
0.334358
0.334357
0.334356
0.33438
0.335469
0.336032
0.335056
0.334226
0.334392
0.31527
0.334357
0.33311
0.334358
0.350637
0.311472
0.334356
0.31583
0.334351
0.333291
0.334364
0.332248
0.337785
0.340374
0.336027
0.334361
0.334297
0.334297
0.334259
0.334341
0.334357
0.334013
0.334407
0.333911
0.334474
0.334991
0.334337
0.334351
0.334563
0.334358
0.334368
0.334362
0.334194
0.334359
0.333579
0.335088
0.334358
0.331376
0.332284
0.332654
0.334359
0.334354
0.334486
0.334638
0.334355
0.334358
0.334379
0.334367
0.337674
0.337775
0.337789
0.337852
0.337779
0.337705
0.336344
0.334889
0.334486
0.334388
0.334365
0.334359
0.334368
0.322399
0.649436
0.673839
0.374239
0.197928
0.175075
0.162289
0.153064
0.136861
0.113623
0.085733
0.0699589
0.063847
0.0750681
0.075203
0.0602497
0.072199
0.0804894
0.0874796
0.10574
0.12204
0.110513
0.0865529
0.0813768
0.0824062
0.219319
0.316718
0.313882
0.342537
0.307067
0.335768
0.304673
0.322449
0.31005
0.330245
0.332406
0.399237
0.334357
0.334357
0.334357
0.334357
0.334357
0.334357
0.334357
0.334357
0.334358
0.334907
0.335043
0.335034
0.334985
0.334949
0.334929
0.33491
0.334893
0.334881
0.334871
0.334804
0.3349
0.334947
0.334911
0.334788
0.334672
0.334775
0.334811
0.334828
0.334943
0.334885
0.334583
0.334608
0.334722
0.335323
0.337155
0.336921
0.66106
0.334357
0.334799
0.337215
0.337746
0.33723
0.337846
0.337807
0.337348
0.337279
0.337811
0.335824
0.335405
0.376918
0.335107
0.334619
0.33442
0.334372
0.334361
0.334359
0.334481
0.0727287
0.334359
0.18269
0.161894
0.156567
0.1596
0.142123
0.130676
0.10745
0.083248
0.0701789
0.0694875
0.0820275
0.0694582
0.0833784
0.108387
0.121131
0.0922978
0.0859296
0.0759529
0.12212
0.287284
0.312904
0.347906
0.318142
0.325232
0.303704
0.308957
0.316953
0.40847
0.325208
0.358038
0.334407
0.334357
0.334357
0.334357
0.33436
0.334357
0.334357
0.334357
0.334357
0.337325
0.334365
0.33486
0.335015
0.334855
0.335014
0.334963
0.334938
0.334919
0.334901
0.334886
0.334881
0.334837
0.334847
0.334933
0.33494
0.334864
0.3347
0.334716
0.334807
0.334808
0.334887
0.334944
0.334741
0.334567
0.334664
0.334881
0.336147
0.258082
0.334359
0.337286
0.334733
0.334449
0.334379
0.334362
0.334358
0.334366
0.286102
0.0943253
0.105769
0.0997735
0.0850142
0.0791145
0.0954374
0.265514
0.325949
0.336186
0.345067
0.306463
0.311731
0.309421
0.308133
0.334145
0.332489
0.328397
0.336499
0.334357
0.334357
0.334357
0.334357
0.334357
0.334357
0.334856
0.334808
0.334778
0.334759
0.334739
0.334722
0.334714
0.334697
0.334698
0.334779
0.334812
0.334778
0.334665
0.334643
0.334707
0.334722
0.334775
0.334838
0.334707
0.334524
0.334606
0.334747
0.335694
0.311711
0.314811
0.424451
0.333672
0.412959
0.334358
0.334357
0.334357
0.334357
0.334357
0.334357
0.334357
0.334768
0.334749
0.33473
0.334716
0.334713
0.334668
0.334743
0.334802
0.3348
0.334733
0.33462
0.33468
0.334717
0.334734
0.334829
0.334803
0.334566
0.334555
0.334653
0.335036
0.337387
0.334038
0.334368
0.334401
0.334542
0.307811
0.377805
0.309776
0.368264
0.306323
0.303519
0.164746
0.0781349
0.081931
0.0879517
0.113225
0.114883
0.0865459
0.124216
0.334357
0.334791
0.334832
0.336665
0.334563
0.334712
0.334444
0.335796
0.159566
0.342225
0.334378
0.334534
0.334613
0.334483
0.334362
0.3344
0.334387
0.334358
0.334357
0.334375
0.33448
0.134042
0.307653
0.334367
0.334372
0.334364
0.0672882
0.334361
0.334359
0.334359
0.334366
0.335079
0.335407
0.33487
0.0701603
0.334357
0.132106
0.124675
0.0784248
0.126926
0.130356
0.0956592
0.122883
0.128361
0.123164
0.145034
0.105481
0.113055
0.0997957
0.286438
0.104817
0.0971138
0.123223
0.331905
0.213957
0.263149
0.314995
0.311915
0.305761
0.319148
0.318799
0.330298
0.325186
0.316406
0.343736
0.324367
0.324681
0.310491
0.305509
0.335083
0.338781
0.340127
0.329518
0.334605
0.334057
0.348549
0.364635
0.341635
0.340039
0.334359
0.334357
0.334357
0.334357
0.334357
0.334357
0.334357
0.33436
0.334359
0.334357
0.334366
0.334373
0.334357
0.334357
0.334357
0.334357
0.334369
0.334363
0.336563
0.336112
0.334367
0.334365
0.334364
0.33436
0.334362
0.334362
0.334362
0.334362
0.334363
0.334364
0.334365
0.334365
0.334365
0.334363
0.334361
0.334362
0.334365
0.334367
0.334366
0.334362
0.33437
0.334459
0.334971
0.336937
0.338515
0.348894
0.336704
0.156243
0.336864
0.0779067
0.152084
0.126298
0.11491
0.0923507
0.0793979
0.0824494
0.0862673
0.0710201
0.0845184
0.0620701
0.101737
0.111963
0.334369
0.334362
0.336315
0.334357
0.336148
0.334373
0.336733
0.334357
0.334357
0.0886307
0.118819
0.336811
0.33644
0.336312
0.0889231
0.334357
0.335288
0.335055
0.337987
0.334419
0.334361
0.103381
0.314403
0.181711
0.335704
0.334357
0.334357
0.334357
0.334336
0.0746856
0.334361
0.334357
0.329798
0.0757364
0.330777
0.335275
0.326559
0.3409
0.350645
0.341831
0.339898
0.334379
0.334357
0.334357
0.334357
0.334368
0.334373
0.334379
0.336779
0.334357
0.336257
0.334363
0.334363
0.334362
0.334362
0.334362
0.334363
0.334363
0.334365
0.334365
0.334365
0.334364
0.33436
0.334363
0.334363
0.334366
0.334367
0.334364
0.334363
0.334393
0.334616
0.336424
0.345776
0.107316
0.128685
0.18426
0.144264
0.0977103
0.336663
0.336214
0.166597
0.0885056
0.0809299
0.0874365
0.334364
0.33452
0.334377
0.334361
0.334362
0.334364
0.334363
0.334358
0.334361
0.334359
0.334362
0.334363
0.334363
0.334362
0.334361
0.334361
0.33436
0.33436
0.334357
0.334357
0.334417
0.334361
0.334357
0.334363
0.334364
0.334759
0.334362
0.33436
0.334359
0.334361
0.334363
0.334363
0.334362
0.334361
0.334361
0.334357
0.341355
0.340566
0.36143
0.334504
0.366497
0.340028
0.344421
0.334357
0.334365
0.33436
0.33436
0.33436
0.33436
0.33436
0.33436
0.334357
0.334357
0.334357
0.334357
0.334477
0.334383
0.099829
0.335792
0.338714
0.323815
0.334359
0.334357
0.334357
0.133499
0.334357
0.334445
0.333508
0.334357
0.33436
0.29768
0.119768
0.324026
0.334411
0.334395
0.0841602
0.086021
0.0935726
0.238317
0.357397
0.311269
0.326808
0.334082
0.334173
0.332888
0.333177
0.334557
0.334437
0.334358
0.312039
0.310251
0.334358
0.334409
0.364679
0.400478
0.334357
0.334368
0.334358
0.335653
0.335199
0.335383
0.334357
0.334357
0.167035
0.134374
0.335022
0.334603
0.326868
0.334357
0.334357
0.345721
0.288968
0.334358
0.334357
0.334357
0.334357
0.334357
0.334357
0.334357
0.334357
0.334357
0.334357
0.334357
0.334357
0.334357
0.334357
0.334357
0.334357
0.334357
0.334357
0.334357
0.334357
0.334356
0.334305
0.334396
0.334331
0.334726
0.334937
0.334352
0.334357
0.334357
0.334357
0.334357
0.334504
0.334445
0.334594
0.334358
0.334357
0.334358
0.334372
0.334385
0.334344
0.334348
0.334358
0.334357
0.334357
0.334357
0.203306
0.131231
0.133812
0.134436
0.334357
0.334357
0.335762
0.335289
0.329684
0.322965
0.107586
0.122572
0.334361
0.334364
0.0931824
0.101372
0.369652
0.335068
0.328181
0.321116
0.325886
0.346321
0.334357
0.322965
0.334258
0.33111
0.33585
0.335454
0.335928
0.335531
0.334358
0.0928927
0.305748
0.334581
0.334802
0.335025
0.334679
0.334359
0.329044
0.334363
0.334361
0.33437
0.334375
0.334366
0.334357
0.326223
0.334359
0.141107
0.142284
0.328977
0.336741
0.334467
0.334517
0.334434
0.334364
0.334373
0.315541
0.116159
0.103494
0.276988
0.11213
0.122519
0.116221
0.161277
0.205271
0.121165
0.119242
0.146423
0.133327
0.333066
0.10566
0.322911
0.327969
0.33448
0.335911
0.335503
0.334357
0.334357
0.32152
0.334358
0.334358
0.313853
0.334357
0.334357
0.334357
0.130587
0.334392
0.334363
0.369307
0.334387
0.334357
0.334357
0.334357
0.334357
0.322061
0.32742
0.32057
0.334357
0.334357
0.334357
0.334357
0.334357
0.334357
0.334357
0.334357
0.334357
0.334352
0.334319
0.334341
0.102689
0.334334
0.334352
0.334356
0.334356
0.334357
0.334357
0.230033
0.104675
0.33432
0.334353
0.334357
0.334357
0.334357
0.33432
0.334353
0.334357
0.334357
0.334349
0.334388
0.334321
0.334356
0.334357
0.334357
0.334357
0.334357
0.334357
0.334357
0.334357
0.334357
0.334327
0.334217
0.334347
0.334357
0.334357
0.337476
0.331743
0.334357
0.339832
0.334353
0.340311
0.340802
0.334357
0.133664
0.33455
0.335646
0.336029
0.334241
0.334278
0.334386
0.122478
0.334356
0.334356
0.127838
0.328009
0.334357
0.335869
0.33162
0.340295
0.102285
0.334359
0.334359
0.111322
0.334357
0.337797
0.334357
0.334357
0.326507
0.334357
0.334357
0.334357
0.334357
0.334357
0.352593
0.334359
0.335611
0.333095
0.334357
0.334357
0.334357
0.334357
0.334357
0.0940983
0.0943503
0.326453
0.334357
0.334357
0.334357
0.334357
0.334389
0.334172
0.334357
0.134461
0.334357
0.334357
0.334357
0.334351
0.334344
0.334159
0.334286
0.334535
0.100972
0.334281
0.334357
0.334357
0.334357
0.334358
0.334384
0.334273
0.334276
0.334357
0.334357
0.335153
0.334357
0.334357
0.300649
0.104771
0.334153
0.33435
0.334357
0.334357
0.117955
0.334226
0.332607
0.32811
0.122098
0.334364
0.334371
0.339004
0.334358
0.334357
0.33712
0.3355
0.322597
0.327408
0.332041
0.332606
0.334357
0.334357
0.192535
0.32711
0.180055
0.334347
0.334352
0.334099
0.3344
0.135816
0.130216
0.335963
0.336306
0.335182
0.334357
0.334357
0.334357
0.109273
0.334616
0.334374
0.127685
0.334891
0.335145
0.334735
0.331178
0.100825
0.334357
0.104202
0.332969
0.334357
0.121264
0.334328
0.33431
0.338215
0.334418
0.334399
0.329213
0.334357
0.334377
0.334485
0.334541
0.334447
0.334371
0.334361
0.264143
0.294344
0.334356
0.33436
0.334359
0.334357
0.32633
0.32081
0.342409
0.334357
0.334357
0.0972908
0.334358
0.334357
0.116714
0.138649
0.144674
0.331605
0.334357
0.334357
0.332646
0.335084
0.330211
0.334608
0.334395
0.334839
0.334357
0.334357
0.334357
0.334361
0.341236
0.334915
0.334357
0.334357
0.334357
0.334357
0.334357
0.334357
0.334357
0.334334
0.334357
0.334355
0.334323
0.33418
0.334353
0.334244
0.334357
0.334341
0.334295
0.334357
0.334357
0.334355
0.334406
0.334443
0.334406
0.109482
0.334361
0.334359
0.334358
0.334358
0.334358
0.334838
0.334357
0.334357
0.334357
0.334357
0.334357
0.334905
0.334357
0.334131
0.334095
0.334937
0.334363
0.334357
0.334605
0.334357
0.33341
0.334126
0.163512
0.33522
0.334361
0.334362
0.13062
0.127996
0.127065
0.334364
0.334366
0.334362
0.335713
0.334357
0.334328
0.120159
0.334357
0.334357
0.333898
0.333531
0.332703
0.334787
0.334085
0.33435
0.334371
0.334962
0.334357
0.0979648
0.19522
0.242576
0.122737
0.115891
0.0983073
0.107234
0.334357
0.335267
0.333379
0.334715
0.335031
0.334345
0.334268
0.33436
0.334697
0.331318
0.334357
0.334357
0.334357
0.332679
0.332129
0.334351
0.103534
0.10047
0.0941155
0.0988377
0.333873
0.334604
0.334357
0.334357
0.334357
0.334357
0.334357
0.334358
0.334357
0.333811
0.334356
0.334347
0.334357
0.334079
0.33438
0.334882
0.334468
0.334356
0.334364
0.33416
0.33442
0.0961953
0.0997703
0.0941886
0.334051
0.334078
0.334357
0.334357
0.334357
0.334498
0.335013
0.334451
0.110149
0.106773
0.334357
0.334357
0.333332
0.333718
0.334358
0.334359
0.334574
0.334357
0.334357
0.334357
0.334357
0.334357
0.334357
0.334037
0.335279
0.334331
0.334201
0.334357
0.334355
0.334359
0.334361
0.33472
0.332263
0.334681
0.33594
0.334031
0.334343
0.33436
0.334357
0.334357
0.334225
0.334261
0.334262
0.330282
0.334357
0.334357
0.334497
0.334362
0.338816
0.334518
0.170789
0.162661
0.333053
0.33625
0.319688
0.327821
0.334598
0.334353
0.334357
0.334357
0.334341
0.334362
0.334357
0.112915
0.334357
0.333627
0.334363
0.334441
0.33199
0.334156
0.334903
0.334387
0.334377
0.334357
0.334398
0.334488
0.334751
0.334613
0.334632
0.15552
0.334996
0.334366
0.334336
0.33607
0.334156
0.181941
0.334357
0.33487
0.334357
0.334357
0.334356
0.334357
0.334357
0.335902
0.331131
0.336366
0.334357
0.334357
0.334357
0.334357
0.334357
0.334357
0.334357
0.334357
0.334358
0.334357
0.334357
0.334357
0.334357
0.333078
0.334356
0.334364
0.334371
0.331682
0.334357
0.337433
0.336873
0.334359
0.334362
0.334369
0.162861
0.334423
0.34045
0.334357
0.334773
0.334838
0.334357
0.334412
0.334385
0.334452
0.334357
0.334543
0.334357
0.334357
0.334359
0.334358
0.336863
0.168815
0.336424
0.334364
0.334422
0.334449
0.334401
0.334357
0.334526
0.337944
0.334357
0.334493
0.334375
0.344352
0.334357
0.334357
0.334519
0.334357
0.334201
0.33436
0.331047
0.334368
0.219064
0.23028
0.286216
0.277238
0.313634
0.334358
0.334359
0.33439
0.334363
0.334358
0.334473
0.334497
0.114236
0.334365
0.334385
0.334362
0.334357
0.334894
0.333621
0.335046
0.334357
0.334365
0.33541
0.334363
0.334357
0.335607
0.334357
0.333286
0.334357
0.334357
0.334357
0.334357
0.334651
0.331616
0.334751
0.334357
0.334506
0.334658
0.334436
0.333832
0.335164
0.334361
0.335103
0.334357
0.334422
0.334365
0.334357
0.334358
0.33375
0.331211
0.335425
0.334358
0.33436
0.334053
0.334357
0.334357
0.103049
0.334357
0.334357
0.333489
0.334239
0.334357
0.333597
0.335385
0.332053
0.334372
0.332426
0.334357
0.334511
0.333628
0.336195
0.336252
0.333282
0.334359
0.334357
0.164186
0.334648
0.175893
0.167347
0.333031
0.334361
0.334738
0.332998
0.334451
0.33437
0.334365
0.333571
0.334358
0.334705
0.33437
0.335803
0.338971
0.246529
0.257906
0.334358
0.0924135
0.334387
0.0921182
0.0891365
0.114198
0.344743
0.334382
0.0950531
0.334374
0.334441
0.334399
0.334496
0.334386
0.334376
0.33441
0.334411
0.334358
0.334395
0.0959196
0.0973566
0.33436
0.334362
0.334428
0.333543
0.334359
0.334357
0.198097
0.335103
0.334359
0.334357
0.334366
0.334362
0.334376
0.334357
0.334488
0.0988604
0.334359
0.339551
0.0955312
0.334358
0.097115
0.334358
0.189528
0.179294
0.334395
0.331699
0.334359
0.334363
0.334361
0.094269
0.349561
0.334366
0.333355
0.334359
0.336582
0.338481
0.334367
0.332871
0.334644
0.310187
0.334358
0.33442
0.293832
0.334358
0.334373
0.334816
0.3344
0.334385
0.334421
0.315001
0.334365
0.334358
0.334358
0.334358
0.301595
0.330828
0.333719
0.334358
0.334361
0.127134
0.136045
0.329033
0.199033
0.335015
0.176036
0.334372
0.334382
0.334366
0.334533
0.336384
0.331288
0.334443
0.334358
0.342224
0.330465
0.338576
0.337337
0.334189
0.334369
0.334452
0.334447
0.334359
0.334358
0.334361
0.334358
0.334499
0.334364
0.334421
0.334345
0.334481
0.334358
0.334424
0.33436
0.337248
0.339446
0.346009
0.335039
0.33441
0.334479
0.334381
0.334856
0.334358
0.334387
0.334359
0.334358
0.334359
0.334393
0.334371
0.334359
0.334361
0.334363
0.334913
0.334358
0.334359
0.334669
0.334366
0.33436
0.334371
0.334387
0.334371
0.338087
0.337003
0.334442
0.334464
0.335013
0.339871
0.334376
0.334919
0.334437
0.334511
0.33436
0.334363
0.334358
0.334363
0.334462
0.334374
0.334396
0.334388
0.334983
0.335404
0.339512
0.334454
0.33482
0.337687
0.335743
0.338583
0.334631
0.339546
0.33439
0.334358
0.334404
0.334358
0.334479
0.334414
0.334483
0.335369
)
;

boundaryField
{
    bullet
    {
        type            nutkWallFunction;
        Cmu             0.09;
        kappa           0.41;
        E               9.8;
        value           nonuniform List<scalar> 
30
(
0.00148734
0.00210227
0.00225412
0.00206758
0.00187352
0.00161763
0.00152924
0.00156575
0.00132701
0.00128875
0.00132862
0.00166083
0.00151637
0.00177003
0.00219551
0.00129378
0.00133083
0.00125594
0.00115779
0.00119749
0.00117389
0.00122061
0.00130611
0.00144669
0.00151314
0.00163961
0.00180517
0.00192151
0.00178326
0.00153279
)
;
    }
    topWall
    {
        type            calculated;
        value           nonuniform List<scalar> 
50
(
0.337188
0.336158
0.335555
0.33533
0.335353
0.335402
0.33533
0.335481
0.335737
0.336529
0.337209
0.337322
0.338346
0.338346
0.338346
0.338346
0.338346
0.338346
0.338346
0.338346
0.338346
0.335952
0.336439
0.336938
0.337318
0.337597
0.337731
0.337777
0.337769
0.337936
0.338346
0.338346
0.338346
0.338346
0.338346
0.338346
0.338346
0.338346
0.338346
0.338346
0.338346
0.338346
0.338346
0.338346
0.338346
0.338346
0.338346
0.338346
0.338346
0.338346
)
;
    }
    bottomWall
    {
        type            calculated;
        value           nonuniform List<scalar> 
50
(
0.338103
0.338113
0.338178
0.338346
0.338346
0.338346
0.338346
0.338346
0.338346
0.338346
0.338346
0.338346
0.338346
0.338346
0.338346
0.338346
0.338346
0.338346
0.338346
0.338346
0.338346
0.338346
0.338346
0.338346
0.338346
0.33715
0.336255
0.335878
0.336029
0.33645
0.336738
0.336974
0.33723
0.337547
0.337832
0.337852
0.337541
0.336948
0.33659
0.336475
0.336305
0.336282
0.336422
0.336622
0.336841
0.337064
0.337258
0.337461
0.337757
0.338002
)
;
    }
    inlet
    {
        type            calculated;
        value           uniform 0.338346;
    }
    outlet
    {
        type            calculated;
        value           nonuniform List<scalar> 
30
(
0.334357
0.334357
0.334357
0.334357
0.334357
0.334357
0.334357
0.334358
0.334365
0.334907
0.339011
0.34002
0.340725
0.341074
0.341031
0.33901
0.340017
0.340721
0.341069
0.341027
0.334814
0.334429
0.334359
0.334357
0.334357
0.334357
0.334357
0.334357
0.334357
0.334357
)
;
    }
    defaultFaces
    {
        type            empty;
    }
}


// ************************************************************************* //
