/*--------------------------------*- C++ -*----------------------------------*\
  =========                 |
  \\      /  F ield         | OpenFOAM: The Open Source CFD Toolbox
   \\    /   O peration     | Website:  https://openfoam.org
    \\  /    A nd           | Version:  6
     \\/     M anipulation  |
\*---------------------------------------------------------------------------*/
FoamFile
{
    version     2.0;
    format      ascii;
    class       volScalarField;
    location    "0.0006";
    object      p;
}
// * * * * * * * * * * * * * * * * * * * * * * * * * * * * * * * * * * * * * //

dimensions      [1 -1 -2 0 0 0 0];

internalField   nonuniform List<scalar> 
3704
(
100000
100000
100000
100000
100000
100000
100000
100000
100000
100000
100000
100000
100000
100000
100000
100000
100000
100000
100000
100000
100000
100000
100000
100000
100000
100000
100000
100000
100000
100000
100000
100000
100000
100000
100000
100000
100000
100000
100000
100000
100000
100000
100000
100000
100000
100000
100000
100000
100000
100000
100000
100000
100000
100000
100000
100000
100000
100000
100000
100000
100000
100000
100000
100000
100000
100000
100000
100000
100000
100000
100000
100000
100000
100000
100000
100000
100000
100000
100000
100000
100000
100000
100000
100000
100000
100000
100000
100000
100000
100000
100000
100000
100000
100000
100000
100000
100000
100000
100000
100000
100000
100000
100000
100000
100000
100000
100000
100000
100000
100000
100000
100000
100000
100000
100000
100000
100000
100000
100000
100000
100000
100000
100000
100000
100000
100000
100000
100000
100000
100000
100000
100000
100000
100000
100000
100000
100000
100000
100000
100000
100000
100000
100000
100000
100000
100000
100000
100000
100000
100000
100000
100000
100000
100000
100000
100000
100000
100000
100000
100000
100000
100000
100000
100000
100000
100000
100000
100000
100000
100000
100000
100000
100000
100000
100000
100000
100000
100000
100000
100000
100000
100000
100000
100000
100000
100000
100000
100000
100000
100000
100000
100000
100000
100000
100000
100000
100000
100000
100000
100000
100000
100000
100000
100000
100000
100000
100000
100000
100000
100000
100000
100000
100000
100000
100000
100000
100000
100000
100000
100000
100000
100000
100000
100000
100000
100000
100000
100000
100000
100000
100000
100000
100000
100000
100000
100000
100000
100000
100000
100000
100000
100000
100000
100000
100000
100000
100000
100000
100000
100000
3991.29
2746.95
2974.41
4002.94
21562.6
48064.9
64130
113205
145135
260414
321164
350929
367009
281630
399572
5672.1
3877.64
5008.28
8380.92
42892.2
53174.6
71179.2
121904
158151
270156
313160
332305
337783
293912
404869
7787.95
7070.7
10881.7
13254
43233.3
62027.7
86423.8
134239
179327
270431
308163
324271
332735
287360
411434
10856.5
14194.5
16076.4
16922.9
48220.5
67445.9
98764.4
139731
189522
271337
306354
322140
330004
284225
431353
11498.1
17043.2
20844.9
23218
51625
72506.8
105685
146976
205423
274107
306949
321495
328873
306197
470607
448528
321570
390736
363330
318031
242672
138213
64126.9
55785.6
24230.7
21141.7
16003.4
10173.9
29575.1
8416.91
446185
317832
351874
338851
313245
261578
157214
84545.6
68039.3
29255.4
27277.2
13203.1
13723.2
30863.4
8319.3
447188
312724
332624
323582
302984
259970
166203
100267
91295.9
41442.2
36868.3
13888.5
20256.6
36680.9
10245.5
466011
314037
326043
318486
300096
257491
168771
108838
92757
58349.7
44526.7
17217.7
23713.9
36040.1
12602.1
514654
320154
324479
316740
298563
257539
172371
114754
93115.6
60760.9
46998
23102.8
27219.1
36957.7
14100.5
100000
100000
100000
100000
100000
100000
100000
100000
100000
100000
100000
100000
100000
100000
100000
100000
100000
100000
100000
100000
100000
100000
100000
100000
100000
100000
100000
100000
100000
100000
100000
100000
100000
100000
100000
100000
100000
100000
100000
100000
100000
100000
100000
100000
100000
100000
100000
100000
100000
100000
100000
100000
100000
100000
100000
100000
100000
100000
100000
100000
100000
100000
100000
100000
100000
100000
100000
100000
100000
100000
100000
100000
100000
100000
100000
100000
100000
100000
100000
100000
100000
100000
100000
100000
100000
100000
100000
100000
100000
100000
100000
100000
100000
100000
100000
100000
100000
100000
100000
100000
100000
100000
100000
100000
100000
100000
100000
100000
100000
100000
100000
100000
100000
100000
100000
100000
100000
100000
100000
100000
100000
100000
100000
100000
100000
100000
100000
100000
100000
100000
100000
100000
100000
100000
100000
100000
100000
100000
100000
100000
100000
100000
100000
100000
100000
100000
100000
100000
100000
100000
100000
100000
100000
100000
100000
100000
100000
100000
100000
100000
100000
100000
100000
100000
100000
100000
100000
100000
100000
100000
100000
100000
100000
100000
100000
100000
100000
100000
100000
100000
100000
100000
100000
100000
100000
100000
100000
100000
100000
100000
100000
100000
100000
100000
100000
100000
100000
100000
100000
100000
100000
100000
100000
100000
100000
100000
100000
100000
100000
100000
100000
100000
100000
100000
100000
100000
100000
100000
100000
100000
100000
100000
100000
100000
100000
100000
100000
100000
100000
100000
100000
100000
100000
100000
100000
100000
100000
100000
100000
100000
100000
100000
100000
100000
100000
100000
100000
100000
100000
100000
100000
100000
100000
100000
100000
100000
100000
100000
100000
100000
100000
100000
100000
100000
100000
100000
100000
100000
100000
100000
100000
100000
100000
100000
100000
100000
100000
100000
100000
100000
100000
100000
100000
100000
100000
100000
100000
100000
100000
100000
100000
134577
123742
83405.7
307334
90017.3
65834.3
97942
74905.2
75949.7
90982
94632.4
96756.4
92013.9
52476.1
61766.5
27257.1
27696.4
20294.2
12704
16089.9
100133
23043.8
32785.5
62300.2
87310.7
120390
171401
235190
293313
313642
320959
329246
327180
546209
388780
100776
100003
100000
100000
100000
100000
100000
100000
100000
100000
100000
41687.7
100000
100000
100000
100000
100000
100000
100000
100000
100000
100000
100000
100000
100000
100000
100000
100000
100001
100000
100000
100000
100000
100000
100000
100000
100000
100000
100000
100000
100000
100000
100000
100000
100000
100000
100000
100000
100000
100000
100000
100000
20796.5
100000
100000
100000
100000
100011
202418
87137
91121.7
127404
68632.1
62089.8
78975.9
78471
93020
92201
86801.7
95651
77962.4
42294.9
68072.9
15046.3
21405.7
48516.2
21371.4
18556.3
28759.5
79052.8
106743
146723
215958
273843
310492
319756
321988
332137
122072
100046
100000
100000
100000
100000
100000
100000
100000
100000
100000
100000
100000
100000
100000
100000
100000
100000
100000
100000
100000
99999.8
100000
100000
100000
100000
100000
100000
100000
100000
100000
100000
100000
100000
100000
100000
100000
100000
100000
100000
100000
100000
100000
100001
276143
111482
80773.1
207037
89973.7
63213.3
148976
80104.6
80956.4
88997.8
89922.4
96239.3
86417.9
42388.9
62121.6
13990
26849.5
100433
278499
100191
100001
100000
100000
100000
100000
100000
100000
100000
100000
99999.9
100001
100000
100000
100000
100000
100000
100000
100000
100000
100000
100000
100000
100000
100000
100000
100000
100000
100000
100353
152960
83423
177028
119159
65564.2
70215.7
70698.4
77996.5
90965.9
97465.8
86964.4
100239
70235.6
56271.3
12653.1
31550.1
21481.7
100000
100000
100000
100000
100000
100000
100000
100000
100000
100000
100012
103259
100000
100000
100000
100000
100000
100000
100000
100000
100000
100000
100000
100000
100000
100000
100000
100000
99998.9
99987.9
100007
100000
100000
100000
100000
100000
100000
100000
100000
100000
100000
100000
100000
100000
100000
100000
100000
100000
100000
100000
100000
100000
100000
100000
100005
100000
100000
100000
206061
100000
100000
100000
100000
100000
100000
100000
105510
110159
116018
111051
111971
104803
90676.5
88465.1
80445.4
85623.1
104375
105585
93512.5
101084
24905.1
34298.4
26034.6
17568.8
100000
100000
46995.2
22827.6
209331
32062.1
28621.1
43184.8
100000
100163
100000
100001
100000
102762
100568
100000
100000
100000
100000
100000
100010
100002
100000
100000
100000
100000
100000
100000
100000
100000
90110.5
119265
163483
222093
256175
214507
152304
185592
149579
190175
100000
100000
100000
100000
100000
100000
100000
100000
100000
100000
19548.3
22995.2
21565.7
100000
100000
100000
100000
100000
111192
100000
100010
100002
100000
100000
100000
100000
100000
100000
100000
99999.8
100000
99997.6
100001
100000
100000
100000
100000
100000
100000
100000
100000
100000
100000
100000
100000
100000
100000
24196.3
99993
100000
100000
100000
100000
100000
100000
100000
99999.8
100000
100000
101320
110367
100107
110989
100005
113845
118134
112180
109362
94254.6
80042.4
103743
91454.1
96178.5
90210.7
90840.6
89477.4
95485.6
100071
34718.7
32886.7
100000
100000
75277.8
100000
100000
100035
100000
100000
100000
100000
100000
100000
100000
100000
100000
100000
100000
131961
104407
180059
232189
258120
155112
153361
100000
91828.3
97488.3
94670.8
100000
136429
100000
100000
35729.7
99409.8
93409.6
91523.4
95752
85078.4
85703.6
109792
88387.1
100886
113744
100000
115689
107531
120017
100000
100000
100000
100000
100000
100000
100000
100000
100000
100000
100000
100000
100000
100000
100000
100000
100001
100006
99999.1
100000
99986.3
100000
100000
94476.4
90975.7
82895.2
88521.3
108971
111524
100000
100186
105258
113755
104678
31135.2
100010
100000
100003
100000
99999.9
100043
100000
100000
100000
99992.7
100037
100008
100036
100000
100000
95191.8
100000
100000
100000
100000
100000
100000
100000
100000
100000
75596.4
100000
100000
100000
100000
100000
100000
100000
100000
100000
99750.7
110976
100000
99893.5
100000
100000
25683.1
99998.2
99990.7
100000
100000
100000
100047
100025
99997.5
100007
100000
100000
100000
100000
100000
100000
100000
100036
99942.8
100000
100000
100066
104691
100778
99935
100133
100000
100000
100000
100000
99466.9
104191
105859
92499.1
89946
97984
95315.4
33414.1
91784.7
95787.4
100000
100000
94838.8
97391.3
92502.9
100000
100000
100000
100000
100000
100000
24874.1
100001
100001
100000
100000
100000
100446
100000
105022
100000
100000
100000
100000
100000
100000
100000
99999.9
100000
100000
100000
107409
117701
101461
100000
137705
92623.9
112187
100000
100000
100000
105906
105365
100000
100000
100000
100000
100000
100000
133126
134814
128594
138695
100000
100000
100000
100002
100000
99976.2
99962.8
101044
92282.6
99880.6
100000
100000
36842.5
36434
100000
108838
100000
100000
100000
107057
100000
100000
100000
100000
100000
100040
99999.7
99999.6
100000
99961
100000
99908.3
100000
97396
100007
100002
85559
100000
100000
100000
91257.2
90832.9
100000
100002
99998.3
100046
100000
100000
100053
100142
100034
100000
100000
100126
100003
99491.7
105152
99012.6
108972
99302.2
101851
98398.1
92212
96916
32318.5
100000
96255.9
91876.7
100319
100000
36450.6
100000
100000
36864.5
48290.7
63803
100000
100000
100000
32303.1
28696.9
41012
101124
100029
100099
122381
100000
114550
108729
112319
100000
100000
100000
100000
100000
100000
98759.3
95397.4
101299
107914
50065.7
100000
99868.5
100000
100000
100000
100000
100016
99077.2
92237.8
102286
102761
100000
100000
100000
100000
100000
107347
99968
99779.8
100000
100000
100079
99997.6
100000
100000
100002
100000
99842.9
99954
99917.9
99805.3
99759.4
96041.3
100005
100001
100387
100415
100001
100000
100000
100000
100000
100000
100000
57778.6
100000
97971.6
102124
99999.9
95970.8
100000
100000
99596.5
99886.3
100000
100000
99606.9
99491.2
100000
100000
93486.9
108219
99008.8
100000
100000
97662.6
99895
95692.6
100001
100001
100003
100003
100000
100000
34325.4
117645
111358
100000
99999.9
100000
100000
100000
89399.5
86087.6
91375
99152.4
100777
100000
106095
105191
131967
90240.8
88799
100000
100000
100000
100000
100000
100046
100011
100000
100000
100000
99999.5
99997.7
100000
99948
100000
100000
138012
99861.7
99759.4
100000
100000
100000
100000
100000
100000
100000
100000
36354
85239.8
94536.8
94245.3
94352.7
100075
100017
99818.5
99839.9
99953.5
99897.9
100000
100000
37953.2
100000
100000
100000
99915.1
59481
100000
95275.6
100000
100000
100000
100002
91486.1
100000
92426
102927
100000
99935.4
100000
99857.4
110016
109113
100000
102660
100000
36298.2
100000
100000
127447
99999.5
100000
100232
100000
100145
100000
100000
102115
80528.1
34443.5
99989.6
124254
100000
114104
120791
100000
85787.1
101348
102712
87781.1
135676
109975
100000
92849.1
103975
100000
100000
100000
65208.3
100000
100000
100000
100000
100000
100000
100000
100000
100000
99990.9
100000
100000
100000
100000
100000
100000
100000
143388
100000
100000
100000
100000
100000
144116
93667.1
94597.4
90914
100000
100000
90013.4
100000
100000
100000
100059
95486.4
100230
101565
99952.6
91697.1
100000
100000
100000
100000
100000
100000
101256
100000
94161.4
100000
100000
99947.6
101154
110191
100350
100166
100003
99571.2
99874.3
99591.7
100093
99997.6
101237
101344
65874.5
100534
101509
100000
38431.4
100000
100000
100000
100000
100000
100000
99989.8
101024
93882.1
100000
98021.9
100000
89940.5
96463.6
98953.3
98984.9
99547.2
98975.1
100000
100000
100664
98879
100000
100000
100000
100000
99999
91333.3
38036.2
40786.9
42574.1
99996.1
99807.4
99757
100050
100008
100000
91386.5
99651.2
99634.1
99999.3
128611
100396
100218
100000
101094
112929
101627
99987.5
99997.9
137761
100000
100000
100000
100000
99820.5
100778
93314.4
93905.5
100000
99049.2
98504.3
100000
100000
100000
100000
100000
100000
100000
100000
100000
100849
115107
95957.9
90470.5
100000
100000
100000
99998.6
99991
100000
100000
99996.9
99996.4
100000
100000
100000
100000
138967
100000
100000
100000
100001
100000
100000
100000
100000
100000
100000
99997.9
99999
99981.5
99795.5
100040
99990.7
100060
99999.9
99999.3
105104
101981
100000
100000
100000
100000
97875
100000
100000
100317
100000
93399.4
100036
100013
97873.5
100000
104350
100989
50688.6
100986
100000
100000
100000
100000
100000
100000
95886.7
101327
99995.9
94195.3
99999
94093.8
100000
92010.1
100000
100130
100800
106131
138710
100000
100000
99997
99996.6
136950
107601
101157
103879
100000
94956
94965.2
100000
50185.7
100000
99999.9
100000
100001
100000
100000
98535.4
92081.7
95183.3
45944.7
100000
91974.6
100000
100000
100000
100000
100000
100000
100000
100000
100000
100000
63948
81475.2
100000
100000
100000
100000
100000
100000
100000
100000
99999.9
101430
99999.9
100000
100000
98205
100000
100003
100000
104628
100000
100000
108697
100000
102931
100000
96629.7
98216.5
100052
100026
100000
100000
103605
96987.9
100642
99999.8
100000
96277.7
100000
100000
100000
105267
98065.3
100000
99345.3
100673
100622
100541
100000
100000
100002
100016
100000
99999.8
99646.8
99655
100000
100087
100036
100000
96603.9
101790
100000
99929.8
99625.5
135352
99995.5
99948.6
100000
100000
100000
100736
100000
86586.5
107080
129315
100000
100000
100000
100000
110628
100340
100000
100000
100761
100000
135378
100312
100000
95604.3
100000
99999.5
100000
100000
91611.8
99998.8
99999.4
92632.2
94673
61190.5
97742.6
99549.4
103050
100182
100000
98442.5
100003
100000
105314
101366
100000
134762
96920.8
96827.3
96838.2
96025.1
98217.1
99788.4
101867
100000
100000
100000
100000
100000
99687.5
100074
100000
100006
100005
100008
99999.7
99999.7
99998.4
100000
97876.6
104934
100000
100000
100000
100316
100000
100000
100000
100086
101108
100001
100007
100000
100001
100000
100000
97829.2
96843
97038.5
100018
97428.2
99779.4
100011
100008
100006
99346.7
126867
100000
99652.4
126234
126059
116033
100074
98783.3
99546.8
107179
114372
99365.6
100000
100001
101151
100000
100000
100000
100000
100000
100000
99997.2
100000
106195
103314
99202.6
100273
100073
99972.4
99730.1
100003
100000
100000
99992.7
99999.7
100000
98222.3
98073.2
100000
100020
100012
104740
99999.9
98322.7
98288.3
100000
102583
105141
99995.2
98697.6
98898.6
99987.3
99975.7
100003
100003
100004
100001
100000
115476
114422
99999.9
99999.9
99999.8
99999.1
100011
101058
100773
100237
99947.4
100024
105966
99999.9
99125.6
100000
104808
108847
99999.1
100044
99997.3
99143.1
100004
101670
102167
102025
100651
100002
99964.5
99962.3
99971.4
99989.4
99999.6
99683.8
100020
99672.9
100067
100582
99993.5
99993.5
100126
100001
100006
100003
99923.1
100001
99558.2
100557
100001
100406
98903.9
98873.7
100001
99998.1
100057
100179
99997.7
100001
100013
100005
100000
100000
100000
100000
100000
100000
100000
100000
100000
100000
100000
100000
100003
100786
390257
575510
326879
325279
314195
299754
258938
180853
122884
90634.4
62077.5
51290.7
34083.4
31607
35343.1
11296.9
31851
9892.19
116666
97863.9
74009.9
71469.8
98971.8
94042.1
104723
91212.5
80309.9
102630
76311.8
95586
71871.1
85690.8
74236.5
94571.4
98263.8
157231
100000
100000
100000
100000
100000
100000
100000
100000
100000
100000
100000
100000
100000
100000
100000
100000
100000
100000
100000
100000
100000
100000
100000
100000
100000
99999.9
99999.9
100000
100000
100000
100000
100000
100000
100000
100000
100000
47614.3
100000
100000
100000
100000
100000
100000
100000
100000
100000
100000
100000
100000
19333.9
100000
100000
100000
100000
100000
100000
100046
122314
100001
327023
317093
305580
273005
195187
157887
108489
78104.7
56864.6
46962.2
38009.1
33594.1
41235.6
110573
84381.4
64379.6
97745.5
89930.1
106124
85007.7
82064.2
112173
83205.2
94226.7
73636.8
75415.6
79372.3
206131
91679.5
127735
100011
100000
100000
100000
100000
100000
100000
100000
100000
100000
100000
100000
100000
100000
100000
100000
100000
100000
100000
100000
100000
100000
100000
100000
100000
100000
100000
99999.9
99999.8
100000
100000
100000
100000
100000
100000
100000
100000
264483
100000
100000
100000
100000
100000
100000
100000
100011
103208
3103.48
114313
69671.9
87912.2
95685.2
93889.9
93305.2
95585.1
105009
107216
75525.7
81531.1
76149
76069.9
102242
95947.5
90933.1
101032
100000
100000
100000
100000
100000
100000
100000
100000
100000
100000
100000
100000
100000
100000
100000
100000
100000
100000
100000
99999.9
99999.8
99999.9
100000
100000
100000
100000
100000
100000
100000
78330.8
81024.5
188202
95977.9
197734
100000
100000
100000
100000
100000
100000
100000
100000
100000
100000
100000
100000
100000
100000
100000
100000
100000
100000
99999.8
99999.6
100000
100000
100000
100000
100000
100000
100000
100000
100191
100000
100000
100000
76522.7
147160
78218.5
127755
78211.3
86831.1
102100
91993.5
95419
68714.2
76638.1
102564
41096.2
90729.9
100000
100000
100000
100000
100164
100000
100000
100000
165088
105183
100000
100000
100000
100000
100000
100000
100000
100000
100000
100010
100036
148123
102573
100000
100000
100000
29988.2
100000
100001
100000
100002
100000
100000
100000
124960
100000
68470.7
77175.4
33918.7
56323.1
57435.6
82873.2
65645.5
63637.8
67520.7
101509
70992.7
73155.2
83875
96934.2
91922.6
86018.7
97221.4
99699.4
96557.1
102352
83804
90321.9
92631.8
91271.1
87546.4
96632.7
92451.4
86920.4
108418
91133.5
92290.1
81889.9
77197.4
100242
103802
105255
96194.5
100333
100462
111284
128426
105748
104549
100000
100000
100000
100000
100000
100000
100000
100000
100000
100000
100000
100000
100000
100000
100000
100000
100000
100000
100000
100000
100000
100000
100000
100000
100000
100000
100000
100000
100000
100000
100000
100000
100000
99999.4
99996.7
99997.8
99999.7
100000
100000
100000
100000
100000
100000
100000
101207
114483
100000
184398
100000
131242
181836
161417
136793
88709.2
56446.5
51234.4
43570.6
36517
40280.2
28651.8
43653.7
44506.2
100000
100000
100000
100000
100000
100000
100000
100000
100000
112665
110738
100000
100000
100000
38580.3
100000
100637
100394
104970
100000
100000
109332
82966.4
100398
100000
100000
100000
100000
100557
132454
100000
100000
96377.9
30740.7
97375.7
100000
94503.3
104579
115417
106014
104493
100009
100000
100000
100000
100000
100000
100000
100000
100000
100000
100000
100000
100000
100000
100000
100000
100000
100000
100000
100000
99999.8
99996.7
99999.3
99999
99999.9
100000
100000
100000
100000
100000
100000
112163
113384
170759
74783.6
140505
133643
100000
100000
150666
72941.6
55160.5
50774.8
100000
100000
100000
100000
100000
100000
99999.6
99995.5
99999.2
99997.9
99999.7
100000
100000
100000
100000
100000
100000
100000
100000
100000
100000
100000
100000
100000
99999.9
100000
99998.9
99997.8
99997.1
99999.3
99999.9
100000
100000
100000
100000
100000
105763
105411
123582
100940
130885
104284
108752
100000
100000
100000
100000
100000
100000
100000
100000
100000
100000
100000
100000
100100
100000
43282
100000
100802
91270.9
100000
100000
100000
54992
100000
100031
99192.6
100000
100000
95481.7
141270
91431.4
100000
100000
35387.4
41576.8
39432.6
103344
120591
78115.7
93649.6
101009
99899.3
98788.3
99013
100173
100066
100001
79648.9
78984.4
100000
100000
142071
164597
100000
100011
100000
100000
100000
100000
100000
100000
106462
207548
100451
100108
101565
100000
100000
112635
108786
100000
100000
100000
100000
100000
100000
100000
100000
100000
100000
100000
100000
100000
100000
100000
100000
100000
100000
100000
99999.9
99998.9
99955.8
100032
99977.8
100000
100000
99996.6
99999.8
99999.8
100000
100000
100000
100000
100000
100000
100000
100000
100000
100000
99991.3
99991.3
100000
100000
100000
100000
135310
207248
206657
186234
100000
100000
100000
100000
95902.8
90802.5
47738.9
52065.8
100000
100000
53222.9
83544.9
130760
100023
94327.8
88960.4
93058
112114
100000
105465
101418
103803
100000
100000
100000
100000
100000
46537.7
108806
100000
100000
100000
100000
100000
96019.5
100000
100000
100000
100000
100000
100000
92407.9
100000
63754.8
63484.7
96089.6
102279
100000
100000
100000
100002
100007
82711.9
124965
97344.1
95094.7
93358.4
82492.9
91928.7
96522.8
101076
94006.2
95346.6
97818.4
168345
98932.8
51188.6
95229.9
96538.3
100105
100000
100000
100000
100000
89109.2
100000
100000
82068.1
100000
100000
100000
197688
100033
100004
136159
100023
100000
100000
100000
100000
89072.4
93210
99994.3
100000
100000
100000
100000
100000
100000
100000
100000
99999.6
99996.4
99964
99987.2
76902.7
99981.1
99994.6
99998.9
99998.8
100000
100000
134701
95843.2
99965.6
99996.1
100000
100000
100000
99966.8
99996.7
99999.9
100000
99989.7
100026
99969.8
99998.8
100000
100000
100000
100000
100000
100000
100000
99999.6
99972
99888
99990.9
100000
100000
102575
97706
100000
104613
100000
105910
105716
100000
67099.6
100161
101170
101508
99900.7
99923.8
100000
93440.1
99999.1
99999.2
80778
95157.2
99999.9
105699
98834.9
105470
57275.6
100001
100000
140070
100000
103186
100000
100000
93642
100000
100000
100000
100000
100000
109047
100000
100927
98840.8
100000
100000
100000
100000
100000
50115.2
45511.6
93122.1
100000
100000
100000
100000
100033
99832.9
100000
176049
99999.9
99999
100000
99994.8
99987.2
99828.4
99924.1
100155
71905.5
99931.1
100000
100000
100000
100000
100000
99939.3
99929
100000
100000
100000
100000
100000
90393.7
100482
99872.3
100001
100000
100000
167565
99699.6
98736.9
95014.9
60779.2
100000
100000
102304
100000
100000
102176
101064
90648.4
93999.8
98020.8
98571.1
100000
100000
154724
109860
164427
99995
99994.8
99776.1
100029
65422.5
90884.9
100866
100735
100000
100000
100000
100000
60943.3
100000
100006
168887
100000
100000
100000
97729.9
62268
100000
87002.5
98559.9
100000
97160
99966.7
99969.2
103181
100000
100000
95818.3
100000
100000
100000
100000
100000
100000
100004
102549
96376.7
99999.2
100000
100001
100000
93251.9
96523.9
106916
100000
100000
54201.9
100001
100000
156258
95047.9
96204.1
97565.7
99999.9
100000
98855
100000
96504.5
100091
100022
100313
100000
100000
100000
100004
102310
100000
100000
100000
100000
100000
100000
100000
99999.8
99978
100000
99997.6
99972.2
99853.3
99994.6
99901.2
100000
99999.7
99940.2
100000
100000
99997.5
100000
100000
100042
129222
100000
100000
100000
100000
100000
100000
100000
100000
100000
100000
100000
100000
100000
99805.2
99768.7
100000
100005
100000
100180
100000
99189.4
99792.8
152884
100857
100003
100004
68754.7
68830.2
87917.5
100000
100000
100000
100654
100000
99962.9
97124.7
100000
100000
99660.1
99272.8
98588
100343
99764.1
99994.1
100000
100487
100000
70014.7
98941.3
99631
72612.2
85885.1
72339.6
88577.5
100000
100731
99156.5
100000
100565
99993.1
99842.3
100000
100000
97604.9
100000
100000
100000
98565
98139.8
99996.6
130237
68399.4
68901.8
87428.8
99559
100000
100000
100000
100000
100000
100000
100001
100000
102004
99999
99993.1
100000
99741.6
100008
100458
100102
99996.2
100005
99816.6
100044
84369.5
107737
76317.3
99744
99759.6
100000
100000
100000
100083
100581
100061
152922
137942
100000
100000
99077.4
99457.4
100000
100000
100000
100000
100000
100000
100000
100000
100000
99781.4
100805
99980.9
99871.5
100000
99998.5
100001
100002
100000
98137.6
100449
101300
99657.2
99995.2
100003
100000
100000
99890.8
99934.1
99907.9
96573.9
100000
100000
100000
100004
115409
100000
149530
150857
98944.5
101688
98686.2
98120.5
100000
99996.7
100000
100000
99971.4
99984.6
100000
91070.1
100000
99467.1
100000
100095
98033.9
99883.9
100474
100000
100000
100000
100020
100000
100000
100000
100000
100368
100267
100000
99983.2
101474
99825.9
98235.4
100000
100844
100000
99999.9
99998.9
100000
100000
101286
97377.6
100664
100000
100000
100000
100000
100000
100000
100000
100000
100000
100000
100000
100000
100000
98854.4
99999.6
100000
100000
97891.2
100000
102649
102540
100000
100002
100007
96626.4
99944.1
114509
100000
100196
100191
100000
100000
100000
100000
100000
100000
100000
100000
100000
100000
107209
100460
101842
100009
100000
100000
100000
100000
100157
102982
100000
100065
100015
102567
100000
100000
100000
100000
99882.9
100000
97255.4
100009
98892.5
99472.3
99426.7
100202
100580
100000
100001
100023
100000
100000
100000
100000
100668
100005
100024
100004
100000
100540
99381.2
100709
100000
100075
100856
100000
100000
101068
100000
99139
100000
100000
100000
100000
100193
97651.8
100349
100000
100086
100279
100073
99523.9
100693
100000
100644
100000
100051
100058
100000
100000
99497.4
97334.9
100899
100000
100000
99676.5
100000
100000
132654
100000
100000
99268.4
99891.8
100000
99369.7
100858
98119.5
100012
98345.2
100000
100061
99375.6
100582
101619
99008.4
100000
100000
98536.4
100187
136113
134254
98925.3
100000
100308
98981.4
100000
100000
100000
99520.8
100000
100201
100000
100463
101344
101104
100080
100000
87636.3
100022
87582
92175.9
103963
109811
100000
97801
100007
100062
100023
100064
100000
100000
100000
100000
100000
100000
112315
118711
100001
100004
100000
99345.7
100000
100000
100971
100729
100000
100000
100000
100000
100000
100000
100090
121364
100000
106133
119867
100000
119912
100000
130016
125990
100000
98220
100001
100000
100000
113792
110099
100005
99881.7
100000
100771
101515
100004
101771
100137
99501.8
100000
100048
101042
100000
100013
100407
100034
100014
100035
99131.5
100067
100000
100000
100000
101021
100451
99431.8
100001
100002
100793
108179
99992
103395
100725
116474
100000
100000
100000
100091
101556
99812.7
100065
100000
109185
102742
107871
102048
99994.7
100000
100083
100081
100001
100001
100002
100000
100112
100000
100057
100033
100101
100001
100030
100001
101077
102270
109592
100698
100041
100115
100018
100195
100000
100024
100000
100000
100000
100026
100008
100001
100000
100004
100570
100000
100000
100125
100004
100001
100006
100020
100008
101729
101603
100036
100091
100328
107155
100010
100390
100066
100122
100001
100004
100000
100004
100087
100007
100038
100024
100254
100663
102238
100070
100345
101549
100682
102285
100139
107108
100018
100000
100029
100000
100075
100045
100071
100526
)
;

boundaryField
{
    bullet
    {
        type            zeroGradient;
    }
    topWall
    {
        type            zeroGradient;
    }
    bottomWall
    {
        type            zeroGradient;
    }
    inlet
    {
        type            fixedValue;
        value           uniform 100000;
    }
    outlet
    {
        type            waveTransmissive;
        gamma           1.3;
        fieldInf        100000;
        lInf            1;
        value           nonuniform List<scalar> 
30
(
100000
100000
100000
100000
100000
100000
100000
100000
100000
100000
100000
100000
100000
100000
100000
100000
100000
100000
100000
100000
100000
100000
100000
100000
100000
100000
100000
100000
100000
100000
)
;
    }
    defaultFaces
    {
        type            empty;
    }
}


// ************************************************************************* //
