/*--------------------------------*- C++ -*----------------------------------*\
  =========                 |
  \\      /  F ield         | OpenFOAM: The Open Source CFD Toolbox
   \\    /   O peration     | Website:  https://openfoam.org
    \\  /    A nd           | Version:  6
     \\/     M anipulation  |
\*---------------------------------------------------------------------------*/
FoamFile
{
    version     2.0;
    format      ascii;
    class       surfaceScalarField;
    location    "0.0006";
    object      phi;
}
// * * * * * * * * * * * * * * * * * * * * * * * * * * * * * * * * * * * * * //

dimensions      [1 0 -1 0 0 0 0];

internalField   nonuniform List<scalar> 
5786
(
0.150621
-8.6875e-15
0.150621
-1.8735e-14
0.150621
-1.94844e-14
0.150621
-1.72085e-14
0.150621
-1.10745e-14
0.150621
-8.43769e-15
0.150621
-1.70697e-14
0.150621
-5.66769e-14
0.150621
-2.97429e-13
0.150621
-1.69592e-12
0.150621
-9.61783e-12
0.150621
-5.2151e-11
0.150621
-2.68829e-10
0.150621
-1.29358e-09
0.150621
-5.78378e-09
0.150621
-2.36024e-08
0.150621
-8.14807e-08
0.150621
-2.57651e-07
0.150621
-9.72204e-07
0.150621
-7.25528e-07
0.150621
-1.54231e-07
0.150621
-2.42413e-08
0.150621
-4.07449e-09
0.150621
-7.43277e-10
0.150621
-1.7689e-10
0.150621
-4.77751e-11
0.150621
-1.11265e-11
0.150621
-1.86542e-12
0.150621
-1.09884e-13
0.150621
3.01009e-13
0.150621
4.93522e-13
0.150621
8.86513e-13
0.150621
1.20629e-12
0.150621
1.55531e-12
0.150621
2.20854e-12
0.150621
3.92589e-12
0.150621
8.66626e-12
0.150621
2.07408e-11
0.150621
4.942e-11
0.150621
1.08851e-10
0.150621
2.30714e-10
0.150621
5.06121e-10
0.150621
1.09741e-09
0.150621
2.59564e-09
0.150621
4.79049e-09
0.150621
9.23504e-09
0.150621
1.53028e-08
0.150621
2.14973e-08
0.150621
3.19443e-08
3.63627e-08
0.150621
-3.69149e-15
0.150621
-1.83187e-14
0.150621
-2.1233e-14
0.150621
-1.81521e-14
0.150621
-1.41276e-14
0.150621
-1.385e-14
0.150621
-2.08167e-14
0.150621
-6.10345e-14
0.150621
-2.99205e-13
0.150621
-1.70641e-12
0.150621
-9.69269e-12
0.150621
-5.27877e-11
0.150621
-2.74378e-10
0.150621
-1.32614e-09
0.150621
-6.02646e-09
0.150621
-2.56281e-08
0.150621
-8.91258e-08
0.150621
-2.85234e-07
0.150621
-1.29541e-06
0.150621
-9.08903e-07
0.150621
-1.94181e-07
0.150621
-3.26425e-08
0.150621
-5.64135e-09
0.150621
-1.02354e-09
0.150621
-2.41175e-10
0.150621
-6.66727e-11
0.150621
-1.62131e-11
0.150621
-2.88869e-12
0.150621
-2.65982e-13
0.150621
3.09974e-13
0.150621
5.50449e-13
0.150621
1.0294e-12
0.150621
1.44054e-12
0.150621
1.84869e-12
0.150621
2.47583e-12
0.150621
4.1481e-12
0.150621
9.05104e-12
0.150621
2.19542e-11
0.150621
5.36845e-11
0.150621
1.17268e-10
0.150621
2.42962e-10
0.150621
5.32669e-10
0.150621
1.13922e-09
0.150621
2.81757e-09
0.150621
5.04988e-09
0.150621
9.59502e-09
0.150621
1.51297e-08
0.150621
2.04827e-08
0.150621
2.95812e-08
3.33953e-08
0.150621
-1.94289e-15
0.150621
-1.99563e-14
0.150621
-2.14828e-14
0.150621
-2.5091e-14
0.150621
-1.88738e-14
0.150621
-1.93456e-14
0.150621
-2.70617e-14
0.150621
-6.78624e-14
0.150621
-3.18107e-13
0.150621
-1.78396e-12
0.150621
-1.01077e-11
0.150621
-5.50887e-11
0.150621
-2.87859e-10
0.150621
-1.38692e-09
0.150621
-6.36455e-09
0.150621
-2.80924e-08
0.150621
-9.61465e-08
0.150621
-3.0134e-07
0.150621
-1.69878e-06
0.150621
-1.13773e-06
0.150621
-2.50705e-07
0.150621
-4.40998e-08
0.150621
-7.86531e-09
0.150621
-1.42177e-09
0.150621
-3.29962e-10
0.150621
-9.30871e-11
0.150621
-2.36781e-11
0.150621
-4.45155e-12
0.150621
-4.95853e-13
0.150621
3.07671e-13
0.150621
5.94219e-13
0.150621
1.15571e-12
0.150621
1.67477e-12
0.150621
2.19219e-12
0.150621
2.77545e-12
0.150621
4.35219e-12
0.150621
9.41591e-12
0.150621
2.30025e-11
0.150621
5.78255e-11
0.150621
1.25729e-10
0.150621
2.55025e-10
0.150621
5.58298e-10
0.150621
1.18319e-09
0.150621
3.02334e-09
0.150621
5.30622e-09
0.150621
9.95315e-09
0.150621
1.50104e-08
0.150621
1.96552e-08
0.150621
2.70194e-08
3.05826e-08
0.150621
-5.07927e-15
0.150621
-1.91236e-14
0.150621
-2.01783e-14
0.150621
-2.32869e-14
0.150621
-2.46192e-14
0.150621
-1.92901e-14
0.150621
-3.09752e-14
0.150621
-7.63556e-14
0.150621
-3.5616e-13
0.150621
-1.94322e-12
0.150621
-1.08971e-11
0.150621
-5.89893e-11
0.150621
-3.08128e-10
0.150621
-1.46293e-09
0.150621
-6.72428e-09
0.150621
-3.05494e-08
0.150621
-1.01029e-07
0.150621
-3.02209e-07
0.150621
-2.18624e-06
0.150621
-1.43224e-06
0.150621
-3.14508e-07
0.150621
-5.94802e-08
0.150621
-1.09966e-08
0.150621
-1.98763e-09
0.150621
-4.51697e-10
0.150621
-1.29403e-10
0.150621
-3.45225e-11
0.150621
-6.85027e-12
0.150621
-8.49709e-13
0.150621
2.89463e-13
0.150621
6.44068e-13
0.150621
1.27437e-12
0.150621
1.91713e-12
0.150621
2.57197e-12
0.150621
3.13619e-12
0.150621
4.53737e-12
0.150621
9.75708e-12
0.150621
2.39382e-11
0.150621
6.18643e-11
0.150621
1.34454e-10
0.150621
2.669e-10
0.150621
5.82658e-10
0.150621
1.2317e-09
0.150621
3.20919e-09
0.150621
5.57326e-09
0.150621
1.03224e-08
0.150621
1.48528e-08
0.150621
1.9058e-08
0.150621
2.41499e-08
2.79352e-08
0.150621
-7.52307e-15
0.150621
-2.09091e-14
0.150621
-2.69224e-14
0.150621
-2.90463e-14
0.150621
-2.22773e-14
0.150621
-1.85962e-14
0.150621
-2.9484e-14
0.150621
-3.97968e-14
0.150621
-1.48457e-13
0.150621
-8.03363e-13
0.150621
-4.80335e-12
0.150621
-2.80565e-11
0.150621
-1.66568e-10
0.150621
-8.70181e-10
0.150621
-4.95191e-09
0.150621
-2.94377e-08
0.150621
-7.30377e-08
0.150621
-1.77582e-07
0.150621
-2.98788e-06
0.150621
-1.6336e-06
0.150621
-4.29224e-07
0.150621
-8.22404e-08
0.150621
-1.54212e-08
0.150621
-2.80164e-09
0.150621
-6.18248e-10
0.150621
-1.78067e-10
0.150621
-4.97907e-11
0.150621
-1.04615e-11
0.150621
-1.41133e-12
0.150621
2.52385e-13
0.150621
6.86217e-13
0.150621
1.38718e-12
0.150621
2.16567e-12
0.150621
2.97727e-12
0.150621
3.51451e-12
0.150621
4.4064e-12
0.150621
9.9033e-12
0.150621
2.39928e-11
0.150621
6.65475e-11
0.150621
1.43269e-10
0.150621
2.65716e-10
0.150621
5.90703e-10
0.150621
1.23392e-09
0.150621
3.42965e-09
0.150621
5.87405e-09
0.150621
1.06663e-08
0.150621
1.46077e-08
0.150621
1.86295e-08
0.150621
2.14896e-08
2.54441e-08
-0.00187412
0.00165717
0.000895891
-0.043981
0.0451693
-0.0263857
0.00557545
-0.0328241
0.00254569
-0.0632699
-0.0105823
-0.138039
0.043599
-0.354842
0.148046
-0.47409
0.1794
-0.460911
0.0490517
-0.454011
-0.0378629
-0.455502
-0.0118567
-0.276031
-0.198414
-0.0781952
-0.223076
0.0340783
-0.15207
-0.0716973
0.0603776
-0.00432006
0.014402
0.00239791
-0.0516367
0.0856719
-0.0423966
0.0299972
-0.061172
0.0105244
-0.132246
-0.00953094
-0.179357
0.127655
-0.317271
0.226001
-0.381277
0.308271
-0.375107
0.0482527
-0.551465
0.140569
-0.48182
-0.093501
-0.183108
-0.514905
0.369756
-0.800383
0.0124565
0.185913
-0.0614065
-0.0437363
-0.00588837
0.0170802
0.00125896
-0.077029
0.134139
-0.0446842
0.0487952
-0.0351531
-0.00820775
-0.172346
0.055252
-0.235247
0.215153
-0.307151
0.288352
-0.317363
0.351784
-0.440727
0.175258
-0.452976
0.141187
-0.399165
-0.162729
-0.250959
-0.673699
-0.0906092
-0.968157
0.00815537
0.0717838
-0.066161
-0.0310119
-0.0456939
0.0431112
0.00132979
-0.0711409
0.118237
-0.044199
0.0960926
-0.0417038
-0.00723411
-0.186695
0.134082
-0.282376
0.309046
-0.345614
0.38816
-0.301086
0.317406
-0.322462
0.200904
-0.330831
0.140209
-0.292546
-0.218145
-0.269825
-0.703086
-0.0725956
-1.16457
0.0191423
-0.0405912
-0.0464642
-0.034481
-0.0695299
0.0028404
0.12204
-0.087487
0.145265
-0.0845675
0.148459
-0.0946221
0.00820864
-0.198277
0.142261
-0.264982
0.397756
-0.35728
0.509758
-0.293284
0.257762
-0.267042
0.174789
-0.280027
0.136388
-0.27151
-0.243485
-0.325896
-0.653764
-0.104956
-1.38375
0.0585283
-0.215499
-0.0339621
0.0318232
-0.0705732
0.0733703
0.0106585
-0.0928061
0.457564
-0.46399
0.562924
-0.119604
0.367116
0.186975
0.279629
0.0686009
0.242148
-0.0299906
0.276398
0.00824706
0.303809
0.147618
0.0838139
0.140007
0.0881657
0.022346
0.0193154
-0.00309229
0.00542555
0.0110697
-0.0249424
0.0133247
-0.0157538
-0.0608436
0.0317296
0.00741833
-0.169937
0.29189
-0.76537
0.540887
-0.393091
0.631839
0.0841991
0.321725
0.367502
0.277907
0.000141038
0.30541
-0.00137834
0.195562
0.421909
0.0640517
0.17689
0.0491976
0.0713032
0.0196501
0.00176588
0.00847566
0.0207137
-0.00915875
0.0234552
-0.016395
-0.0601026
0.011521
0.0220905
-0.263149
0.230893
-0.982231
0.402216
-0.586667
0.506081
-0.0279037
0.584957
0.284269
0.311776
0.265935
0.251796
0.0891275
0.19614
0.559529
0.108754
0.235805
0.0414924
0.144419
0.00685114
0.00588331
0.0107256
0.030924
-0.0104352
0.04798
-0.0209592
-0.0672833
0.00276206
0.0278863
-0.370274
0.230768
-1.18501
0.320203
-0.689564
0.361982
-0.0796818
0.357491
0.287521
0.318948
0.307719
0.258507
0.208532
0.281678
0.507648
0.187443
0.311455
0.0572382
0.32737
0.0103284
0.03765
0.0145846
0.0405403
-0.0146188
0.0782676
-0.0363978
-0.0873909
0.0260852
0.0266953
-0.494889
0.272112
-1.42913
0.30336
-0.729885
0.331138
-0.119867
0.292274
0.330825
0.290418
0.330356
0.252976
0.317379
0.273894
0.455009
0.201906
0.388464
0.073706
0.480399
0.0384103
0.0682156
0.0154751
0.0908829
-0.0243897
0.0863417
-0.0494042
-0.150621
6.61956e-08
-0.150621
5.66025e-08
-0.150621
5.35926e-08
-0.150621
3.35325e-08
-0.150621
1.81187e-08
-0.150621
8.45014e-09
-0.150621
4.39735e-09
-0.150621
1.99302e-09
-0.150621
8.45332e-10
-0.150621
3.57529e-10
-0.150621
1.56512e-10
-0.150621
6.63955e-11
-0.150621
2.76816e-11
-0.150621
1.11204e-11
-0.150621
4.96289e-12
-0.150621
2.32658e-12
-0.150621
1.12299e-12
-0.150621
6.71213e-13
-0.150621
4.35235e-13
-0.150621
1.17711e-13
-0.150621
-3.73573e-12
-0.150621
-3.06841e-11
-0.150621
-1.18599e-10
-0.150621
-3.21663e-10
-0.150621
-6.34146e-10
-0.150621
-1.13559e-09
-0.150621
-3.49127e-09
-0.150621
-7.36894e-09
-0.150621
-7.76269e-09
-0.150621
6.5153e-09
-0.150621
1.08159e-07
-0.150621
3.13787e-07
-0.150621
3.83349e-07
-0.150621
1.17653e-07
-0.150621
2.76737e-08
-0.150621
5.98956e-09
-0.150621
1.08443e-09
-0.150621
1.41279e-10
-0.150621
-1.03454e-11
-0.150621
-1.53885e-11
-0.150621
-5.09071e-12
-0.150621
-1.45481e-12
-0.150621
-3.73507e-13
-0.150621
-8.31002e-14
-0.150621
-1.46272e-14
-0.150621
-2.60902e-15
-0.150621
-6.80012e-15
-0.150621
-1.04916e-14
-0.150621
-1.21847e-14
-5.96745e-15
-0.150621
6.17217e-08
-0.150621
5.27236e-08
-0.150621
5.18052e-08
-0.150621
3.30766e-08
-0.150621
1.89913e-08
-0.150621
8.68349e-09
-0.150621
4.74333e-09
-0.150621
2.14918e-09
-0.150621
8.86537e-10
-0.150621
3.738e-10
-0.150621
1.67622e-10
-0.150621
7.11186e-11
-0.150621
2.97273e-11
-0.150621
1.16561e-11
-0.150621
5.38994e-12
-0.150621
2.58277e-12
-0.150621
1.23404e-12
-0.150621
7.59948e-13
-0.150621
4.90469e-13
-0.150621
3.26683e-14
-0.150621
-6.80755e-12
-0.150621
-4.65868e-11
-0.150621
-1.67453e-10
-0.150621
-4.21912e-10
-0.150621
-7.77578e-10
-0.150621
-1.37038e-09
-0.150621
-4.24091e-09
-0.150621
-7.69228e-09
-0.150621
-7.53565e-09
-0.150621
1.44991e-08
-0.150621
1.46101e-07
-0.150621
4.21716e-07
-0.150621
5.33832e-07
-0.150621
1.56733e-07
-0.150621
3.35358e-08
-0.150621
7.01261e-09
-0.150621
1.2263e-09
-0.150621
1.59316e-10
-0.150621
-5.97239e-12
-0.150621
-1.57142e-11
-0.150621
-5.214e-12
-0.150621
-1.46047e-12
-0.150621
-3.72591e-13
-0.150621
-8.64864e-14
-0.150621
-1.50713e-14
-0.150621
-7.85483e-15
-0.150621
-5.4956e-15
-0.150621
-1.14908e-14
-0.150621
-1.30729e-14
-1.08802e-14
-0.150621
5.77326e-08
-0.150621
4.90398e-08
-0.150621
4.98731e-08
-0.150621
3.26276e-08
-0.150621
1.98622e-08
-0.150621
9.03019e-09
-0.150621
5.07577e-09
-0.150621
2.30781e-09
-0.150621
9.22964e-10
-0.150621
3.91612e-10
-0.150621
1.80514e-10
-0.150621
7.60408e-11
-0.150621
3.16634e-11
-0.150621
1.21692e-11
-0.150621
5.86775e-12
-0.150621
2.85e-12
-0.150621
1.34373e-12
-0.150621
8.38635e-13
-0.150621
5.41345e-13
-0.150621
-1.27842e-13
-0.150621
-1.1867e-11
-0.150621
-6.94449e-11
-0.150621
-2.33458e-10
-0.150621
-5.44416e-10
-0.150621
-9.4104e-10
-0.150621
-1.64099e-09
-0.150621
-4.98845e-09
-0.150621
-8.08819e-09
-0.150621
-6.37502e-09
-0.150621
2.63411e-08
-0.150621
1.95972e-07
-0.150621
5.37256e-07
-0.150621
7.0168e-07
-0.150621
2.01837e-07
-0.150621
3.95517e-08
-0.150621
8.07039e-09
-0.150621
1.37447e-09
-0.150621
1.84261e-10
-0.150621
3.49665e-13
-0.150621
-1.55329e-11
-0.150621
-5.38342e-12
-0.150621
-1.48129e-12
-0.150621
-3.75699e-13
-0.150621
-9.12603e-14
-0.150621
-1.7375e-14
-0.150621
-6.91114e-15
-0.150621
-1.13243e-14
-0.150621
-1.49047e-14
-0.150621
-1.57652e-14
-7.66054e-15
-0.150621
5.39767e-08
-0.150621
4.57058e-08
-0.150621
4.77146e-08
-0.150621
3.23805e-08
-0.150621
2.07487e-08
-0.150621
9.50488e-09
-0.150621
5.40178e-09
-0.150621
2.46476e-09
-0.150621
9.54274e-10
-0.150621
4.13137e-10
-0.150621
1.9611e-10
-0.150621
8.14434e-11
-0.150621
3.34577e-11
-0.150621
1.27545e-11
-0.150621
6.42594e-12
-0.150621
3.13316e-12
-0.150621
1.46799e-12
-0.150621
9.12631e-13
-0.150621
5.97022e-13
-0.150621
-3.59462e-13
-0.150621
-2.05494e-11
-0.150621
-1.02399e-10
-0.150621
-3.22125e-10
-0.150621
-6.90116e-10
-0.150621
-1.1244e-09
-0.150621
-1.97304e-09
-0.150621
-5.7494e-09
-0.150621
-8.45376e-09
-0.150621
-3.84402e-09
-0.150621
4.35613e-08
-0.150621
2.625e-07
-0.150621
6.64135e-07
-0.150621
8.9213e-07
-0.150621
2.55664e-07
-0.150621
4.58878e-08
-0.150621
9.18877e-09
-0.150621
1.53071e-09
-0.150621
2.15722e-10
-0.150621
8.34494e-12
-0.150621
-1.46972e-11
-0.150621
-5.63632e-12
-0.150621
-1.5169e-12
-0.150621
-3.7903e-13
-0.150621
-9.03166e-14
-0.150621
-1.99563e-14
-0.150621
-8.6875e-15
-0.150621
-1.19071e-14
-0.150621
-1.2379e-14
-0.150621
-1.27121e-14
-8.71525e-15
-0.150621
5.05452e-08
-0.150621
4.25203e-08
-0.150621
4.47511e-08
-0.150621
3.27429e-08
-0.150621
2.16522e-08
-0.150621
1.01183e-08
-0.150621
5.74043e-09
-0.150621
2.6927e-09
-0.150621
9.20016e-10
-0.150621
4.17552e-10
-0.150621
2.16595e-10
-0.150621
8.46202e-11
-0.150621
3.31423e-11
-0.150621
1.20494e-11
-0.150621
7.03773e-12
-0.150621
3.38755e-12
-0.150621
1.53208e-12
-0.150621
9.63299e-13
-0.150621
6.49685e-13
-0.150621
-9.11111e-13
-0.150621
-3.80887e-11
-0.150621
-1.60583e-10
-0.150621
-4.50426e-10
-0.150621
-8.66102e-10
-0.150621
-1.32259e-09
-0.150621
-2.28416e-09
-0.150621
-5.94381e-09
-0.150621
-9.00954e-09
-0.150621
2.69881e-10
-0.150621
7.00289e-08
-0.150621
3.43201e-07
-0.150621
7.85655e-07
-0.150621
1.15594e-06
-0.150621
3.22334e-07
-0.150621
4.16775e-08
-0.150621
6.6929e-09
-0.150621
7.25829e-10
-0.150621
5.01766e-11
-0.150621
-2.2065e-11
-0.150621
-1.86762e-11
-0.150621
-5.5506e-12
-0.150621
-1.22647e-12
-0.150621
-2.62347e-13
-0.150621
-5.47297e-14
-0.150621
-8.13421e-15
-0.150621
-8.11365e-15
-0.150621
-1.32119e-14
-0.150621
-1.5498e-14
-0.150621
-1.68094e-14
-1.05923e-14
7.45574
-5.31346e-15
2.5894
4.86634
4.06428
3.39146
4.04997
3.40577
3.91886
3.53688
7.45574
-6.35726
6.35726
6.39537
-6.39537
-6.50148
6.50148
-6.58921
6.58921
6.53891
-6.53891
6.51654
-6.51654
6.50645
-6.50645
6.5301
-6.5301
6.67249
-6.67241
6.74254
-6.74265
6.73524
-6.73524
6.7262
-6.7262
6.71679
-6.71679
6.71046
-6.71046
6.70926
-6.70926
6.71197
-6.71197
6.71943
-6.71943
6.72515
-6.72515
6.71754
-6.71754
6.70519
-6.70519
6.69427
-6.69427
6.63561
-6.63561
6.4654
-6.4654
6.61362
-6.61362
-7.45574
-2.522
-4.93374
-4.08574
-3.36999
-3.96449
-3.49124
-4.1353
-3.32044
-7.45574
-1.68963e-07
6.66983
-6.66983
-9.77603e-08
6.79068
-6.79068
-1.06559e-08
-6.64684
6.64684
-3.43541e-10
-6.69619
6.69619
-2.33958e-11
-6.70641
6.70645
3.29839e-05
-101.34
7.75675
-3.05691
-36.4054
53.4994
0.569933
-6.54798
6.24328
-3.21264
-194.95
260.749
0.278075
-32.515
37.4832
0.997821
-5.7674
6.99593
0.295788
-80.9008
4.40513
-1.42364
-11.6812
4.7534
0.00445477
-7.95945
7.62192
-1.07904
-8.17304
8.3544
-0.0394496
-8.99049
9.70185
-0.000531212
-6.92983
4.28158
-0.485192
-3.35222
3.80569
0.315163
-0.21479
0.114176
0.521719
-0.385077
1.87149
-0.921684
-0.0779796
-0.027422
-0.992287
-0.817617
0.0832105
0.938777
-0.195796
0.399238
0.0410025
-0.162853
0.331151
-0.36513
2.06493
1.26646
-3.33244
0.709614
-0.469951
-0.615998
0.681248
1.19539
-1.11022
1.78884
-1.25874
2.00853
-1.55941
2.26709
-1.84406
3.1001
-2.89621
3.17329
-3.10054
1.96793
-2.22155
1.40584
-2.03246
1.29285
-2.69461
-0.00956538
-0.236823
0.0205144
0.0154178
-0.039827
-0.016962
-0.00126483
-1.44664
1.448
-0.000369915
-1.81253
1.81253
7.33118e-07
2.28517
-2.28517
-3.30141e-09
2.80432
-2.80432
-5.99325e-10
-3.55054
3.55054
-1.43285e-11
-4.50692
4.50692
-1.6967e-13
-5.72963
5.72963
-9.71662e-14
-6.53303
6.53303
2.59262e-14
1.09848
-9.97773
-0.785903
-0.0224543
-4.11511
6.70451
3.34062
7.4049
4.06631
3.38942
7.45777
7.43939
3.40908
4.04666
3.07862
4.37712
6.64291
-6.64291
6.38768
-6.38768
6.57634
-6.57634
-6.56587
6.56587
-6.52339
6.52339
-6.5139
6.5139
-6.50329
6.50329
-6.59555
6.59555
-6.72309
6.72307
-6.74564
6.74562
-6.73434
6.73434
-6.72221
6.72221
-6.71845
6.71845
-6.71287
6.71287
-6.71174
6.71174
-6.72131
6.72131
-6.72169
6.72169
-6.71732
6.71732
-6.71265
6.71265
-6.70677
6.70677
-6.67597
6.67597
-6.55698
6.55698
-6.4767
6.4767
-0.0128781
-6.19075
6.19075
-4.46275
-2.99299
-3.51308
-3.94265
-3.45344
-4.0023
-0.113794
-2.50716
-4.94858
-7.02461
0.35478
-7.02461
-4.61546e-08
-0.0439509
-0.233937
6.66492
-6.66492
-1.90383e-09
6.67748
-6.67748
-6.89912e-11
6.70697
-6.70697
7.96959e-09
6.70979
-6.71908
-0.0154226
162.951
-85.0876
0.273897
24.2263
-8.92511
0.50708
7.86858
-6.55453
-2.86292
90.128
-53.0451
1.88094
17.1884
-12.7923
0.831222
5.60867
-3.74999
0.0756482
51.4389
-3.59158
0.0563426
7.48549
-6.93978
0.0708867
12.0412
-15.9388
-0.0281808
6.5105
-10.3693
-0.140021
6.11848
-4.80732
-0.0201688
3.59814
-3.74348
-0.412717
0.336938
-0.692332
0.98611
0.377706
-0.566005
-0.0684223
1.18868
0.576587
-2.44976
0.124297
-1.04998
0.344888
-0.0763577
-0.817321
1.07507
0.284686
0.482679
0.275591
0.637981
0.225621
0.784978
0.760288
0.828003
1.38752
0.278095
-1.16033
-0.807178
-0.710945
-3.01461
1.28392
-1.2742
0.00480701
1.62583
-1.62587
-2.75981e-06
-2.03818
2.03818
5.38427e-08
0.246989
-2.59944
2.59944
-2.36557e-09
0.204882
3.07029
-3.07029
-9.95033e-11
3.99718
-3.99718
-4.17113e-13
5.08862
-5.08862
-8.54582e-14
6.40825
-6.40825
6.21424e-15
0.922704
7.32793
7.45242
6.6155
0.00768167
-0.0748586
0.0233462
0.015514
0.00263586
0.00316298
-0.0654409
-0.0504467
-0.00312632
0.00089351
0.00399124
-0.00165684
-0.00240994
-0.00248525
-0.0093385
-0.00225931
0.00783229
0.00489518
-0.00158152
0.0183004
0.0786241
-0.0112966
0.422868
-7.59883
-7.41793
-6.64246
-0.125761
0.0306363
0.0107845
0.00308104
0.150961
5.01175
0.0410014
1.01785
0.313733
-1.77429
-0.140049
-0.32076
-1.47993
-0.713906
-0.226854
-1.13931
-1.75404
0.406399
0.888317
-0.170794
-0.662495
-0.602787
2.66342
1.2548
0.179108
0.22565
0.314271
0.265966
0.446636
0.581706
0.678623
0.00685325
0.00745572
-0.0268109
-0.0768466
-0.019619
0.0103667
0.00813173
0.00542231
0.00798291
0.0036149
-0.000225931
0.00188276
-0.00346428
-0.000225931
0.00745574
0.0125015
0.0403664
0.0915775
-0.136914
-7.83274
-7.4339
-7.32274
0.000266421
3.97342
1.09103
-0.0515542
1.34357
-0.169421
-4.93745
-0.319473
-0.686433
-1.98009
-0.0973597
-0.645112
-1.49667
0.143262
1.74182
0.184771
-0.48126
-0.43322
0.247546
0.0269611
-0.285653
-7.92673
-0.000519618
0.0187071
-0.0180745
0.124782
0.641005
0.509739
0.186676
0.173275
0.480255
3.70844
3.69646
4.53098
2.08452
5.4756
3.86599
3.58644
6.22449
-6.2168
-4.16595
-3.76078
-3.78699
-6.53401
6.56097
6.56647
-6.64133
6.552
-6.67776
6.60141
-6.57807
0.0674029
-4.24374
-3.35508
-6.51609
6.51872
6.49267
-6.48951
6.50192
-6.56721
-6.75685
6.70714
6.74773
-6.75072
6.73212
-6.7313
-6.72124
6.72522
6.7195
-6.72116
6.71114
-6.71355
6.71528
-6.71777
6.71604
-6.72538
6.72869
-6.73095
-6.72937
6.7372
-6.71604
6.72093
6.70783
-6.70941
6.71543
-6.69713
-6.60684
6.68546
-6.35379
6.3425
-4.34112
-3.49162
-8.50707
-7.73536
-6.63335
6.62047
-0.0668757
0.0423998
6.71787
-6.71839
-5.73448
-3.73035
-3.68758
-2.14484
-4.49762
6.71177
-6.71507
-6.52038
6.40659
-0.295895
-0.234743
-2.47796
2.38884
-7.6355
7.76028
-6.70861
6.7194
0.00926319
-6.7145
6.71749
-0.00286082
-6.70471
6.72342
0.0146855
-5.79571
6.88779
11.7419
-9.32567
-10.012
11.0382
-10.2513
10.0061
-12.148
10.6284
-10.8649
11.3615
-4.06087
5.96328
-14.951
1.87507
-3.13804
2.33612
-5.17625
5.74686
8.38887
-10.3509
-7.85381
7.81786
4.71014
-4.85762
6.20538
-4.36338
-2.34916
2.1275
1.4678
-1.52826
-0.875155
0.293242
0.155487
6.40342
-6.15588
0.186619
1.16979
-1.0003
-0.617759
0.867042
-1.24017
0.971777
-0.640452
0.384425
0.58716
2.49324
-2.24626
1.73978
-1.56064
3.75158
-3.27132
-2.0109
2.23655
0.482348
-1.34575
1.51748
0.394025
-3.09661
3.36257
0.654968
-2.84701
3.0519
0.51556
5.30295
-4.72124
-1.78659
1.97327
0.449952
6.65397
-5.97535
-4.20914
4.71888
1.09381
6.51985
-6.513
0.00376552
-5.26834
5.90934
1.38564
5.78904
2.04977
-1.42229
-2.48546
3.19575
3.7194
-2.80346
3.38982
-1.91837
1.72702
-1.47518
0.346084
-1.46109
-1.17956
0.462564
0.220698
-3.30814
-1.01385
-0.957509
-6.90077
6.66683
-0.348763
3.60037
3.72757
7.46636
8.25855
-6.6698
6.70043
0.0536211
7.56012
-7.54777
-7.87932
0.703175
-0.575509
0.284235
0.365288
-1.84646
6.73081
0.00121801
6.7389
3.68735
3.75204
7.27379
0.293674
-7.52454
6.74138
0.00485146
6.75014
6.51044
0.0505333
6.52595
-0.857711
-0.000903723
1.1881
7.27446
-6.50795
6.51541
-6.49352
6.46675
-6.68179
6.60402
6.75022
-6.7631
0.0186163
0.0176326
-6.72681
6.73223
-6.71905
6.72703
-6.71408
6.71769
-6.71122
6.71099
-6.72809
6.72997
6.72289
-6.72635
6.71913
-6.71935
-6.71476
6.72221
-6.71024
6.72274
6.70956
-6.66919
6.57543
-6.48386
6.37345
-6.51036
-7.1249
-0.509704
-0.178864
3.67139
-7.40174
-3.65135
-3.9669
-3.46699
-8.14897
-7.32199
0.0107695
-7.15457
-0.00081554
1.78493
6.59025
-6.60833
-7.09239
0.00690473
-5.57535
6.71284
-6.72077
0.0341371
-0.00418111
11.7841
-15.0859
10.6997
-9.39039
12.7613
-10.257
12.5635
-12.5443
4.88642
-6.81741
2.65939
-2.72019
15.0868
-12.5305
3.95163
-9.38853
4.9368
-1.64071
3.61101
2.99462
-3.21305
-5.20674
3.66887
-5.2787
5.12549
-2.81074
3.83231
-0.760461
0.799714
-1.06152
0.00308773
-0.0064767
0.909999
4.85805
1.11859
0.412544
-0.0875108
0.0129534
3.8934
3.56437
7.60184
7.31641
2.52515
0.526752
-0.0015992
2.83942
-3.74248
4.18911
8.55452
0.9764
1.23035
1.62898
0.706042
-0.140425
-1.11283
1.45739
-1.00735
0.652105
-0.751448
-0.784434
0.804877
-0.755622
0.221639
-0.801975
0.917794
0.59316
-0.8423
-0.181739
0.213774
-0.697814
-1.08258
-1.25131
-0.255318
-0.120003
0.0812189
0.346861
0.328601
0.102723
0.221574
0.297389
0.0758173
-0.167867
0.201606
0.0462406
-0.00240994
0.00617546
0.0178486
0.00233462
-0.0120497
0.00406676
-0.00293727
0.000451053
-0.000979036
0.0256056
-0.0143843
0.0128028
-7.53313e-05
0.00119951
-0.155205
-0.100311
0.0259081
-0.0582372
0.0134801
0.011069
-1.48309
-0.229866
-0.661022
0.0150952
0.230382
0.0447329
0.0921047
-0.00389769
0.20608
0.408082
-2.02352
-0.505493
6.73004
-6.74105
6.78608
-6.73245
-6.75027
6.7669
-6.7381
6.75158
-6.50729
6.51806
-6.88099
6.7813
-5.56318
7.34812
2.99133
-4.22492
-3.17682
-6.47393
6.37564
6.69781
-6.85557
-0.148721
-6.77183
6.79205
-6.49312
6.54365
3.0122
-2.41904
5.68324
-4.86509
-6.75362
6.75264
-6.74958
6.76062
6.75746
-6.75701
0.0193466
-6.73261
6.74541
-6.73554
6.73961
-6.7384
6.76401
6.75068
-6.76273
-0.00293711
-0.965445
1.85754
6.75475
-6.76122
6.74684
-6.74691
0.0112964
6.75189
-6.74571
0.0192795
6.73908
-6.75347
-0.0236475
6.74232
-6.74473
0.00391614
6.45837
-6.12266
0.730911
-1.54532
-6.58733
6.78894
2.02479
-2.41894
-6.0814
5.91353
-3.21244
-4.10954
1.04454
-0.604833
6.43802
-6.43873
-0.0352875
-2.00145
-6.14752
-6.22637
-7.00523
6.78342
-6.78681
0.0149932
6.78566
-6.74815
0.0194925
-6.744
6.73902
-0.0142319
-3.89061
-3.26396
-7.10306
-6.44078
6.60428
-6.53687
0.111158
-6.48045
6.54594
1.26728e-05
-6.74887
6.74601
-0.00986564
-6.70528
6.73178
7.6798
-5.53146
-6.75335
6.77802
-6.35057
6.70251
0.0249744
-6.67605
6.76815
0.110029
6.80167
-6.69894
0.214334
-6.03155
5.9405
11.3338
-7.86335
-10.5565
9.03656
-5.02122
3.27152
-4.77319
3.47945
-7.14038
5.12212
-0.233372
0.76988
-1.29452
-3.56778
3.84165
-0.879425
6.58176
-6.36012
0.500363
2.49026
-4.77054
4.25763
-6.11373
-2.33237
2.71052
6.74993
-6.74684
0.00421739
-5.70198
5.8886
-6.75158
6.75068
-0.00557297
-4.92463
6.11273
0.538864
6.75181
-6.75363
0.00206131
-5.41776
6.53635
2.84079
0.834365
1.80352
-1.40939
3.8207
-3.16574
1.47587
-0.274801
-3.06316
3.57872
0.757548
-2.77802
3.30477
0.800701
-6.48762
6.40011
0.280532
6.53899
-6.53522
0.0317093
6.70866
-5.32302
1.78403
2.0251
1.44627
-1.14695
0.493079
0.654814
4.93073
-3.95433
-0.499613
1.24909
1.9383
-0.276631
0.449089
-1.46557
4.31324
-3.39545
1.14751
1.53528
-11.2377
6.48838
-2.29814
6.46623
-6.815
-0.538997
-0.414885
-6.66385
5.9124
-0.750318
-2.59467
0.584147
-1.68588
0.930541
-1.09983
0.401248
-0.506396
5.55791
-4.4641
1.60359
1.64862
2.06216
-1.61221
2.3889
-1.90655
6.505
-6.68329
-0.345833
2.02884
-2.5525
-1.07796
-1.11908
-6.74835
6.75761
0.00233462
-0.953308
0.526141
-0.258758
3.58621
3.68758
-0.967039
0.428818
-0.0138572
4.47736
3.12448
-1.10241
6.75678
-0.00203338
6.77463
3.21531
4.25105
6.80151
7.09184
0.00955278
-6.49879
6.52473
0.0192983
0.00355688
-0.299478
0.000677794
-6.77108
6.7716
6.74624
-6.74917
-1.54355
1.54955
0.512612
-0.0194277
1.1304
-6.7668
6.76913
-0.000678421
-6.725
6.77124
-1.80531
-0.769626
6.69103
-6.75791
0.012785
0.0861448
0.00980799
6.47587
0.0677796
6.48883
-6.7379
0.0118158
-6.71679
6.73624
-6.73797
6.77719
-6.7625
0.00240771
0.0193364
-0.0069875
-6.17458
-0.0440107
-9.88947
6.01583
-6.05246
-0.00167246
-0.0360968
8.56129
-8.87638
9.72518
-6.22921
-3.78009
3.79273
-0.39913
-0.606232
0.0447344
-2.18547
4.06946
-0.910584
5.04401
0.0277896
-1.43005
0.950769
6.50389
-0.615287
6.20799
-0.673409
-0.921395
1.51542
0.963602
-6.61279
6.65519
0.0782476
0.118313
1.09381
-0.693063
0.641119
0.807226
1.31308
1.96205
0.552633
0.9901
-0.0141584
0.256284
-1.27509
-1.21592
-0.781092
0.776689
6.55969
-6.79444
-0.198217
-4.71444
-3.02093
-7.30911
-7.13047
-1.1046
-0.0085555
0.128277
-0.014876
-1.54135
0.0390108
0.0402998
0.0079076
0.0722981
-0.00489518
-0.046391
-0.0164379
-0.167262
0.0499882
0.0183729
-1.81248
0.845757
6.81748
-6.82238
-6.78721
6.82622
-6.81432
6.82223
-6.78408
6.79534
-6.81424
6.81131
14.7849
-12.8759
-6.94608
6.76368
6.67885
-6.68027
7.46869
2.31725
-1.54056
-6.83331
6.86572
-6.49602
6.51542
-7.49738
1.27101
-8.03638
-6.79839
6.81765
6.7796
-6.79615
6.84018
-6.65992
0.0247571
-6.50865
6.1825
-6.63726
6.72443
0.0303144
5.99363
-9.63142
-1.79876
2.31137
0.518491
6.92349
-6.98652
0.0458968
6.80081
-6.8017
0.0165623
-6.78472
6.804
6.7851
-6.80874
-0.0291451
6.80061
-6.79669
0.0134053
-2.15971
0.977672
-6.55804
6.98685
-6.54543
3.39453
7.19289
-7.97877
-6.42324
6.37686
3.20608
-4.80508
-6.78238
6.77538
-0.0027863
6.82661
-6.83417
-0.00696754
6.79391
-6.79323
-0.00278649
6.62623
-6.61801
0.0164305
-6.80272
6.78849
-0.0273377
7.10947
-7.26331
6.90565
-19.2369
-1.2018
2.19708
-6.8037
6.79383
-0.0152127
4.59685
-4.96012
-1.47286
-1.62899
6.80001
-6.79792
-0.00195438
6.80138
-6.79812
0.00276293
6.7857
-6.79956
-0.0230461
0.749647
-1.39667
-17.5996
21.854
0.119001
6.47181
-6.40403
0.0485803
6.91516
-6.80513
6.97044
-6.7561
0.4124
3.47996
-4.82877
2.45293
-2.91094
-5.71153
3.73115
-0.230666
10.5989
-7.37103
-6.80182
6.82961
-11.6335
9.86449
-0.0948875
2.23898
-1.04029
-3.47201
7.29295
0.0253448
-6.80212
6.84685
0.0153633
4.04711
3.2693
7.17159
6.95688
6.8178
-6.87363
0.0150959
3.79136
-2.99065
-6.70941
6.98994
0.205748
6.49256
-6.46083
-0.00340622
-6.77698
6.78969
0.0102934
6.81409
-6.81612
0.0122756
2.20959
-1.21341
6.64486
-7.00487
-0.297187
6.8031
-6.81725
-0.0112213
-6.80792
6.80234
-0.0140831
6.79918
-6.79496
0.0144596
-6.80603
6.80837
-0.00369021
0.907913
-1.29793
-4.04793
1.91555
6.43389
-7.00164
-0.148712
-0.573417
-1.50079
2.05331
0.810501
-6.67466
6.70836
0.0112125
6.23299
-6.25865
-0.285377
6.58884
-6.47768
0.184814
0.278056
-0.0140077
-4.81189
6.59592
1.6743
-3.21487
0.0568965
-1.39343
1.03303
2.75832
-1.01005
0.0107694
-0.00647564
-5.16976
0.019566
-2.85153
1.40314
-0.00594952
-2.66963
-0.0391588
-1.17902
-6.69985
6.77809
-0.814956
0.00610015
0.00978757
-14.8313
-2.35886
-10.6309
6.86206
-6.78977
0.213663
3.57815
3.22336
-0.704144
1.53483
2.10922
-3.64405
0.041722
0.91848
-0.0839365
-4.13289
5.73647
0.743012
1.31041
1.10565
-6.87575
6.8928
0.0346428
-0.00421932
0.546959
-1.65148
1.12283
0.880863
-0.708434
-6.50111
6.58828
0.0252916
0.105962
-32.1801
-0.0623006
-10.167
0.0364503
0.00621343
-1.26674
1.73498
-0.88994
-0.306375
1.1508
1.22787
6.60751
-6.10715
2.92292
-3.1439
-0.0269191
-0.586443
5.77654
-6.39183
-3.82284
-3.28022
1.83693
6.62205
-6.50374
0.14437
2.88206
4.07482
6.46021
-3.94853
0.957874
-3.19098
-5.46212
4.7118
1.1454
-2.59731
0.013924
6.96057
-4.93547
2.14868
2.53322
6.24557
-4.59695
2.11268
1.99897
0.879702
-2.16346
0.942035
5.64173
-6.05662
-2.39465
0.933323
6.86161
-7.05983
0.161767
-1.7766
0.987369
-2.30298
-2.15977
-1.36743
-3.42821
4.96349
2.30827
-3.28729
-3.66182
-3.46865
-6.25913
-7.29148
0.00406225
-2.56777
0.00249686
-1.69359
0.330717
-1.92614
-3.82344
0.632457
-2.67593
4.45296
2.71863
6.98618
6.79346
-0.89845
2.57276
-7.4731
7.65229
4.33766
-3.30462
7.42662
-7.17277
-6.8778
6.87185
0.274356
-7.40133
7.14651
-7.43948
7.48079
-0.548795
-2.31163
0.617188
-1.56867
6.66241
-7.45282
-0.658975
7.00953
-6.10742
7.18014
-6.23536
0.131611
-6.84961
6.86759
-7.4801
7.48109
-0.00706981
-2.01159
0.807817
-7.0366
6.70839
0.0011067
6.83467
-6.84116
-1.33041
0.55054
4.50183
-2.96701
3.60338
1.37065
-6.84745
6.86086
6.91561
-6.87389
0.885726
-6.50038
6.81863
1.96374
5.02181
-4.96704
-4.44166
2.48754
-6.85077
6.88541
-1.25689
2.09252
1.46231
-6.15956
-6.32772
6.15964
-6.77962
6.88238
0.0546014
0.154387
6.84888
-6.85167
0.0014309
6.44817
-7.61751
-0.0179133
6.86184
-6.87585
6.83638
-6.86372
6.85446
-6.84369
0.00278649
-6.85204
6.87098
1.76027
-3.61009
0.596467
-1.3739
-0.816498
-0.669594
6.871
-6.86061
-6.65256
6.67038
-0.00644896
6.85909
-6.93098
0.00271133
6.83624
-6.85938
6.70194
-4.53998
-6.64377
6.71253
-0.0143194
-6.31181
6.36043
-0.961463
1.86757
-1.99351
0.726444
-1.37688
-6.35477
7.23447
-2.00147
1.11124
-14.9107
16.9764
0.0827626
6.58452
-6.56913
0.0705015
-1.09677
2.24035
7.28252
-6.87012
0.92775
-6.86244
6.84723
-0.0260574
7.28394
-6.70595
0.0220384
-5.25721
4.37574
-0.195544
-8.44999
7.11419
-6.30924
0.0120395
-6.86365
6.87901
-0.00180745
6.98136
-6.87539
0.111234
-6.86312
7.06887
0.0524914
-6.84248
6.8397
-0.00783228
5.26774
-4.43338
-11.2693
5.83013
0.0105591
-7.21389
9.70549
-5.19267
-7.0517
6.46525
-1.27516
-0.594576
6.29859
-6.30138
-0.267397
6.87931
-6.86703
0.0285427
6.85787
-6.86022
0.00860437
6.84527
-6.87442
-0.032534
6.88255
-6.87645
0.015514
-1.99857
2.93636
-1.12408
6.87389
-6.88511
-0.00256055
3.09124
-6.8757
6.86161
-0.0284674
6.86734
-6.85288
0.0236475
-6.87524
6.87155
-0.0136312
-6.83142
6.86276
0.0400586
-6.84727
6.87945
-0.00176744
-5.67329
5.40828
1.16793
-2.03208
6.44487
-6.26004
0.133096
1.46187
-2.01416
0.0271983
2.28756
6.53401
-4.53505
-0.0383324
2.65846
9.42753
-0.266927
-4.21972
6.33241
2.31429
-1.27509
-6.39785
6.67221
-0.0370623
-2.49945
0.930603
-1.68901
-0.0294923
-0.0132546
5.65245
-15.2757
10.0724
-1.43277
0.0152603
5.88182
0.00512111
-0.024024
-6.78005
7.71337
0.288816
-6.21627
-0.224189
-10.7895
0.0200232
-2.29126
0.00903926
-0.653668
-0.0042927
2.3675
-1.78579
6.8502
-6.85439
-5.36686
4.24722
-2.2442
-0.540382
1.82613
-3.64857
0.343943
-2.69069
6.28326
0.07717
6.19887
1.27212
0.642159
-0.903544
-3.36618
-6.85627
6.89272
-1.21883
-2.68231
-3.2482
0.0325341
1.08426
6.40147
-6.2571
0.141439
-3.13126
-5.31873
-0.10549
0.00459394
6.85261
-6.84229
-0.0101565
-2.8194
-2.52314
-5.21869
0.247843
4.75774
0.951761
-5.11373
-5.17074
-2.12074
7.04371
-6.88195
0.645863
6.68576
-4.53708
2.15072
2.4491
-1.99347
6.75121
4.46674
5.47605
-1.69471
2.03948
0.562615
0.0114473
-8.302
-0.0091826
0.0136899
-4.77536
2.08467
-4.1429
0.0173214
0.0205403
1.74262
-2.28331
6.87257
-6.91084
8.03766
-5.72337
-1.85535
-8.29429
7.24882
3.10588
3.22653
1.40222
-7.37425
5.67242
-10.0471
0.415112
5.41415
-11.6635
12.9268
6.89648
-6.89505
-7.08544
9.19563
-5.32771
7.59243
-7.70455
-2.14971
0.772722
-1.21913
-3.2559
6.48242
4.78176
-0.115367
5.44289
-7.22125
7.20642
5.96526
-5.83345
-6.9742
4.81293
-6.90439
6.92171
-6.88744
6.89889
6.9007
-6.88014
-10.4206
0.357519
-2.47791
6.87999
-6.90401
7.46716
7.30611
-7.26354
7.15204
-7.20327
7.25298
-6.89927
-6.89467
-6.89169
6.90179
-6.93282
3.5588
6.91266
-7.02638
7.21173
-6.01325
-3.87224
4.21618
-2.15784
0.882762
-1.38521
-6.90853
6.88247
5.96609
-6.22563
-0.996359
2.45776
-1.20177
5.69524
-5.79753
-0.515683
6.8885
-6.89633
-6.89934
1.28968
-5.24897
-0.771835
1.47102
1.66552
7.37222
-7.96679
0.490271
-6.89656
6.91501
-1.26728
3.05928
-2.51022
1.60668
-4.65849
2.29044
6.88654
-6.89982
6.89071
6.91019
-5.27038
-4.88922
-2.36225
0.792925
-4.95959
-2.86822
-6.97304
-9.22852
-2.49074
-7.87921
-1.13855
2.54076
6.40689
-5.99178
-2.76705
1.49826
-1.02627
-1.78757
1.82556
-1.85228
-3.15038
-4.3108
5.6348
-3.32231
3.55487
-5.52417
-1.36581
5.63255
-2.07375
3.84498
4.40868
-6.20016
0.476791
-4.04944
-5.77425
-1.62738
3.89815
0.318036
-5.82485
5.89931
0.139196
0.112079
-5.841
5.98244
0.565888
0.148974
-1.64936
2.18239
-0.213404
4.45356
2.3399
6.90266
6.80664
-0.676764
5.2688
6.64381
-5.99795
0.652039
-3.761
1.04671
-3.45385
2.71539
-3.85394
1.32161
4.31589
2.26276
0.452624
-2.13822
6.91998
-0.250558
-1.84532
-3.9417
-4.92618
1.5493
-3.64902
7.22928
-2.37971
0.752305
-2.01678
1.40051
0.561739
-1.94689
-1.81795
-0.625294
0.0345193
2.65523
-0.859838
-4.7252
5.04324
5.00519
-5.48359
-1.16714
2.81214
1.4637
2.5819
1.56889
-2.24558
-5.47257
2.76162
-6.07305
-4.03377
4.01021
-1.46757
6.4462
-1.33793
-8.13617
-4.31635
2.00046
2.31588
-3.70506
2.85321
1.54417
5.37581
5.95284
6.02785
7.16911
-4.5669
4.78888
-4.63978
0.701893
-2.49243
1.63239
-0.991996
5.34132
-2.65214
1.62602
-1.08321
5.32268
-5.2069
-0.149939
1.63748
-0.880229
4.29172
0.751523
-5.75947
5.89806
-5.6952
6.26109
-7.6459
-1.16018
-3.73042
-4.39102
4.99361
-2.80419
0.558598
-2.05189
0.562754
0.332646
8.14647
4.33774
-4.54566
1.04837
-3.98455
-0.971184
-4.25686
-4.2836
3.31251
0.696023
-0.180466
2.27262
-2.45309
0.220727
5.07261
3.23359
-1.75455
1.76589
5.40526
6.15678
3.19986
2.95692
1.62129
2.52451
-1.96591
-2.80615
1.8133
-1.18016
-4.23159
4.9264
1.44132
-4.2737
0.442976
-1.34203
4.54189
-5.55485
3.65158
-0.109513
-2.47936
4.57821
-3.50867
0.294604
-4.65441
-0.885533
-2.79023
0.824309
-3.55784
4.01108
2.51716
-2.62874
0.0390255
-0.814591
-2.56951
-5.36432
1.1318
-2.05184
-3.10362
4.2327
2.05495
-4.10643
1.87055
2.67133
4.81768
0.122105
3.00477
-1.56343
1.82473
-3.34909
3.39043
-4.03801
0.933687
-1.98272
-2.41726
3.39795
0.253627
-2.90182
1.3384
-2.07753
4.03326
0.188536
1.32043
4.15923
3.19098
0.376106
-4.55738
-2.96589
-1.14061
3.23131
-1.40609
2.05039
-3.38877
7.45574
2.65055
4.80518
3.58199
3.87374
4.00787
3.44786
3.27917
4.17657
7.45574
-6.51743
6.51743
-5.49931
5.49931
4.07815
-4.07815
3.08697
-3.08697
2.44388
-2.44388
-2.04412
2.04412
-1.64693
1.64693
1.31121
-1.31106
-0.0587027
0.220422
0.015706
0.00696697
-0.55171
-2.85469
1.40161
-2.53717
1.74373
-2.3992
2.22578
-2.68392
3.04705
-2.30516
2.68002
-1.31642
1.84907
-1.05236
1.57799
-0.976704
1.40873
-0.913346
1.25208
-0.659104
0.707028
-0.623056
0.790037
0.428506
-0.609992
0.361071
-0.364863
0.715078
0.0256942
3.98923
-2.29564
-5.54908
5.29555
2.66379
-5.21631
3.58715
-3.32162
6.85083
-5.56114
7.66998
-6.62987
7.44049
-14.2828
13.2183
-4.93285
9.96968
-5.65808
13.2792
-24.4686
3.27607
-3.47806
3.32061
-48.4985
2.913
-2.83281
5.34248
-4.10151
9.12381
-5.97131
4.50981
-14.0091
7.59012
-3.61701
10.0201
-110.787
6.64841
-6.64841
6.54184
-6.54184
6.46293
-6.46293
6.82669
-6.82669
-7.45574
-3.01686
-4.43887
-3.52076
-3.93497
-3.39394
-4.06179
-3.54411
-3.91163
-7.45574
6.36502
-6.36502
6.42135
-6.42135
-6.556
6.556
-6.70504
6.70504
-6.7253
6.7253
-6.7262
6.7262
-6.72711
6.72711
-6.72131
6.72131
-6.70896
6.70896
-6.70903
6.70903
-6.70821
6.70821
-6.70617
6.70617
-6.70226
6.70226
-6.70527
6.70527
-6.72726
6.72726
-6.74962
6.74963
-6.66445
6.66445
-6.52151
6.52151
-6.47226
6.47226
-6.49078
6.49078
-6.45983
6.45983
-6.39958
6.39958
-6.32525
6.32525
-6.75836
6.75836
10.1063
0.938308
-0.033167
-10.4726
-1.09072
-3.21922
8.02441
4.23652
7.81851
3.51918
3.93655
3.29898
4.15676
7.30685
7.43593
2.57743
4.87831
6.38587
0.13156
6.38587
-0.00810384
0.886555
-4.81425
4.81425
-3.46229
3.46229
-2.7279
2.7279
2.22744
-2.22744
1.84453
-1.84453
-1.45791
1.45789
1.19755
-1.18913
0.197604
-3.50249
-1.28031
-0.686444
-0.425776
0.75979
1.52722
0.907298
0.71676
0.420962
0.387882
0.124498
0.448441
-0.0445366
1.73113
-0.82762
-4.70219
5.37672
4.24635
-5.15756
-3.26202
2.27486
-4.63741
4.77949
-4.28099
3.66822
-8.15202
10.9722
-4.00636
4.4874
-8.18713
4.48919
-26.9069
37.7102
-17.6108
3.88661
-3.02502
43.3032
-3.71678
3.46532
-3.11848
6.0052
-7.47587
3.78649
-69.707
155.69
-4.86742
7.28886
-11.7228
72.8352
-6.70166
6.67149
-6.61151
6.61151
-6.46981
6.46981
-6.59875
6.59875
0.183321
-6.43801
6.43801
-3.88459
-3.57115
-4.06225
-3.39349
-4.0502
-3.40554
7.39293
-3.06958
-4.38616
-6.66001
0.294991
-6.66001
-0.238659
6.42594
-6.42594
6.65888
-6.65888
6.72455
-6.72455
6.72809
-6.72809
6.72741
-6.72741
6.71988
-6.71988
6.71295
-6.71295
6.70391
-6.70391
6.70489
-6.70489
6.70354
-6.70354
6.70241
-6.70241
6.69819
-6.69819
6.70918
-6.70918
6.73766
-6.73765
6.72372
-6.7237
6.58342
-6.58342
6.48627
-6.48627
6.47964
-6.47964
6.4877
-6.4877
6.43724
-6.43724
6.3303
-6.3303
6.50344
-6.50344
6.33346
-6.33346
1.23138
-6.61369
6.75399
0.685062
0.615866
0.359073
0.216435
0.199588
0.18907
0.122925
-0.286741
-2.74051
-0.464247
-1.22022
-0.108351
-0.569234
-0.338323
0.472425
-3.65817
-0.401657
-0.260707
-0.00809339
0.153388
14.8205
0.546715
1.32609
0.0154232
0.0369021
0.0720345
-0.135822
0.388685
-7.58301
-7.44414
0.00459394
0.102874
0.0195054
0.00278649
0.00120497
-0.00722981
-0.00835946
-0.0050458
-0.00414208
-0.00466926
-0.00376555
-0.00406676
0.00391844
0.0104155
-0.0258743
-0.0810247
-0.035245
0.00738043
-0.00308773
-0.0225931
-0.0692856
0.178185
-0.424902
0.0209215
1.31767
0.5788
0.483558
0.978304
0.0226682
0.0696622
0.00688338
-0.227942
-7.81956
-7.45528
-7.31717
0.000753105
-0.00188276
-0.000301242
0.0014309
-0.00399146
0.00512111
0.00331366
0.00263585
-0.000150654
0.00707947
0.0180847
0.0120013
-0.0592293
-0.0619032
-0.0140077
0.011146
-0.0278649
-0.0376552
-0.0050458
0.254926
7.38442
0.147103
0.284018
0.375317
0.7361
0.0215029
-0.46581
-0.783353
-0.28718
-0.50828
-0.361465
-0.447031
-0.642986
-0.82912
-0.15276
-0.84658
-0.781675
-0.0567369
-0.303392
-8.01002
0.0461653
0.130061
4.78515
3.03336
-1.42558
1.5728
5.69171
-5.00665
-3.66934
4.2852
7.82145
-7.68989
2.37041
-2.31069
-9.78471
10.0664
-3.00998
3.36905
-4.29282
5.02892
1.39889
1.35958
-2.37913
2.59557
3.83224
-3.45692
0.822262
2.18985
-1.99026
-4.09463
-3.48838
1.75918
-1.57009
0.333529
-1.152
1.37511
-1.25429
-2.73351
3.01752
0.635545
0.638392
-0.407001
-4.51772
-2.09597
-1.76088
1.95848
0.428968
0.388396
-5.87189
6.75844
1.94956
1.7518
-1.53835
0.251978
-4.30399
-3.70603
-1.72272
1.01708
-4.2821
1.3565
0.524296
-0.531203
1.03
-1.17022
-0.244572
-3.64003
2.24112
-1.2042
1.44547
-0.760275
-0.982785
-7.86825
6.33574
-2.26217
2.37455
-1.24343
-1.74999
-10.7283
4.48807
-3.42627
4.68351
-1.19922
-1.03279
-9.72686
9.18279
6.84749
-4.57658
-1.17376
-5.2175
3.155
-4.52528
5.02462
-1.11525
-0.857368
-5.56494
3.55943
9.66608
-7.26392
-0.362407
-3.6423
7.70655
9.93087
-14.8441
-0.258889
-4.30423
5.22118
1.97216
-2.27286
0.109391
12.814
-15.2874
0.0369738
6.35204
-14.129
0.0136424
8.57558
-5.45932
0.0526836
-18.0632
16.6847
-9.32734
12.1135
-10.4323
9.40345
7.80821
-7.32314
-6.68538
6.70142
6.69359
-6.65669
-6.49929
6.57133
6.31203
-6.44785
-4.25745
-3.56211
-8.56144
-7.65674
2.3266
-2.14328
0.336344
-4.03459
6.7546
-6.70843
-5.47688
-3.84663
-3.59751
-3.58335
-3.73382
-7.42998
-8.25154
6.25612
-6.25152
6.73923
-6.73848
4.00614
4.01827
8.79129
-6.41939
6.18073
-0.163273
-6.72907
6.74857
0.0101669
6.73404
-6.73592
-6.73072
6.73042
-6.72643
6.72786
-6.71212
6.70813
-6.71099
6.71611
-6.70949
6.7128
-6.70587
6.70851
-6.70467
6.70452
-6.70105
6.70814
-6.71332
6.73155
-6.75463
6.76612
-6.76044
6.70174
-6.55645
6.49456
-6.46804
6.45404
-6.49312
6.50426
-6.4767
6.44884
6.43355
-6.4712
-6.24971
6.24467
-6.52482
6.77975
3.52634
3.85808
12.0305
-12.6153
0.23366
3.77283
-1.14156
5.81662
-1.13176
0.422311
0.250575
-0.62305
1.3318
0.202519
1.93658
-1.32806
-0.971118
1.65369
-0.878127
1.45262
-0.929567
1.36366
1.25156
-0.883903
-0.851286
1.19529
0.610968
0.329705
0.494966
-0.822489
-0.254329
-6.6228
6.72568
0.131793
-1.87327
-7.74062
7.79109
-7.57284
3.48446
3.95147
6.59117
0.102422
6.66083
0.382096
-1.4286
-0.953936
3.04781
4.25903
6.57415
7.7435
-0.316085
-7.35194
6.72638
0.00811923
6.71876
0.325712
0.82828
0.452285
0.255886
-0.222254
-1.24156
7.36619
-6.52089
-0.831051
3.84392
-7.3323
-3.61136
0.31826
-0.894568
0.0401405
0.161541
-0.181495
-0.604712
-0.571257
0.841369
-0.036028
9.99117
-10.9504
20.7477
-15.2242
8.62491
-7.93204
9.55941
-9.23538
0.0219102
-6.67913
6.7018
-6.39932
6.4062
-6.74883
-6.5667
0.315174
-6.43664
-7.27785
4.72686
2.66607
-7.20887
7.76022
-1.09712
-6.72854
6.73133
-6.73358
6.73479
6.72304
-6.73027
6.72184
-6.7302
6.70534
-6.71039
6.70866
-6.7128
6.70933
-6.714
6.7125
-6.71626
6.70023
-6.70429
6.70433
-6.70035
6.73348
-6.7224
6.75501
-6.7808
6.57794
-6.65887
6.46293
-6.49816
6.45569
-6.44831
6.55668
-6.55977
-6.46013
6.43754
6.37322
-6.44251
6.32969
-6.15151
6.52415
0.0222259
0.708051
-0.034275
0.177407
0.102825
0.93629
-0.245526
4.88072
8.83219
1.12283
0.870023
0.781644
0.61609
-0.0265846
0.0799797
-0.0979789
-0.0391614
0.0635621
-0.0123518
-0.0934884
-0.182259
0.000119636
0.0210398
0.00333116
-0.00443793
0.00662779
-0.000150668
-0.00233463
-0.00677794
-0.00459394
-0.00768167
-0.436801
0.172009
-0.197841
-0.110932
0.0222935
0.0559558
-0.0441202
0.62824
-0.164266
-0.0789162
0.0434218
0.0313304
0.00387269
-0.0117468
-0.00549767
-1.00476e-08
0.0057236
-0.0416467
0.0132509
0.0787636
0.0566193
0.0558641
0.438812
0.110307
0.0821465
0.045111
0.289042
-0.022066
-0.00240994
-0.00316304
0.00549766
-0.00715449
-0.00112966
-6.6759
6.77832
6.4322
-6.37624
6.76514
-6.72003
0.0892429
-6.69945
6.73856
-3.0229
3.84516
-1.2517
0.849776
5.71426
2.04596
-26.4304
4.73278
-7.64435
9.48091
-2.161
2.49734
6.15121
-6.98226
-2.41024
-0.99261
1.40332
-3.12132
-4.21099
1.81828
-1.48484
-6.14822
6.08758
6.73509
-6.75716
-2.19465
2.64693
-5.85206
4.506
1.98283
-1.32653
-7.04609
11.5961
4.26665
-3.43837
1.24375
-1.25701
0.408819
-0.725039
-0.746602
5.07802
-7.15043
-23.1745
12.0693
-3.31033
2.78725
4.24132
-13.0454
0.182948
-6.21285
6.73003
6.13444
-6.04703
0.0263181
6.75076
-6.72365
0.0261796
-6.72201
6.74243
3.26883
-3.58532
0.0679711
6.8775
-6.58846
-6.53846
6.34061
77.9386
-22.0244
0.175807
-6.42993
6.60194
6.73565
-6.73278
0.0133331
6.524
2.2673
7.36536
7.98155
6.75603
-6.59449
0.326094
-1.14965
-1.96533
2.98944
-1.3062
1.62455
0.51201
0.468333
6.76574
-6.76687
6.76386
-6.77101
29.2568
-11.0914
-1.56458
0.672778
5.73158
-5.89485
5.43553
-6.53266
-2.81601
-0.801077
-6.76808
6.77824
-0.00421739
-6.75392
6.75942
0.0118237
5.93868
-6.37548
-1.04358
6.76582
-6.7735
-6.76152
6.75693
-0.026434
-6.24527
6.20362
0.35667
-0.171858
-6.73193
6.73765
6.7369
-6.73691
6.73624
-6.74174
6.73852
-6.75023
-6.72081
6.72489
-6.7053
6.73939
-6.76298
6.80376
-6.90261
6.81936
-5.75523
6.38347
1.61014
6.40796
-6.50101
-6.4099
6.39757
0.0223241
6.74541
-6.72312
0.0253796
6.00066
-5.92068
-0.537792
0.462783
6.37503
-6.41419
-6.44658
6.33564
-0.071545
-6.56451
6.46653
-0.223898
-6.6035
6.43946
-0.195334
-6.23578
6.55096
0.641721
-6.77696
6.8171
0.00128028
-1.48658
1.20706
2.04604
-2.01855
-0.0237086
2.60878
-2.7008
-6.7604
6.89219
0.0567088
5.73971
3.09247
7.68927
4.82959
-7.04661
-0.595707
0.629324
-0.948804
-0.198611
-6.45102
6.42444
0.015514
1.59607
-0.990434
2.59727
-1.73795
8.44255
-38.7092
0.00205593
4.65115
-9.90191
-0.210976
17.6861
-5.97801
-0.106269
0.0192796
-1.56418
0.599584
-1.10072
-0.968948
5.11464
2.62886
8.20711
6.3602
0.213957
8.98906
0.656105
0.740537
-0.814094
-4.40016
5.79906
-5.15327
6.90507
2.536
2.5049
0.0102422
-5.88723
-0.933594
2.96778
-2.32939
0.773137
-2.69163
3.32718
1.15353
0.997788
0.183833
-0.0284966
0.485933
1.99554
-0.210032
0.553825
-8.01925
-0.737012
-3.86072
5.2203
1.93834
1.78192
2.10348
-1.71509
0.618634
0.493347
1.11202
1.05448
2.24791
-1.66844
-3.62989
2.1264
1.59587
-2.6984
-1.97214
3.66848
-5.19519
-1.78394
-4.41757
3.32106
-2.16585
-2.21793
1.29205
0.000592671
-0.543629
5.64304
-6.83839
-1.50901
0.0148134
6.7381
8.78406
3.69368
-6.815
-3.51519
4.18197
-3.93293
1.9274
0.56994
2.35637
-0.340056
0.303727
-6.73991
0.00798289
-6.74225
0.155977
6.73426
-6.72828
-0.00143622
0.187193
-0.000757163
-0.0115978
-3.183
-4.24698
-6.69819
-7.06299
0.0776992
-0.0136919
-2.35844
-6.47542
0.0991913
-6.41186
6.75731
-6.76047
-6.75927
6.75686
-6.73765
6.73087
-0.00534711
6.74791
-6.74806
-6.74136
6.74799
-6.73665
6.7323
6.72917
-6.72467
6.74495
-6.72874
6.83057
-6.80932
1.01069
6.64566
-6.82729
-6.43861
-0.0616262
-6.4826
-0.0848918
-0.00956443
-0.0762141
-0.861582
1.00568
-0.251178
0.0735979
-4.82725
-2.82949
-7.23749
-7.04047
0.0348508
0.00896359
-0.0027994
0.0109957
0.00380274
0.0533445
0.0323341
-0.0114945
-3.81167e-09
-0.00233462
0.00534704
-0.0166436
-0.0262834
-0.0118208
0.00626705
-0.0178448
-0.383451
6.39618
-6.7734
6.7713
-6.78727
6.79828
-6.80987
-6.77998
6.79331
-9.36042
5.81048
6.41197
-7.37188
-6.72809
6.91192
-11.677
9.02592
-6.79214
6.82128
9.65671
-7.84746
0.0636017
6.80423
-6.82087
0.797192
-1.36758
6.85546
-6.82539
7.18888
-5.67692
0.0223101
-7.18449
6.93189
-0.79606
-3.08216
4.32591
-3.74343
1.32122
6.1359
-6.0366
6.78512
-6.79668
-1.1669
-5.95477
4.91323
6.19869
-6.27488
8.02203
-9.73799
-1.55183
10.0372
-8.27564
0.934928
-1.45874
-6.77031
6.79599
-2.42748
2.91342
-1.07532
2.26222
6.80656
-6.81612
-5.84173
6.13268
6.77614
-6.77764
-0.00384079
-4.07073
5.72897
7.21376
-6.91004
-6.81944
6.81522
-0.0211622
-2.78641
-4.02858
6.41532
-5.75922
0.751083
-1.61841
6.31418
-6.30394
6.54721
-9.2556
-0.0059014
6.78909
-6.81552
-6.81138
6.8232
-0.00481987
6.8583
-6.76906
0.130212
1.61484
-1.0266
0.556115
-5.11611
3.73662
5.24605
-6.28963
-1.99143
-6.81899
6.82433
-0.0147609
-6.95224
6.96008
0.0387412
6.78811
-6.79346
-2.01109
2.11949
-6.79343
6.80449
-0.0081516
-6.78193
6.78193
-6.79705
6.79497
-0.0244049
-6.69258
6.69404
-6.78008
6.73084
0.0388557
2.04923
-1.13265
6.48509
-6.54513
6.82192
-6.79654
0.052868
-6.40101
6.32947
-0.086833
6.61535
-6.83925
-6.37362
6.19512
0.113513
-6.46879
7.11051
0.744971
3.74316
5.04091
-6.83646
6.83774
-0.0212376
-4.95281
2.79471
2.21183
-1.24832
6.80839
-6.57176
0.0196537
-6.78066
6.78864
0.00745694
-1.72114
3.08475
-7.55466
5.11194
-0.610028
-0.39585
-1.47615
1.32246
-6.44138
6.45689
0.173967
-1.65317
0.834618
6.78858
-6.78961
0.0109204
7.94121
-7.92264
-0.105323
4.62426
-3.74709
-0.00358891
5.82746
-5.95748
-0.00210925
-6.87878
6.93549
-0.0410442
-1.44146
1.45684
-0.674935
-0.581798
-6.16812
6.19077
-0.0318407
-6.75216
6.79739
0.129421
-0.967758
0.878835
-2.2149
0.726439
-1.6978
-0.928119
4.12219
4.86686
4.4507
-5.25178
-2.61229
1.16355
-0.462348
-4.48271
6.98761
2.0673
-1.44868
0.491041
-5.00626
7.54227
3.20085
3.05956
-1.08969
0.734188
0.00669864
0.923926
-0.00419373
-6.77945
6.79873
-3.24086
-6.34238
-0.211179
-6.42447
0.0177139
5.14981
-3.36788
2.06765
-4.50097
5.24787
6.66385
-6.30718
2.85773
1.46818
-4.06722
6.00556
2.92039
2.63767
4.01126
6.79533
-6.78193
4.45041
-5.89338
-2.35853
0.162198
0.152956
0.641281
-6.61331
6.93941
-0.0543034
-2.63902
-0.00563484
0.298606
-6.81236
6.81002
-1.10291
0.0245584
1.3513
2.12489
4.34485
-2.34499
2.35862
0.00885012
0.0546017
-0.0232709
-0.0905382
5.52734
2.45422
0.00451963
-1.24012
1.75226
0.827056
0.651219
-3.46375
-3.23443
-6.25017
-5.84673
0.0383643
-0.78763
7.86535
0.01333
-0.0108447
6.77772
-6.804
-5.89576
5.7239
0.768092
-0.565732
0.011122
-0.233561
0.0138571
-6.79656
6.80324
-6.75514
-0.00574423
-6.69587
-0.000923713
0.0188761
0.00820884
6.88594
-6.71556
-0.58919
0.002184
0.0254549
0.00688392
-6.2287
-0.610542
-6.7665
0.0757151
1.16837
2.79138
-2.01825
0.3639
0.0062528
2.03703
0.876387
2.60697
7.13747
-4.61111
-2.42936
-6.60254
-6.45795
-0.0378059
0.632231
7.49512
-0.0220665
-0.0129763
0.104626
8.06771
-6.84037
6.87907
-6.83345
6.84437
6.83283
-6.95266
6.82682
-6.86463
-6.54994
6.62989
0.0837541
-1.26313
1.84777
-6.6204
8.11925
6.88356
-6.86352
0.0433534
-1.57967
1.11843
-2.32602
-1.22463
-2.45241
3.4502
1.55885
1.43195
1.00762
-1.79551
7.08415
-7.0587
6.72469
-6.615
-3.08753
0.838052
-6.85069
6.90356
-6.83932
6.85318
-6.46098
6.98585
0.0756879
-6.29408
6.69275
7.5245
-8.65676
6.71871
-6.75623
6.84737
-6.85387
-2.66366
4.13183
6.96278
-7.15334
-5.33868
6.68998
-2.38319
0.752477
3.24258
-5.04693
-2.89395
-2.65149
-1.61705
0.115304
-1.4229
-4.04563
6.87313
-6.87795
6.76949
-7.50015
-0.0211695
4.11301
3.38212
-7.6488
7.77326
5.61878
-5.65839
-7.68584
6.22519
6.28059
-6.12764
2.26308
4.8744
-6.91434
4.87342
6.84655
-6.8403
0.013104
6.85197
-6.87313
6.18179
-6.2621
0.0369329
5.95199
-5.78963
1.83587
-0.747815
-1.68305
1.28165
-1.03434
-2.41979
-6.38227
6.34421
6.37609
-6.88127
6.86003
-0.0292958
-6.80039
7.09899
6.96637
-6.83616
0.165984
6.85621
-6.83264
0.0158905
-7.09149
6.61722
-6.84874
6.8601
8.74174e-05
6.87072
-6.88549
-7.03974
7.05033
0.418069
-7.04297
7.08166
0.0399578
-6.12365
5.88603
-0.506375
-6.77282
6.75016
-0.015341
-0.931427
1.73671
0.992146
0.594957
-6.73085
6.76017
-0.0293925
-6.86914
6.87735
0.00158152
-6.8388
6.84549
5.19592
-5.81713
-3.42344
0.859102
2.94939
-0.745223
1.76649
6.84286
-6.8467
0.00353959
6.56367
-6.53861
0.0189964
-6.17749
6.09066
0.1031
5.33718
6.86726
-6.86508
0.0165683
-7.47577
8.22074
-0.391614
-6.86297
6.8763
0.0101669
6.9824
-6.23739
-0.00374503
-6.85368
6.86594
0.00269866
-6.84614
6.85363
0.014808
2.35477
-1.71349
0.906091
3.85206
4.0133
6.77419
-6.45654
-0.0207446
7.26795
-7.89623
0.000789774
6.88046
-6.87715
0.0173472
-6.92691
6.88586
-0.0668757
7.03773
-6.72131
0.187881
0.278172
-6.37472
5.27608
-6.87547
6.8522
-0.0486515
-1.42932
0.0448206
-1.40365
0.147901
4.94677
2.72545
-0.940047
1.88024
7.7789
-6.38912
-0.150875
4.10111
-7.0913
-2.69761
7.23417
0.292805
-0.172838
0.0148531
-6.54061
-0.0886728
-6.78332
0.00316304
-2.76952
2.88206
0.0149091
-2.33402
3.89287
-0.918547
-0.12086
-0.00748696
0.0027361
4.64553
-2.57788
1.98187
-0.000602484
-1.15485
1.98181
-3.88888
6.80927
3.59314
4.47457
7.60643
7.53413
4.08125
-3.58568
-1.04661
1.79781
0.014805
-0.00926569
-0.023845
-2.34977
-0.0118991
-2.35977
-4.24337
-2.0068
6.15347
-0.0628102
-6.20809
0.418297
6.83503
-6.8571
-0.00233462
6.86148
-8.37984
-1.72832
1.73341
-0.725519
6.6884
0.410593
7.32063
0.0674029
4.56743
-5.13316
-2.03511
2.47342
-6.71679
-3.98453
-3.83473
0.893479
-0.0295993
-5.99999
6.76808
1.32064
1.63492
-0.0109878
-6.55081
0.42317
-6.37684
7.46951
-0.719528
-6.88059
6.86975
0.00173276
1.05781
3.3465
-2.9826
2.32217
-1.41608
1.16734
1.72312
6.36481
-1.98104
-4.68318
1.03307
-1.96131
-0.762371
-0.0283921
7.22182
-7.83236
0.844983
-2.8856
3.64525
-0.0116402
-0.0157399
2.14966
1.19683
3.02605
-1.69011
1.84617
-4.50056
1.51346
8.52206
-8.00538
-6.88971
6.90881
-3.10038
5.73806
3.70889
3.16018
6.91426
-6.87095
-6.795
5.92053
7.57609
6.8656
0.935015
6.89009
-6.90262
-0.92429
6.88217
-6.89791
-6.89452
6.89392
3.73096
3.87548
-6.89573
6.89889
-6.73583
-1.55064
5.89572
-5.4827
6.90089
5.13943
-3.49454
2.72386
-6.44236
3.98337
-3.50016
-3.00677
2.67405
-1.78057
1.25797
-4.72415
5.01606
6.10007
-5.6769
5.55283
-5.61574
7.37621
4.34858
0.627587
-4.80382
6.15527
-5.73792
1.43133
-0.185654
-6.90763
-7.47408
8.21639
6.53707
-6.60654
-6.35561
-6.89686
-8.96366
-7.44406
7.10467
4.29729
-2.49948
7.05268
-6.88669
-7.41202
6.89528
7.13575
-6.87984
7.29043
6.88616
-6.91546
6.95357
-6.88202
1.18906
-1.91479
5.73235
-5.85831
7.22164
5.23436
-5.75099
-1.52735
-0.733094
6.60934
-6.67809
-7.28991
7.34378
2.34223
-7.85887
7.82513
-1.8605
6.89746
6.61765
-5.59835
5.70145
0.501718
6.91041
-0.878257
2.52235
6.89882
6.50084
7.51649
-0.290611
-7.5824
4.75169
-1.02699
-1.74784
0.824127
7.497
-6.78547
-2.11253
4.45476
8.21946
-3.6237
7.18751
3.00384
-1.03674
2.18897
2.18476
1.92748
5.89056
-5.88817
8.22405
4.41944
-2.43757
1.91997
-3.54599
0.0856256
-0.559107
-6.83089
1.15398
2.35351
-1.52903
0.665722
5.15046
-3.88141
1.62589
1.24548
0.574791
-1.63267
-2.33665
1.30972
-2.63685
0.548894
-2.21785
-3.83046
0.898504
-5.9859
-1.64725
-1.16929
-2.00805
1.24576
-0.698279
-0.669088
4.49423
-1.33405
2.05665
2.23815
-2.83567
6.54456
-5.2254
5.31099
-4.54054
6.7787
1.89421
-0.716522
0.558889
2.66267
-1.4047
1.49338
4.99879
-6.89099
2.12918
2.32559
-6.01964
0.76096
-4.62498
6.90829
-5.10763
5.60935
4.38473
6.37292
-5.21894
1.26529
1.55976
1.61877
-2.1779
2.06403
-2.09047
4.27522
2.19472
-1.30031
-2.71118
3.85408
-1.68492
3.8141
-0.200751
0.38393
3.77624
-1.42521
3.97653
5.21051
-7.87801
5.66455
-0.353663
4.71188
-2.79191
2.62141
0.61847
1.15223
5.47828
-3.64067
2.5903
2.47846
-1.81167
1.17496
2.41632
-0.922939
-6.80049
0.0896418
5.72316
-3.90322
3.52242
4.65689
-3.22741
4.47205
-3.58381
1.48949
2.32461
1.71805
-2.03417
1.36509
-0.316113
-0.812812
2.53245
5.02306
-6.54881
-1.7646
3.01008
1.75782
3.24731
0.630434
4.42765
-3.86235
-1.97658
1.60538
4.74785
-5.10156
-4.28285
1.24162
-4.25125
-4.20988
-3.05907
-6.14136
-0.244681
-2.43833
4.49498
2.77218
1.70307
-2.35176
2.44137
-3.49149
-0.10822
0.430352
-4.83429
4.10023
3.23759
-0.912979
-1.19561
2.34215
-2.61469
-0.418575
-2.89942
-3.91613
-5.65413
4.33193
-0.177533
-2.44365
-1.32206
2.92744
1.92525
2.00449
3.92638
-1.33608
4.05894
-4.23651
6.035
2.1213
-4.55886
-3.53207
-0.503885
1.30928
1.92831
-1.69768
-0.654051
3.23453
2.63126
-1.45564
1.44359
0.96205
3.65878
-3.78058
3.34766
-6.57461
-0.889418
-1.09809
0.629708
3.0134
-2.5105
-4.71685
3.38076
4.81143
-4.42751
-2.09544
-5.29226
4.19367
-0.544766
-0.290165
3.93957
0.822086
2.41245
-0.24849
-5.20486
0.777351
-2.56383
3.19357
2.82658
-2.37371
4.30202
3.36567
-0.953229
2.71159
-4.29282
3.7478
-0.81673
2.26433
-1.88928
-2.02084
0.147858
-4.68515
3.7934
1.73919
-1.33119
2.29846
0.499246
-4.29254
-0.492965
4.29192
4.50762
-4.7978
0.21474
0.63969
3.34879
3.79029
3.56356
3.71145
2.99232
-1.25133
2.17516
0.932714
2.38118
-2.87493
-3.64684
-0.640628
-1.56906
2.49765
0.609204
-0.429941
4.17772
4.15811
3.28142
2.03004
1.30265
)
;

boundaryField
{
    bullet
    {
        type            calculated;
        value           uniform 0;
    }
    topWall
    {
        type            calculated;
        value           nonuniform List<scalar> 
50
(
7.44682e-15
1.08838e-14
6.30116e-15
6.87399e-15
0
1.20295e-14
7.27497e-14
3.437e-13
1.36162e-12
4.76883e-12
1.43036e-11
1.7307e-11
-8.78187e-11
-7.75016e-10
-4.3616e-09
-2.00329e-08
-7.89088e-08
-2.44046e-07
-2.07892e-07
-7.05105e-08
-1.1337e-09
7.63375e-09
6.87825e-09
2.74086e-09
9.30508e-10
5.0842e-10
2.41697e-10
8.35671e-11
2.0127e-11
2.07251e-12
-1.70567e-13
-3.6789e-13
-5.75247e-13
-9.9832e-13
-2.02507e-12
-4.44144e-12
-1.02758e-11
-2.51018e-11
-6.05029e-11
-1.43389e-10
-3.35459e-10
-7.91563e-10
-1.83433e-09
-4.04224e-09
-8.20996e-09
-1.72736e-08
-3.40881e-08
-5.53201e-08
-6.05467e-08
-7.1209e-08
)
;
    }
    bottomWall
    {
        type            calculated;
        value           nonuniform List<scalar> 
50
(
3.43763e-11
7.68913e-12
1.20524e-12
-1.50501e-14
-2.82607e-13
-4.29763e-13
-7.34108e-13
-9.56515e-13
-1.2525e-12
-1.89965e-12
-3.61034e-12
-8.1287e-12
-1.92172e-11
-4.47839e-11
-9.93254e-11
-2.14955e-10
-4.72557e-10
-1.04543e-09
-2.37481e-09
-4.52736e-09
-8.84564e-09
-1.55637e-08
-2.26925e-08
-3.42444e-08
-3.95198e-08
5.72833e-15
1.48936e-14
1.77578e-14
1.26023e-14
1.0311e-14
1.14567e-14
1.7185e-14
5.04093e-14
2.59493e-13
1.51457e-12
8.60796e-12
4.67678e-11
2.41071e-10
1.16516e-09
5.21219e-09
2.09382e-08
7.22741e-08
2.27562e-07
7.29058e-07
5.73957e-07
1.21721e-07
1.80769e-08
2.9766e-09
5.46034e-10
1.30521e-10
)
;
    }
    inlet
    {
        type            calculated;
        value           nonuniform List<scalar> 
30
(
-7.45574
-7.45574
-7.45574
-7.45574
-7.45574
-7.45574
-7.45574
-7.45574
-7.45574
-7.45574
-0.150621
-0.150621
-0.150621
-0.150621
-0.150621
-0.150621
-0.150621
-0.150621
-0.150621
-0.150621
-7.45574
-7.45574
-7.45574
-7.45574
-7.45574
-7.45574
-7.45574
-7.45574
-7.45574
-7.45574
)
;
    }
    outlet
    {
        type            calculated;
        value           nonuniform List<scalar> 
30
(
7.45574
7.45574
7.45574
7.45574
7.45574
7.45574
7.45574
7.45574
7.45574
7.45574
0.150621
0.150621
0.150621
0.150621
0.150621
0.150621
0.150621
0.150621
0.150621
0.150621
7.45574
7.45574
7.45574
7.45574
7.45574
7.45574
7.45574
7.45574
7.45574
7.45574
)
;
    }
    defaultFaces
    {
        type            empty;
        value           nonuniform 0();
    }
}


// ************************************************************************* //
