/*--------------------------------*- C++ -*----------------------------------*\
  =========                 |
  \\      /  F ield         | OpenFOAM: The Open Source CFD Toolbox
   \\    /   O peration     | Website:  https://openfoam.org
    \\  /    A nd           | Version:  6
     \\/     M anipulation  |
\*---------------------------------------------------------------------------*/
FoamFile
{
    version     2.0;
    format      ascii;
    class       volScalarField;
    location    "0.0006";
    object      T;
}
// * * * * * * * * * * * * * * * * * * * * * * * * * * * * * * * * * * * * * //

dimensions      [0 0 0 1 0 0 0];

internalField   nonuniform List<scalar> 
3704
(
300
300
300
300
300
300
300
300
300
300
300
300
300
300
300
300
300
300
300
300
300
300
300
300
300
300
300
300
300
300
300
300
300
300
300
300
300
300
300
300
300
300
300
300
300
300
300
300
300
300
300
300
300
300
300
300
300
300
300
300
300
300
300
300
300
300
300
300
300
300
300
300
300
300
300
300
300
300
300
300
300
300
300
300
300
300
300
300
300
300
300
300
300
300
300
300
300
300
300
300
300
300
300
300
300
300
300
300
300
300
300
300
300
300
300
300
300
300
300
300
300
300
300
300
300
300
300
300
300
300
300
300
300
300
300
300
300
300
300
300
300
300
300
300
300
300
300
300
300
300
300
300
300
300
300
300
300
300
300
300
300
300
300
300
300
300
300
300
300
300
300
300
300
300
300
300
300
300
300
300
300
300
300
300
300
300
300
300
300
300
300
300
300
300
300
300
300
300
300
300
300
300
300
300
300
300
300
300
300
300
300
300
300
300
300
300
300
300
300
300
300
300
300
300
300
300
300
300
300
300
300
300
300
300
300
300
300
300
300
300
300
300
300
300
300
300
300
300
300
300
87.9302
34.8445
123.795
267.916
254.393
181.574
149.458
180.894
342.672
421.663
468.852
483.874
461.496
208.848
186.239
88.8258
47.0806
169.911
263.989
223.843
190.968
176.812
217.646
374.585
399.077
410.223
378.05
381.153
219.413
185.33
90.2158
81.7056
190.114
265.672
203.421
185.793
217.339
265.851
366.993
381.448
382.721
353.418
356.505
235.555
185.509
81.5066
103.837
168.939
245.08
198.957
186.209
232.011
295.06
356.373
363.348
361.944
345.6
349.746
253.638
186.441
74.9528
105.526
154.641
223.667
200.532
191.898
226.844
304.678
340.205
346.004
350.571
343.559
346.869
273.354
188.568
228.282
392.461
495.435
510.733
452.7
345.051
355.466
319.213
123.168
95.1127
121.723
185.375
173.782
155.382
207.109
228.865
363.431
398.068
421.089
430.233
377.582
352.561
319.607
151.872
113.439
133.083
170.297
204.571
201.342
189.807
224.999
358.33
380.601
387.643
411.561
387.746
341.29
292.134
165.909
166.457
132.764
163.871
206.938
192.736
187.271
221.642
359.296
373.527
369.706
390.996
375.659
343.045
281.081
185.006
187.887
127.542
156.89
196.515
180.085
173.611
220.258
365.142
370.746
363.736
375.557
355.172
331.426
271.563
210.566
197.223
124.474
167.3
178.946
168.829
157.67
300
300
300
300
300
300
300
300
300
300
300
300
300
300
300
300
300
300
300
300
300
300
300
300
300
300
300
300
300
300
300
300
300
300
300
300
300
300
300
300
300
300
300
300
300
300
300
300
300
300
300
300
300
300
300
300
300
300
300
300
300
300
300
300
300
300
300
300
300
300
300
300
300
300
300
300
300
300
300
300
300
300
300
300
300
300
300
300
300
300
300
300
300
300
300
300
300
300
300
300
300
300
300
300
300
300
300
300
300
300
300
300
300
300
300
300
300
300
300
300
300
300
300
300
300
300
300
300
300
300
300
300
300
300
300
300
300
300
300
300
300
300
300
300
300
300
300
300
300
300
300
300
300
300
300
300
300
300
300
300
300
300
300
300
300
300
300
300
300
300
300
300
300
300
300
300
300
300
300
300
300
300
300
300
300
300
300
300
300
300
300
300
300
300
300
300
300
300
300
300
300
300
300
300
300
300
300
300
300
300
300
300
300
300
300
300
300
300
300
300
300
300
300
300
300
300
300
300
300
300
300
300
300
300
300
300
300
300
300
300
300
300
300
300
300
300
300
300
300
300
300
300
300
300
300
300
300
300
300
300
300
300
300
300
300
300
300
300
300
300
300
300
300
300
300
300
300
300
300
300
300
300
300
300
300
300
300
300
300
300
300
312.184
307.458
301.791
333.093
311.924
303.663
315.05
307.697
300.768
303.014
302.386
303.518
288.655
367.87
219.497
240.278
177.884
106.788
111.298
110.374
300.056
137.742
212.781
208.82
226.411
239.558
287.839
341.951
349.451
352.4
353.194
343.781
351.52
192.184
282.41
303.601
300.014
300
300
300
300
300
300
300
300
300
402.748
300
300
300
300
300
300
300
300
300
300
300
300
300
300
300
300
300
300
300
300
300
300
300
300
300
300
300
300
300
300
300
300
300
300
300
300
300
300
300
300
583.372
300
300
300
300
300.018
314.681
301.265
302.171
318.54
305.853
299.447
305.215
302.967
303.428
303.553
301.057
300.073
302.844
277.622
205.276
241.225
175.594
203.505
114.577
96.3153
170.874
201.534
226.048
259.828
309.582
340.188
366.443
389.306
384.421
352.116
391.888
300.202
300.001
300
300
300
300
300
300
300
300
300
300
300
300
300
300
300
300
300
300
300
300
300
300
300
300
300
300
300
300
300
300
300
300
300
300
300
300
300
300
300
300
300.001
321.968
305.819
301.415
325.034
309.824
301.176
315.581
304.513
302
301.372
301.011
300.926
293.768
365.082
296.588
228.367
130.847
300.363
367.391
299.864
299.999
300
300
300
300
300
300
300
300
300
300
300
300
300
300
300
300
300
300
300
300
300
300
300
300
300
300
300
300.166
310.74
301.449
328.757
316.051
303.056
301.557
305.547
301.35
302.024
302.509
301.388
298.587
303.707
267.142
565.561
123.503
127.721
300
300
300
300
300
300
300
300
300
300
299.983
295.615
300
300
300
300
300
300
300
300
300
300
300
300
300
300
300
300
300
299.998
300.001
300
300
300
300
300
300
300
300
300
300
300
300
300
300
300
300
300
300
300
300
300
300
300
300.003
300
300
300
293.489
300
300
300
300
300
300
300
300.98
301.573
302.483
302.319
302.055
300.401
297.923
302.9
299.261
298.855
302.003
296.403
240.355
256.163
176.962
120.23
170.631
92.0068
300
300
210.74
131.302
347.469
170.209
146.493
183.673
300
299.858
300
299.999
300
298.063
301.201
300
300
300
300
300
299.984
300.007
300
300
300
300
300
300
300
300
221.727
252.206
283.884
386.558
440.651
501.109
419.065
326.854
317.895
306.047
300
300
300
300
300
300
300
300
300
300
113.383
135.215
118.156
300
300
300
300
300
325.723
300
300.002
300.001
300
300
300
300
300
300
300
300
300
299.998
300.001
300
300
300
300
300
300
300
300
300
300
300
300
300
300
164.287
299.998
300
300
300
300
300
300
300
300
300
300
300.658
301.566
300.153
302.799
300.011
302.738
302.824
301.815
301.294
299.599
297.069
302.572
301.15
301.349
299.937
298.004
271.274
224.986
271.499
132.441
128.827
300
300
202.058
300
300
300.09
300
300
300
300
300
300
300
300
300
300
300
261.814
230.812
343.154
450.624
496.189
361.189
437.371
300
259.098
265.04
256.33
300
404.658
300
300
139.433
291.361
233.862
285.035
297.587
298.42
299.216
303.533
297.753
298.768
302.203
300
302.74
301.497
303.114
300
300
300
300
300
300
300
300
300
300
300
300
300
300
300
300
300
300
300
300
299.998
300
300
299.943
298.488
297.208
298.426
301.255
301.993
300
300.129
301.32
301.556
301.653
162.817
300.006
300
300.002
300
300
300.013
300
300
300
299.998
300.004
299.988
300.005
300
300
299.57
300
300
300
300
300
300
300
300
300
211.096
300
300
300
300
300
300
300
300
300
300.358
304.179
300
279.577
300
300
132.395
299.999
299.998
300
300
300
300.009
300.009
299.991
299.998
300
300
300
300
300
300
300
300.361
300.195
300
300
300.088
299.048
300.349
300.229
300.198
300
300
300
300
300.677
300.611
301.535
299.938
299.47
300.867
299.74
168.822
299.158
302.065
300
300
292.676
283.644
308.247
300
300
300
300
300
300
130.077
300.001
300.001
300
300
300
301.208
300
306.868
300
300
300
300
300
300
300
300
300
300
300
311.144
323.669
300.694
300
426.456
244.815
309.252
300
300
300
301.857
300.116
300
300
300
300
300
300
379.782
427.595
517.799
340.716
300
300
300
300.007
300.001
299.993
299.989
319.476
317.143
318.727
300
300
167.775
193.14
300
304.58
300
300
300
307.987
300
300
300
300
300
300.005
300
300
300
299.989
300
299.987
300
301.106
299.998
300.006
225.854
300
300
300
296.283
299.176
300
300.002
299.999
300.086
300
300
300.034
300.18
300.033
300
300
300.079
300.002
300.491
302.133
300.43
302.091
300.193
300.975
299.509
299.345
300.753
166.176
300
292.284
305.879
289.561
300
169.601
300
300
190.841
177.993
192.543
300
300
300
152.824
137.691
158.36
282.676
300.092
300.025
441.196
300
323.348
309.026
313.765
300
300
300
300
300
300
290.747
299.228
300.538
301.779
233.356
300
299.976
300
300
300
300
300.011
300.277
298.422
300.896
304.961
300
300
300
300
300
300.894
300.04
299.985
300
300
300.007
299.999
300
300
300
300
299.936
299.989
299.98
299.964
299.971
300.256
299.999
300.002
300.049
300.039
300
300
300
300
300
300
300
270.719
300
300.439
301.298
300
304.109
300
300
299.905
299.937
300
300
299.944
299.918
300
300
299.313
302.8
278.064
300
300
298.659
299.706
300.88
300
300
300.002
300.002
300
300
156.887
302.146
301.344
300
300
300
300
300
299.112
299.649
300.768
301.533
300.288
300
301.942
301.407
382.357
297.67
298.522
300
300
300
300
300
300.024
300.008
300
300
300
300
299.999
300
299.978
300
300
425.758
299.983
299.986
300
300
300
300
300
300
300
300
196.921
299.33
299.908
299.665
299.717
300.054
300.016
299.99
300.036
299.984
299.973
300
300
253.101
300
300
300
300.008
294.336
300
299.434
300
300
300
300.001
307.825
300
300.53
301.799
300
299.976
300
299.99
302.422
300.694
300
299.538
300
176.094
300
300
397.231
300
300
300.126
300
300.022
300
300
301.207
243.268
152.48
299.997
303.397
300
305.906
302.092
300
297.527
300.821
303.943
299.905
468.684
314.489
300
307.866
301.617
300
300
300
201.885
300
300
300
300
300
300
300
300
300
299.997
300
300
300
300
300
300
300
348.826
300
300
300
300
300
380.293
303.193
310.556
309.775
300
300
297.451
300
300
300
300.009
307.803
300.041
301.474
299.987
308.939
300
300
300
300
300
300
300.18
300
298.985
300
300
299.98
300.15
302.029
300.122
300.088
299.976
299.916
299.823
299.764
299.931
299.999
300.228
300.227
299.144
300.205
300.425
300
188.826
300
300
300
300
300
300
299.977
300.53
299.205
300
303.86
300
339.702
301.205
299.915
299.825
299.962
299.938
300
300
300.374
299.9
300
300
300
300
300.003
303.969
165.455
190.243
166.58
299.998
300.002
300.069
300.032
300.002
300
298.556
299.948
299.988
300
427.006
300.349
300.149
300
300.907
301.751
299.33
299.987
299.979
386.506
300
300
300
300
299.845
300.044
299.501
299.171
300
299.683
299.898
300
300
300
300
300
300
300
300
300
301.261
302.76
298.258
298.4
300
300
300
299.997
299.987
300
300
300
299.999
300
300
300
300
322.167
300
300
300
300.001
300
300
300
300
300
300
299.999
299.999
299.99
299.944
299.966
299.958
299.996
300
300
305.723
300.29
300
300
300
300
299.519
300
300
300.467
300
299.135
300.045
300.006
299.803
300
301.383
300.094
269.699
300.241
300
300
300
300
300
300
299.813
301.007
299.997
303.281
300
298.953
300
351.144
300
300.702
301.029
306.081
309.762
300
300
299.999
299.999
387.57
420.681
300.629
299.963
300
307.495
311.125
300
202.824
300
300
300
299.998
300
300
299.772
298.648
300.218
209.45
300
341.803
300
300
300
300
300
300
300
300
300
300
291.816
340.307
300
300
300
300
300
300
300
300
300
301.582
300
300
300
299.954
300
300.002
300
301.583
300
300
301.067
300
301.967
300
298.782
299.633
300.04
300.04
300
300
300.38
299.709
300.079
299.999
300
299.716
300
300
300
300.475
364.556
300
299.864
300.078
300.123
300.057
300
300
300
300.008
300
300
299.91
299.694
300
300.095
300.042
300
299.196
300.069
300
299.962
299.917
340.082
299.991
299.969
300
300
300
300.129
300
297.808
389.53
326.329
300
300
300
300
301.753
300.093
300
300
300.123
300
311.898
300.284
300
303.697
300
300
300
300
298.773
299.998
299.999
298.851
328.451
327.829
299.77
299.916
300.91
299.831
300
300.477
300.006
300
308.308
301.609
300
309.435
305.286
307.99
301.694
300.266
299.281
299.835
300.822
300
300
300
300
300
299.912
300.117
300
300.001
300
299.989
300
300
300
300
366.648
356.376
300
300
300
300.243
300
300
300
323.827
329.039
300.001
300.005
300
300.001
300
300.001
299.864
300.454
299.641
300.01
364.458
299.957
300.006
300.005
300.005
365.889
315.566
300
299.891
313.295
311.334
311.807
300.137
300.217
299.809
313.985
310.291
299.832
300
300
313.229
300
300
300
300
300
300
300
300
309.339
306.248
299.9
300.299
300.174
299.983
299.928
300.002
300
300
299.989
300
300
301.514
304.54
300
300.016
300.009
308.717
300
299.717
299.63
300
308.014
306.832
299.999
299.816
299.937
299.996
299.989
300.002
300.001
300.002
300
300
314.055
314.633
300
300
300
299.999
300.013
300.174
300.476
300.266
299.979
300.009
305.286
300
299.787
300
313.959
310.174
299.999
305.041
299.999
299.835
300.002
302.019
303.009
302.441
300.37
300.001
300.001
299.983
299.988
299.998
300
299.957
300.009
299.937
300.047
300.801
299.982
300.012
300.057
300.001
300.009
300.002
300.117
300
299.927
300.425
300
301.136
299.978
300.359
300.002
299.999
300.03
300.166
299.999
300
300.016
300.005
300
300
300
300
300
300
300
300
300
300
300
300
300.014
303.505
283.582
202.453
395.451
367.876
364.607
376.372
349.746
313.283
266.858
224.926
183.869
169.706
215.465
190.066
113.217
101.749
176.652
107.292
220.513
185.534
168.62
188.679
261.372
288.755
305.574
301.504
300.2
307.599
302.369
310.012
298.677
302.059
302.429
303.199
301.899
313.225
300
300
300
300
300
300
300
300
300
300
300
300
300
300
300
300
300
300
300
300
300
300
300
300
300
300
300
300
300
300
300
300
300
300
300
300
407.029
300
300
300
300
300
300
300
300
300
300
300
300
607.84
300
300
300
300
300
300.001
300.193
387.492
300
383.492
389.441
392.714
348.742
296.307
267.53
231.596
200.494
175.245
167.427
205.333
134.758
169.684
211.488
171.51
171.619
234.594
274.077
300.696
301.827
302.589
306.771
305.635
303.057
299.468
298.696
303.43
316.047
300.892
304.349
300.007
300
300
300
300
300
300
300
300
300
300
300
300
300
300
300
300
300
300
300
300
300
300
300
300
300
300
300
300
300
300
300
300
300
300
300
300
360.944
300
300
300
300
300
300
300
299.984
296.792
235.479
192.034
170.968
213.228
271.627
293.488
303.429
304.03
303.412
305.345
302.192
301.012
299.524
301.004
304.797
301.497
301.465
300.564
300
300
300
300
300
300
300
300
300
300
300
300
300
300
300
300
300
300
300
300
300
300
300
300
300
300
300
300
300
301.132
302.925
320.462
303.208
311.842
300
300
300
300
300
300
300
300
300
300
300
300
300
300
300
300
300
300
300
300
300
300
300
300
300
300
300
300
299.883
300
300
300
300.369
311.357
301.592
309.784
299.772
301.356
301.972
282.66
250.937
182.443
180.207
193.628
151.69
179.877
300
300
300
300
299.888
300
300
300
311.344
301.13
300
300
300
300
300
300
300
300
300
299.987
300.069
358.582
298.475
300
300
300
105.642
300
299.999
300
300.006
300
300
300
393.877
300
160.531
186.024
115.365
140.065
147.577
243.583
178.842
180.061
198.588
292.198
197.21
207.07
242.438
301.356
276.259
272.44
289.458
300.561
294.236
298.62
299.564
298.798
300.03
298.323
300.81
299.869
301.029
298.351
303.161
301.458
298.929
299.276
297.114
300.642
301.374
302.381
300.396
299.643
299.467
302.165
304.073
301.198
300.71
300.001
300
300
300
300
300
300
300
300
300
300
300
300
300
300
300
300
300
300
300
300
300
300
300
300
300
300
300
300
300
300
300
300
300
299.999
299.999
300
300
300
300
300
300
300
300
300.711
301.286
300
343.552
300
457.369
457.465
307.179
261.346
221.6
204.568
214.47
190.532
110.44
144.141
87.2723
142.886
141.044
300
300
300
300
300
300
300
300
300
306.304
286.053
300
300
300
139.033
300
300.335
300.167
300.663
300
300
324.931
299.594
297.028
300
300
300
300
300.917
333.388
300
300
299.645
101.179
300.723
300
298.687
300.785
302.208
300.973
300.783
300.015
300
300
300
300
300
300
300
300
300
300
300
300
300
300
300
300
300
300
300
300
299.999
299.999
300
300
300
300
300
300
300
300
301.549
247.381
305.435
638.649
395.326
471.301
300
300
455.57
214.433
202.226
205.695
300
300
300
300
300
300
300
299.999
299.999
299.999
300
300
300
300
300
300
300
300
300
300
300
300
300
300
300
300
300
299.998
299.998
299.999
300
300
300
300
300
300
301.243
300.593
304.469
300.271
303.942
301.24
301.244
300
300
300
300
300
300
300
300
300
300
300
300
300.089
300
134.43
300
305.415
299.95
300
300
300
150.372
300
300.035
300.293
300
300
299.156
362.267
299.253
300
300
108.328
121.707
120.636
297.98
304.976
300.725
302.87
299.288
300.043
300.065
299.914
300.14
300.041
300
299.611
299.524
300
300
307.346
314.745
300
300.009
300
300
300
300
300
300
311.37
395.094
300.421
300.119
300.666
300
300
301.03
304.71
300
300
300
300
300
300
300
300
300
300
300
300
300
300
300
300
300
300
300
300
299.999
299.991
300.001
299.993
300
300
299.998
300
300
300
300
300
300
300
300
300
300
300
300
299.997
299.997
300
300
300
300
305.95
311.774
309.892
439.212
300
300
300
300
300.788
299.413
170.658
157.947
300
300
181.037
241.561
307.043
300.688
301.653
298.969
299.747
302.569
300
305.25
303.269
305.857
300
300
300
300
300
144.157
311.42
300
300
300
300
300
300.123
300
300
300
300
300
300
301.024
300
171.766
183.789
300.522
301.924
300
300
300
300.006
300.004
298.831
360.888
283.461
298.231
282.82
266.838
295.086
293.847
296.175
291.475
299.261
296.507
456.199
299.982
174.281
300.127
299.947
300.054
300
300
300
300
299.306
300
300
299.363
300
300
300
418.722
300.037
300.004
304.556
300.017
300
300
300
300
297.948
301.768
300.16
300
300
300
300
300
300
300
300
300
299.997
299.994
299.989
205.041
299.996
299.996
299.999
299.999
300
300
316.237
267.121
299.988
299.993
300
300
300
299.994
299.997
300
300
299.993
300.005
299.989
299.999
300
300
300
300
300
300
300
300
299.991
299.969
299.994
300
300
301.401
299.78
300
301.517
300.004
300.812
300.701
300
227.522
300.019
300.298
300.055
299.976
299.975
300
334.73
300
300
282.16
299.227
300
300.494
300.528
300.592
202.641
300.001
300
362.39
300
300.411
300
300
298.485
300
300
300
300
300
308.673
300
300.808
300.056
300
300
300
300
300
151.198
161.867
299.771
300
300
300
300
299.985
299.95
300
339.92
300
299.999
300
299.997
299.99
299.974
300.008
300.024
193.255
299.985
300
300
300
300
300
299.977
299.978
300
300
300
300
300
298.592
288.343
299.931
299.999
300
300
377.987
300.479
299.746
299.792
182.081
300
300
301.422
300
300
300.488
300.994
298.696
298.587
299.804
299.633
300
300
328.757
325.893
339.416
299.998
299.998
299.969
300.005
229.251
344.329
300.233
300.343
300
300
300
300
211.39
300
300.016
333.07
300
300
300
299.286
177.014
300
241.94
299.865
300
348.946
300
299.989
301.376
300
300
299.44
300
300
300
300
300
300
300.004
300.677
300.13
300
300
300
300
299.312
298.3
301.099
300
300
209.026
300.001
300
378.708
321.663
315.056
300.282
300
300
299.299
300
299.03
300.236
300.003
299.965
300
300
300
300.001
301.164
300
300
300
300
300
300
300
300
299.994
300
299.999
299.98
299.959
299.994
299.984
300
299.967
299.983
300
300
299.997
300
300
299.993
362.211
300
300
300
300
300
300
300
300
300
300
300
300
300
299.968
299.952
300
300.001
300
300.057
300
299.868
299.991
337.962
299.855
300
300
237.037
219.952
331.362
300
300
300
300.71
300
299.998
349.803
300
300
299.824
299.9
299.725
300.096
299.956
299.994
300
300.092
300
275.505
306.23
302.591
212.452
350.109
240.434
329.856
300
300.242
300.008
300
300.031
299.999
300.199
300
300
299.699
300
300
300
299.866
299.661
299.999
375.025
292.502
334.042
326.394
299.97
300
300
300
300
300
300
300
300
299.745
299.998
299.995
300
299.964
300.001
300.043
299.973
299.992
300.003
299.967
300.041
296.772
391.09
314.51
299.946
299.959
300
300
300
299.982
300.035
299.997
359.534
387.907
300
300
299.894
299.999
300
300
300
300
300
300
300
300
300
299.826
299.986
299.985
299.95
300
299.999
300.001
300
300
299.599
299.811
300.311
300.142
299.993
300
300
300
299.93
299.95
299.984
299.428
300
300
300
300.001
327.172
300
337.953
340.623
299.419
300.18
300.219
299.837
300
299.999
300
300
300.006
300.011
300
347.267
300
299.853
300
300.017
299.646
299.937
300.033
300
300
300
299.996
300
300
300
300
327.83
300.082
300
299.99
300.15
299.968
309.181
300
300.537
300
300
300
300
300
300.503
299.608
301.754
300
300
300
300
300
300
300
300
300
300
300
300
300
300.015
300
300
300
299.326
300
300.308
301.287
300
300
300.006
322.193
299.991
316.896
300
300.289
300.196
300
300
300
300
300
300
300
300
300
300
309.276
311.944
300.121
299.999
300
300
300
300
299.986
300.584
300
300.082
300.002
302.69
300
300
300
300
299.941
300
299.495
300.003
310.069
306.076
300.92
302.232
300.425
300
300.001
300.002
300
300
300
300
341.414
300.001
300.003
300.001
300
299.999
299.932
299.79
300
299.907
300.203
300
300
300.139
300
299.581
300
300
300
300
300.167
299.697
300.011
300
300.014
300.021
300.006
299.954
300.081
300
300.072
300
299.993
299.959
300
300
299.938
299.661
300.119
300
300
300.311
300
300
369.415
300
300
299.9
300.09
300
299.864
300.081
299.747
300.001
299.887
300
300.097
299.912
301.354
300.26
299.926
300
300
319.101
299.999
333.807
333.985
300.01
300
300.041
299.886
300
300
300
299.781
300
300.154
300
300.763
301.187
307.53
305.219
300
364.605
300.012
363.491
357.906
341.331
321.946
300
360.906
300.016
300.054
300.007
300.145
300
300
300
300
300
300
403.563
392.402
300.002
300.002
300
299.899
300
300
313.183
300.025
300
300
300
300
300
300
300.084
381.385
300
310.53
361.32
300
356.077
300
326.397
335.522
300
299.614
300
300
300
356.051
321.263
300.001
300.15
300
300.616
301.117
300.003
300.324
300.084
301.746
300
300.005
306.009
300
300.004
299.99
300.017
300.017
300.014
300.756
300.014
300
300
300
303.394
301.15
299.977
300
300.001
324.325
334.131
300.335
320.987
300.198
323.004
300
300
300
300.049
301.645
300.642
300.004
300
311.302
313.989
315.19
302.398
300.242
300
300.015
300.006
300
300
300.001
300
300.015
300
300.018
300.119
300.026
300
300.036
300.001
300.641
301.165
319.784
300.66
300.005
300.015
300.002
300.056
300
300.01
300
300
300
300.003
300.002
300
300
300.001
300.484
300
300
300.096
300.002
300
300.003
300.011
300.002
301.014
300.876
300.016
300.021
300.126
311.763
300.006
300.154
300.02
300.058
300.001
300.001
300
300.002
300.029
300.003
300.212
300.007
300.105
300.325
300.62
300.025
300.186
300.633
300.444
301.613
300.056
306.873
300.009
300
300.015
300
300.064
300.014
300.051
300.523
)
;

boundaryField
{
    bullet
    {
        type            zeroGradient;
    }
    topWall
    {
        type            inletOutlet;
        inletValue      uniform 300;
        value           nonuniform List<scalar> 
50
(
300
300
300
300
300
300
300
300
300
300
300
300
300
300
300
300
300
300
300
300
300
300
300
300
300
300
300
300
300
300
300
300
300
300
300
300
300
300
300
300
300
300
300
300
300
300
300
300
300
300
)
;
    }
    bottomWall
    {
        type            inletOutlet;
        inletValue      uniform 300;
        value           nonuniform List<scalar> 
50
(
300
300
300
300
300
300
300
300
300
300
300
300
300
300
300
300
300
300
300
300
300
300
300
300
300
300
300
300
300
300
300
300
300
300
300
300
300
300
300
300
300
300
300
300
300
300
300
300
300
300
)
;
    }
    inlet
    {
        type            fixedValue;
        value           uniform 300;
    }
    outlet
    {
        type            inletOutlet;
        inletValue      uniform 300;
        value           nonuniform List<scalar> 
30
(
300
300
300
300
300
300
300
300
300
300
300
300
300
300
300
300
300
300
300
300
300
300
300
300
300
300
300
300
300
300
)
;
    }
    defaultFaces
    {
        type            empty;
    }
}


// ************************************************************************* //
