/*--------------------------------*- C++ -*----------------------------------*\
  =========                 |
  \\      /  F ield         | OpenFOAM: The Open Source CFD Toolbox
   \\    /   O peration     | Website:  https://openfoam.org
    \\  /    A nd           | Version:  6
     \\/     M anipulation  |
\*---------------------------------------------------------------------------*/
FoamFile
{
    version     2.0;
    format      ascii;
    class       volScalarField;
    location    "0.0002";
    object      alphat;
}
// * * * * * * * * * * * * * * * * * * * * * * * * * * * * * * * * * * * * * //

dimensions      [1 -1 -1 0 0 0 0];

internalField   nonuniform List<scalar> 
3704
(
0.391061
0.391197
0.392619
0.392603
0.392709
0.392176
0.392579
0.392649
0.392611
0.392607
0.392606
0.392835
0.39191
0.391988
0.392758
0.391953
0.392529
0.392734
0.39263
0.391989
0.393336
0.390672
0.390491
0.390504
0.390577
0.390579
0.390771
0.39115
0.391768
0.392042
0.391723
0.391675
0.39152
0.391365
0.391269
0.391137
0.390979
0.390831
0.390718
0.390579
0.390473
0.390452
0.390474
0.390497
0.393562
0.392872
0.392658
0.392597
0.392591
0.392601
0.391065
0.391504
0.393196
0.393318
0.393327
0.392999
0.393267
0.393361
0.393356
0.393351
0.393349
0.39324
0.392349
0.392806
0.39314
0.392764
0.39306
0.393463
0.393051
0.392244
0.391932
0.390671
0.390494
0.390506
0.39058
0.390583
0.390811
0.391276
0.392047
0.392444
0.392166
0.391976
0.391736
0.391517
0.391376
0.391209
0.391024
0.390856
0.390732
0.390586
0.390476
0.390453
0.390475
0.390497
0.39262
0.39336
0.393311
0.393274
0.393299
0.39334
0.391073
0.391799
0.393357
0.393646
0.393677
0.393579
0.393638
0.393749
0.393768
0.393763
0.39376
0.393566
0.392875
0.393452
0.393593
0.393484
0.393599
0.393566
0.393041
0.392214
0.391329
0.39067
0.390497
0.390508
0.390585
0.390588
0.390871
0.391453
0.392127
0.39265
0.392735
0.392402
0.39206
0.391751
0.391541
0.391319
0.391093
0.390895
0.390753
0.390595
0.390479
0.390454
0.390477
0.390499
0.39135
0.392738
0.393231
0.393457
0.393623
0.393736
0.391085
0.391881
0.393239
0.393677
0.393794
0.393786
0.393818
0.393902
0.393917
0.393909
0.393906
0.393774
0.393225
0.393675
0.393768
0.393793
0.393823
0.393401
0.392862
0.392063
0.39115
0.390672
0.3905
0.390509
0.390588
0.390591
0.390922
0.39159
0.392125
0.392763
0.393151
0.392745
0.39234
0.391957
0.391685
0.391414
0.391151
0.390926
0.390768
0.390602
0.390481
0.390455
0.390477
0.390499
0.390758
0.391853
0.39274
0.39329
0.393646
0.39386
0.391098
0.391817
0.393027
0.39354
0.393717
0.393741
0.393794
0.393852
0.393858
0.393849
0.393845
0.393762
0.393303
0.393617
0.393694
0.39378
0.393794
0.393204
0.392702
0.39193
0.391091
0.390668
0.390499
0.390507
0.390584
0.390587
0.390937
0.391627
0.392093
0.392782
0.393279
0.392862
0.392446
0.392035
0.391736
0.391442
0.391165
0.39093
0.390768
0.3906
0.390481
0.390454
0.390475
0.390496
0.390574
0.391297
0.392295
0.393029
0.393502
0.393793
0.00277901
0.0172698
0.00273186
0.000697795
0.0013289
0.00433871
0.00472057
0.0112209
0.0139262
0.0107414
0.0201364
0.0303328
0.0378212
0.0405144
0.0228761
0.0287201
0.0378553
0.00457959
0.00136441
0.00395549
0.0128166
0.0145636
0.0203994
0.0338436
0.045946
0.0956868
0.214853
0.362111
0.382476
0.246038
0.107265
0.038079
0.00718959
0.0043025
0.0174398
0.020728
0.0253608
0.0290806
0.0499879
0.0877081
0.155885
0.337762
0.556908
0.591181
0.469142
0.186326
0.0463745
0.00961178
0.0118476
0.0254296
0.0292266
0.0342113
0.0406298
0.0734794
0.122349
0.198928
0.395012
0.637812
0.692673
0.6718
0.242884
0.0621277
0.0215704
0.0178506
0.028851
0.0393552
0.0423782
0.0562638
0.100805
0.148846
0.226263
0.412449
0.663517
0.73928
0.881995
0.0245813
0.0334483
0.0359163
0.0327891
0.0273551
0.0192007
0.0144264
0.0181981
0.00656323
0.00644517
0.00165933
0.00663713
0.000764283
0.0112324
0.00699563
0.231853
0.271029
0.307164
0.262688
0.197023
0.131167
0.0528801
0.0354952
0.023924
0.0179283
0.00369342
0.00794717
0.00219509
0.027967
0.0554407
0.401387
0.38837
0.461226
0.410162
0.31591
0.225476
0.101597
0.0562124
0.0463005
0.0356596
0.0192457
0.0160828
0.0151338
0.0211559
0.0870042
0.595493
0.410663
0.520323
0.475497
0.384082
0.268674
0.152056
0.0932533
0.0643731
0.0579026
0.0261503
0.020906
0.0270631
0.0199421
0.092906
0.800743
0.406969
0.54652
0.507882
0.426216
0.29894
0.206244
0.14175
0.0892305
0.0814017
0.0330237
0.023665
0.0293212
0.0255634
0.0756161
0.392603
0.392592
0.392588
0.392609
0.392689
0.392941
0.393603
0.390485
0.390456
0.39046
0.390542
0.390634
0.390684
0.390754
0.390829
0.390916
0.391045
0.39115
0.391384
0.392113
0.391889
0.39119
0.391082
0.391092
0.391249
0.393256
0.392638
0.392656
0.393033
0.392249
0.392273
0.392644
0.391552
0.391735
0.392596
0.392728
0.392125
0.391956
0.392364
0.392616
0.391785
0.391602
0.391616
0.391284
0.391334
0.393167
0.39227
0.39185
0.390633
0.391038
0.393347
0.39331
0.393279
0.393278
0.39333
0.393345
0.392243
0.390486
0.390457
0.390461
0.390545
0.390641
0.390696
0.390773
0.390856
0.390961
0.391136
0.391329
0.391806
0.392694
0.392385
0.391295
0.391134
0.391145
0.39136
0.393359
0.393402
0.393374
0.393184
0.392863
0.393272
0.393305
0.392032
0.392117
0.393422
0.393348
0.393045
0.392604
0.39313
0.393332
0.392598
0.39222
0.391955
0.391368
0.391422
0.391993
0.392716
0.392472
0.390631
0.391042
0.393755
0.393669
0.393551
0.393391
0.393138
0.392566
0.391059
0.390487
0.390458
0.390463
0.390549
0.390651
0.390713
0.390801
0.390897
0.39103
0.391273
0.391582
0.392346
0.393075
0.39266
0.391456
0.391211
0.391222
0.391452
0.392896
0.393732
0.393728
0.393316
0.393337
0.393686
0.393592
0.39263
0.392549
0.393275
0.393411
0.393648
0.393273
0.393578
0.393715
0.393294
0.392854
0.392305
0.391493
0.391551
0.391759
0.393062
0.392687
0.390627
0.391049
0.393894
0.393742
0.393506
0.393125
0.392528
0.391631
0.390637
0.390488
0.390458
0.390464
0.390552
0.390657
0.390726
0.390823
0.390931
0.391088
0.391388
0.391781
0.392734
0.393237
0.392632
0.391597
0.391274
0.391282
0.391508
0.392608
0.393738
0.393818
0.393477
0.39356
0.393699
0.39361
0.393021
0.392853
0.392967
0.393376
0.393852
0.393631
0.3937
0.393816
0.393535
0.393152
0.392513
0.391596
0.391653
0.391753
0.393073
0.392531
0.390621
0.39106
0.393838
0.393632
0.393323
0.3928
0.392027
0.391098
0.390533
0.390485
0.390457
0.390462
0.390549
0.390654
0.390724
0.390824
0.390936
0.391103
0.391427
0.391847
0.392853
0.393212
0.392491
0.391647
0.391288
0.391293
0.391505
0.392437
0.393583
0.393725
0.393467
0.393546
0.393551
0.393476
0.393112
0.392935
0.392758
0.393273
0.3938
0.393666
0.39361
0.393722
0.393466
0.393144
0.39254
0.391622
0.391673
0.391708
0.392896
0.392304
0.390613
0.39107
0.391379
0.391462
0.39144
0.391458
0.391435
0.391367
0.390624
0.390451
0.390459
0.390464
0.390469
0.390471
0.390463
0.390462
0.390453
0.390431
0.390406
0.390403
0.390406
0.39042
0.390446
0.390451
0.390445
0.390436
0.390418
0.390406
0.3904
0.390403
0.390405
0.390419
0.390439
0.390398
0.390398
0.390398
0.390397
0.390398
0.390397
0.390397
0.390397
0.390397
0.390397
0.390397
0.390397
0.390397
0.390397
0.390397
0.390397
0.390397
0.390397
0.390397
0.390397
0.390397
0.390397
0.39014
0.331079
0.330409
0.167087
0.106377
0.011804
0.202496
0.0939606
0.390402
0.0416628
0.0330513
0.0576175
0.0697408
0.0788353
0.110798
0.18481
0.209733
0.190897
0.2657
0.566762
0.71892
1.31779
1.46867
0.39636
0.390412
0.390398
0.390397
0.390397
0.390398
0.390403
0.39062
0.390853
0.390398
0.390398
0.132666
0.391022
0.391425
0.391008
0.391451
0.391025
0.391037
0.391453
0.391461
0.39046
0.39046
0.390461
0.390466
0.39047
0.390465
0.390463
0.390461
0.390443
0.390417
0.390401
0.390407
0.390412
0.390431
0.390455
0.390449
0.390442
0.390427
0.390413
0.390401
0.390402
0.390404
0.390411
0.390423
0.390439
0.390398
0.390398
0.390398
0.390423
0.390397
0.390397
0.390397
0.100096
0.390397
0.390397
0.390397
0.390397
0.390397
0.390397
0.390397
0.390397
0.390397
0.390397
0.390397
0.390397
0.390397
0.390397
0.390397
0.390397
0.390351
0.385623
0.348907
0.235308
0.142787
0.0662525
0.05752
0.0474827
0.0403112
0.0345312
0.0754934
0.0795932
0.0983371
0.164787
0.252522
0.185232
0.196835
0.306081
0.45711
0.340764
0.390649
0.390398
0.390398
0.390397
0.390397
0.390397
0.390397
0.390398
0.390436
0.390859
0.391023
0.391038
0.391028
0.39042
0.390421
0.390424
0.390428
0.390429
0.390425
0.390423
0.39042
0.390412
0.390401
0.390401
0.390402
0.390406
0.390418
0.390418
0.390418
0.390416
0.390408
0.390401
0.390399
0.390401
0.390401
0.390403
0.390398
0.390397
0.390397
0.390397
0.390397
0.390397
0.390397
0.390397
0.390397
0.390397
0.390397
0.390397
0.390397
0.390397
0.390397
0.390397
0.390397
0.390397
0.390393
0.389932
0.378066
0.283789
0.151498
0.0813872
0.39042
0.382118
0.391623
0.390403
0.390397
0.390397
0.390397
0.390398
0.390413
0.390428
0.390427
0.390425
0.390422
0.390416
0.390406
0.390399
0.390403
0.390404
0.390411
0.39042
0.39042
0.390419
0.390412
0.390406
0.390399
0.3904
0.390402
0.390402
0.390398
0.390398
0.390397
0.390397
0.390397
0.390397
0.390397
0.390397
0.390397
0.390397
0.390397
0.390397
0.390397
0.390397
0.390397
0.390356
0.342103
0.335398
0.21446
0.121842
0.0465514
0.390419
0.390426
0.390491
0.390398
0.390397
0.390397
0.390397
0.390494
0.390399
0.390398
0.390474
0.41947
0.390397
0.390712
0.390701
0.390835
0.390741
0.390399
0.390398
0.390406
0.390398
0.390398
0.390397
0.390398
0.390398
0.390397
0.390398
0.390398
0.390398
0.390398
0.390398
0.390398
0.390398
0.390398
0.390398
0.390398
0.390398
0.390398
0.390398
0.390398
0.390398
0.390397
0.390398
0.390398
0.390397
0.390397
0.390397
0.390398
0.390398
0.390398
0.390397
0.390397
0.390397
0.390397
0.390397
0.390398
0.390398
0.390398
0.346753
0.390487
0.390397
0.390397
0.390397
0.390397
0.390397
0.390397
0.390397
0.390397
0.390397
0.390397
0.390397
0.390397
0.390397
0.390397
0.390397
0.390397
0.390397
0.390382
0.34227
0.372229
0.243261
0.160424
0.0870145
0.0364554
0.390409
0.390401
0.0534999
0.0573071
0.309954
0.0430082
0.0515104
0.0544409
0.390398
0.391548
0.390397
0.390402
0.390398
0.413286
0.394788
0.390397
0.390397
0.390397
0.390397
0.390398
0.390473
0.390412
0.390411
0.390398
0.390398
0.390398
0.390398
0.390399
0.390402
0.390847
0.0719158
0.100515
0.182344
0.243099
0.278291
0.38708
0.194985
0.227269
0.221669
0.296956
0.390397
0.390397
0.390727
0.39057
0.390553
0.390397
0.390397
0.390602
0.390398
0.390397
0.0441733
0.0545083
0.0719698
0.390607
0.390397
0.390397
0.390736
0.390573
0.421154
0.390397
0.390398
0.390398
0.390398
0.390398
0.390397
0.390397
0.390398
0.390484
0.390398
0.390398
0.390398
0.390398
0.390398
0.390397
0.390398
0.390398
0.390398
0.390398
0.390398
0.390398
0.390398
0.390398
0.390397
0.390398
0.390398
0.390398
0.390398
0.0621262
0.390398
0.390397
0.390397
0.390397
0.390397
0.390397
0.390398
0.390397
0.390398
0.390434
0.390397
0.390397
0.390397
0.390397
0.390397
0.390397
0.390397
0.390397
0.390397
0.390397
0.390397
0.390397
0.390397
0.390397
0.390397
0.390397
0.390396
0.389893
0.380691
0.310558
0.184836
0.113563
0.390398
0.390398
0.0629569
0.390699
0.39043
0.390637
0.390397
0.390398
0.390726
0.390559
0.390568
0.390397
0.390397
0.390397
0.390397
0.390547
0.390397
0.119004
0.083987
0.234845
0.233466
0.312738
0.196266
0.393094
0.390397
0.290135
0.356197
0.383024
0.390398
0.366801
0.390397
0.390398
0.119134
0.369396
0.359032
0.39036
0.390397
0.390397
0.390397
0.390397
0.390397
0.390397
0.390397
0.390398
0.390397
0.390397
0.390397
0.390397
0.390398
0.390397
0.390397
0.390398
0.390398
0.390398
0.390398
0.390398
0.390397
0.390397
0.390398
0.390397
0.390398
0.390398
0.390398
0.390398
0.390398
0.390398
0.390398
0.390398
0.390397
0.390398
0.390397
0.390397
0.390397
0.390397
0.390397
0.390397
0.390397
0.390397
0.390397
0.390397
0.390396
0.107581
0.390397
0.390397
0.390397
0.390397
0.390397
0.390397
0.390419
0.390463
0.390397
0.390397
0.390397
0.390397
0.390397
0.390397
0.390398
0.390397
0.390397
0.390397
0.390397
0.390397
0.390397
0.390397
0.390397
0.390397
0.390397
0.073317
0.390397
0.390397
0.390397
0.390397
0.390397
0.390397
0.390397
0.390397
0.390397
0.390397
0.271143
0.390397
0.281194
0.390397
0.390397
0.0884932
0.390397
0.390397
0.390397
0.390397
0.390397
0.390397
0.390397
0.390397
0.390397
0.390397
0.390397
0.390397
0.390397
0.390397
0.390397
0.390397
0.390397
0.390397
0.390397
0.390397
0.390397
0.390397
0.390397
0.390397
0.390397
0.390397
0.390397
0.390397
0.390397
0.390397
0.390397
0.390397
0.390397
0.390397
0.390397
0.390397
0.0893016
0.390397
0.390397
0.390397
0.390397
0.390382
0.389053
0.358937
0.390397
0.390397
0.3904
0.390397
0.390397
0.390398
0.0834577
0.390397
0.390397
0.39042
0.390467
0.390405
0.392653
0.390397
0.145778
0.390397
0.390397
0.390397
0.390397
0.390397
0.390397
0.390397
0.390397
0.3904
0.390398
0.390406
0.428163
0.401345
0.399292
0.390397
0.242725
0.102277
0.343766
0.390397
0.390397
0.390397
0.390397
0.390397
0.390397
0.390397
0.390397
0.390397
0.390397
0.390397
0.240957
0.236936
0.275838
0.277763
0.390398
0.390397
0.390398
0.390408
0.390398
0.390397
0.390397
0.359883
0.379293
0.319018
0.390397
0.390397
0.108195
0.102249
0.390477
0.293722
0.390397
0.390397
0.390469
0.391035
0.390397
0.390397
0.390478
0.390433
0.39043
0.390397
0.390397
0.390397
0.390397
0.390397
0.390397
0.390397
0.390397
0.390397
0.390445
0.390397
0.0848065
0.390397
0.390397
0.390397
0.390396
0.390397
0.390397
0.390397
0.390397
0.390397
0.390397
0.390397
0.390397
0.390397
0.390397
0.390397
0.390397
0.390397
0.390397
0.390397
0.390397
0.390397
0.390397
0.390397
0.390397
0.390397
0.390397
0.390397
0.0660162
0.390397
0.390283
0.360072
0.35968
0.390397
0.148806
0.390398
0.390398
0.115586
0.0740108
0.0735208
0.390397
0.390397
0.390397
0.075685
0.0852718
0.0835408
0.141149
0.390543
0.391064
0.195077
0.390397
0.386964
0.407792
0.416987
0.390401
0.390397
0.390397
0.390397
0.390397
0.390397
0.38045
0.390397
0.390397
0.390397
0.234563
0.390397
0.390397
0.390397
0.390397
0.390397
0.390397
0.390397
0.390397
0.390397
0.390397
0.414477
0.390397
0.390397
0.390397
0.390397
0.390397
0.390397
0.390397
0.390397
0.390426
0.3904
0.390397
0.390397
0.390397
0.390397
0.390397
0.390397
0.390397
0.390397
0.390397
0.390397
0.390397
0.390397
0.390435
0.390405
0.390397
0.390397
0.390397
0.390397
0.390397
0.390397
0.390397
0.390397
0.390397
0.194072
0.390397
0.390397
0.390397
0.390397
0.377531
0.390397
0.390397
0.390397
0.390397
0.390397
0.390397
0.390397
0.390397
0.390397
0.390397
0.390397
0.390397
0.0969164
0.390397
0.390397
0.390061
0.390385
0.384252
0.390397
0.390397
0.390397
0.390397
0.390397
0.390397
0.0731123
0.390397
0.390397
0.390397
0.390397
0.390397
0.390397
0.390397
0.390397
0.390397
0.390397
0.390397
0.390397
0.390397
0.390397
0.390397
0.151206
0.390397
0.390397
0.390397
0.390397
0.390473
0.390429
0.390431
0.390397
0.390397
0.390397
0.390397
0.390397
0.390397
0.390397
0.390397
0.390397
0.390397
0.390397
0.177593
0.390397
0.390397
0.390397
0.390397
0.390397
0.390397
0.390397
0.390397
0.390397
0.390397
0.0817769
0.390397
0.390397
0.390397
0.390397
0.390907
0.390497
0.390397
0.390397
0.390397
0.390397
0.390397
0.390397
0.0944079
0.390397
0.390398
0.390398
0.390397
0.137267
0.390397
0.390397
0.390397
0.390397
0.390397
0.390397
0.371277
0.390397
0.390397
0.411502
0.390397
0.390397
0.390397
0.390397
0.390397
0.390397
0.390397
0.390397
0.390411
0.068189
0.390398
0.390397
0.139394
0.390397
0.390397
0.391672
0.390398
0.390397
0.390397
0.390397
0.411532
0.0794425
0.0753897
0.390397
0.390397
0.390397
0.390397
0.390397
0.390397
0.390397
0.403436
0.405028
0.390397
0.182081
0.417412
0.390397
0.380285
0.390397
0.390398
0.390398
0.390397
0.073778
0.390397
0.390397
0.39041
0.390402
0.390397
0.390397
0.390397
0.390397
0.390397
0.390397
0.390401
0.390399
0.390408
0.390398
0.390397
0.390398
0.390397
0.264185
0.390397
0.390397
0.390397
0.390397
0.390397
0.203311
0.316905
0.347218
0.294301
0.390397
0.390397
0.390397
0.390397
0.390397
0.390397
0.390397
0.384801
0.390397
0.400037
0.390397
0.378047
0.390397
0.390397
0.390409
0.390402
0.390402
0.390399
0.390397
0.390397
0.390397
0.390397
0.390397
0.390397
0.390397
0.410744
0.392881
0.39144
0.390397
0.390397
0.390397
0.390397
0.390397
0.390397
0.390397
0.390397
0.104929
0.390397
0.390397
0.390397
0.0601873
0.390398
0.390398
0.390398
0.390397
0.390397
0.390397
0.390397
0.396686
0.390397
0.390398
0.387987
0.390397
0.0908182
0.390397
0.390397
0.390397
0.390397
0.390397
0.390397
0.390397
0.390397
0.390397
0.390397
0.390397
0.390397
0.390397
0.390397
0.382954
0.0687164
0.0581163
0.0680637
0.390397
0.390397
0.390397
0.390397
0.390397
0.390397
0.390397
0.390397
0.390397
0.390397
0.144364
0.393764
0.391937
0.390397
0.394433
0.390397
0.390397
0.390397
0.390397
0.181293
0.390397
0.390397
0.390397
0.390397
0.390397
0.390397
0.390397
0.390397
0.390397
0.390397
0.390397
0.390397
0.390397
0.390397
0.390397
0.390397
0.390397
0.390397
0.390397
0.390402
0.390397
0.390397
0.390397
0.390397
0.390398
0.390398
0.390397
0.390397
0.390397
0.390397
0.390397
0.390397
0.390397
0.390397
0.390397
0.390397
0.390397
0.41445
0.390399
0.390397
0.390397
0.390403
0.390397
0.390397
0.390397
0.390397
0.390397
0.390397
0.390397
0.390397
0.390397
0.390397
0.390397
0.390397
0.390397
0.390397
0.390397
0.398903
0.390397
0.390397
0.390398
0.390397
0.390411
0.390397
0.390397
0.390397
0.392337
0.390397
0.390397
0.390653
0.390476
0.390397
0.390397
0.390397
0.390397
0.0848639
0.390397
0.390403
0.390397
0.390397
0.390397
0.390397
0.390397
0.390397
0.390397
0.390397
0.388324
0.390397
0.390397
0.390397
0.264838
0.390397
0.390283
0.390304
0.40188
0.408714
0.390397
0.390397
0.390397
0.390397
0.190613
0.133084
0.393326
0.390397
0.390397
0.381699
0.364814
0.390397
0.0672628
0.390397
0.390397
0.390397
0.390397
0.390397
0.390397
0.390397
0.390397
0.390396
0.0553648
0.390399
0.300738
0.390397
0.390397
0.390397
0.390397
0.390398
0.390398
0.390399
0.390398
0.390399
0.390398
0.0782608
0.0923095
0.390397
0.390397
0.390397
0.390397
0.390397
0.390397
0.390397
0.390397
0.390397
0.392374
0.390397
0.390397
0.390397
0.390397
0.390397
0.390419
0.390397
0.390397
0.390397
0.390397
0.390397
0.390397
0.406121
0.390397
0.390397
0.390397
0.390837
0.390579
0.390397
0.390397
0.390397
0.390397
0.390397
0.390397
0.390397
0.390397
0.390397
0.390397
0.390397
0.390397
0.260048
0.390397
0.390397
0.390397
0.390397
0.390397
0.390397
0.390397
0.390397
0.390397
0.390397
0.390397
0.390397
0.390397
0.390397
0.390897
0.39065
0.390397
0.390397
0.390397
0.390397
0.390397
0.390397
0.227403
0.390397
0.390397
0.390397
0.390397
0.390397
0.390397
0.390397
0.390397
0.155988
0.25855
0.390397
0.390397
0.390397
0.390397
0.390397
0.390397
0.390397
0.390397
0.390397
0.390397
0.415051
0.391147
0.390397
0.390282
0.390397
0.390397
0.390397
0.390397
0.390397
0.390397
0.390397
0.390397
0.357296
0.0880824
0.390397
0.390397
0.390397
0.390397
0.390398
0.390397
0.390415
0.390397
0.397115
0.39225
0.390397
0.416825
0.390273
0.388474
0.390329
0.390381
0.390397
0.390397
0.390392
0.390397
0.390397
0.390397
0.390397
0.390398
0.390397
0.390689
0.390397
0.390397
0.390397
0.390397
0.390397
0.390397
0.390397
0.390397
0.166703
0.171314
0.390399
0.390398
0.390398
0.391073
0.390397
0.390397
0.390397
0.364141
0.364496
0.390401
0.390447
0.390398
0.390401
0.390397
0.390398
0.390397
0.390424
0.390435
0.390469
0.189132
0.390397
0.390464
0.390432
0.390437
0.191652
0.41055
0.390397
0.390397
0.322509
0.408533
0.352384
0.390507
0.390398
0.390403
0.425804
0.394966
0.390397
0.390397
0.390398
0.387224
0.390398
0.390397
0.390397
0.390397
0.390398
0.390398
0.390397
0.390398
0.396219
0.394245
0.390397
0.390753
0.390496
0.390397
0.390397
0.390407
0.390397
0.390397
0.390397
0.390397
0.390397
0.390477
0.390486
0.390398
0.390438
0.390434
0.403728
0.390397
0.390397
0.390397
0.390397
0.390786
0.390884
0.390397
0.390407
0.390422
0.390397
0.390397
0.390409
0.390402
0.390406
0.390399
0.390397
0.397647
0.399977
0.390397
0.390397
0.390397
0.390397
0.390415
0.390397
0.391106
0.390656
0.390397
0.390423
0.390953
0.390398
0.390398
0.390398
0.39322
0.392061
0.390397
0.390535
0.390397
0.390398
0.390402
0.390735
0.390893
0.390894
0.390756
0.390401
0.390398
0.390398
0.390398
0.390398
0.390398
0.390397
0.390414
0.390398
0.390443
0.390424
0.390399
0.390399
0.390417
0.390398
0.390401
0.3904
0.390398
0.390398
0.390398
0.390451
0.390398
0.390643
0.390408
0.390405
0.390398
0.390398
0.390423
0.390449
0.390398
0.390398
0.390401
0.390399
0.391359
0.391429
0.391438
0.391491
0.39143
0.391379
0.39062
0.390403
0.390398
0.390397
0.390397
0.390398
0.390413
0.397292
1.25047
1.2673
0.376511
0.546604
0.522739
0.465677
0.361435
0.321064
0.281705
0.174005
0.130951
0.062023
0.0326021
0.0266228
0.0226058
0.0373879
0.0377863
0.157521
0.181132
0.152804
0.135837
0.422158
0.382946
0.385372
0.390396
0.390397
0.390397
0.390397
0.390397
0.390397
0.390397
0.390397
0.390397
0.390397
0.390397
0.390397
0.390397
0.390397
0.390397
0.390397
0.390398
0.390398
0.390398
0.390398
0.390397
0.390438
0.390441
0.390417
0.390405
0.390402
0.3904
0.390408
0.390413
0.390419
0.390422
0.390437
0.390434
0.39043
0.390438
0.39045
0.39045
0.390436
0.390453
0.390456
0.390468
0.390461
0.390434
0.390438
0.390434
0.390442
0.39096
0.390859
0.0476204
0.390398
0.39041
0.390987
0.391404
0.390993
0.391485
0.391453
0.39106
0.391019
0.391465
0.390495
0.390437
0.0594656
0.390413
0.390398
0.390397
0.390397
0.390397
0.390398
0.390696
0.360494
0.390402
0.448014
0.498558
0.468726
0.386637
0.336209
0.323224
0.240086
0.163832
0.115549
0.0596964
0.0312386
0.0257177
0.128604
0.184607
0.132496
0.304029
0.36278
0.381005
0.388967
0.390397
0.390397
0.390397
0.390397
0.390397
0.390397
0.390397
0.390397
0.390397
0.390397
0.390397
0.390397
0.390397
0.390397
0.390397
0.390397
0.390397
0.390398
0.390398
0.390397
0.391046
0.390398
0.390406
0.390426
0.390403
0.39041
0.390404
0.3904
0.390404
0.39041
0.390417
0.390422
0.390428
0.390439
0.390427
0.390434
0.390446
0.39045
0.390443
0.390442
0.390451
0.390466
0.390465
0.390444
0.390435
0.390443
0.390433
0.39055
0.369641
0.390397
0.391027
0.3904
0.390398
0.390397
0.390397
0.390398
0.390469
0.426131
0.173908
0.173618
0.189905
0.357465
0.380113
0.385587
0.390397
0.390397
0.390397
0.390397
0.390397
0.390397
0.390397
0.390397
0.390397
0.390397
0.390397
0.390397
0.390397
0.390397
0.390397
0.390397
0.390398
0.390398
0.390402
0.390402
0.390399
0.3904
0.390404
0.390407
0.390408
0.390406
0.390413
0.390411
0.390416
0.390417
0.390417
0.390414
0.390413
0.390421
0.390427
0.390427
0.390417
0.390411
0.39042
0.390413
0.390464
0.390397
0.390397
0.390397
0.390397
0.390397
0.390397
0.390397
0.390397
0.390397
0.390398
0.390398
0.390397
0.390398
0.390403
0.390405
0.390408
0.390407
0.390409
0.390414
0.390413
0.390416
0.390416
0.390417
0.39041
0.39042
0.390423
0.390427
0.390425
0.390411
0.390416
0.390417
0.390414
0.391082
0.391365
0.390397
0.390397
0.390398
0.390397
0.390397
0.390397
0.390397
0.390397
0.390397
0.390355
0.384231
0.380034
0.398624
0.132874
0.16297
0.132026
0.132624
0.390398
0.390401
0.390402
0.3907
0.391285
0.390399
0.390398
0.390488
0.276785
0.390397
0.390397
0.390398
0.390398
0.390398
0.390397
0.390397
0.390397
0.390398
0.390398
0.390462
0.390697
0.133808
0.411879
0.390397
0.390397
0.390397
0.0419692
0.390397
0.390402
0.390398
0.390415
0.390411
0.390435
0.390403
0.161226
0.390398
0.190161
0.33269
0.118808
0.156546
0.166106
0.397019
0.28045
0.207194
0.310325
0.382973
0.360375
0.356684
0.385093
0.390094
0.367414
0.3803
0.369387
0.390397
0.379206
0.386144
0.390397
0.390397
0.390387
0.390397
0.390397
0.390397
0.390397
0.390397
0.390397
0.390397
0.390397
0.390397
0.390397
0.390397
0.390397
0.390397
0.390397
0.390397
0.390397
0.390397
0.390397
0.390397
0.390397
0.390397
0.390397
0.390397
0.390397
0.390397
0.390397
0.390398
0.390397
0.390398
0.390398
0.390398
0.390397
0.390397
0.390397
0.390397
0.390397
0.390398
0.390397
0.390673
0.390535
0.390397
0.390397
0.390398
0.390397
0.390398
0.390398
0.390398
0.390398
0.390398
0.390398
0.390398
0.390398
0.390398
0.390398
0.390398
0.390398
0.390398
0.390398
0.390398
0.390398
0.390398
0.390398
0.390405
0.390796
0.390397
0.390397
0.390716
0.288372
0.390847
0.188621
0.34394
0.28357
0.21789
0.143528
0.105157
0.0700972
0.0398654
0.0435561
0.0461685
0.0549016
0.096941
0.110833
0.390398
0.390398
0.390609
0.390397
0.390542
0.390397
0.390721
0.390397
0.390397
0.38257
0.405523
0.390748
0.390598
0.39057
0.0890024
0.390397
0.390397
0.390397
0.390397
0.390397
0.390397
0.418296
0.390397
0.383747
0.390461
0.390397
0.390398
0.390398
0.395636
0.153344
0.390397
0.390397
0.390397
0.0944615
0.390397
0.39042
0.390397
0.390397
0.390397
0.390397
0.390397
0.390397
0.390397
0.390397
0.390397
0.390398
0.390398
0.390398
0.390737
0.390398
0.390559
0.390397
0.390398
0.390398
0.390398
0.390398
0.390398
0.390398
0.390398
0.390398
0.390398
0.390398
0.390398
0.390398
0.390398
0.390398
0.390398
0.390398
0.390398
0.390398
0.390398
0.390595
0.390397
0.164056
0.257297
0.371124
0.38556
0.245738
0.390703
0.390552
0.281727
0.12503
0.110543
0.0594657
0.390398
0.390398
0.390398
0.390398
0.390398
0.390398
0.390398
0.390398
0.390398
0.390398
0.390398
0.390398
0.390398
0.390398
0.390398
0.390397
0.390398
0.390398
0.390397
0.390397
0.390398
0.390398
0.390397
0.390398
0.390398
0.3904
0.390398
0.390398
0.390398
0.390398
0.390398
0.390398
0.390398
0.390398
0.390397
0.390397
0.390397
0.390397
0.390397
0.390397
0.390397
0.390397
0.390397
0.390397
0.390398
0.390397
0.390398
0.390398
0.390398
0.390397
0.390398
0.390397
0.390397
0.390397
0.390397
0.390397
0.390397
0.096285
0.390468
0.390397
0.390397
0.390398
0.390397
0.390397
0.139392
0.390398
0.390651
0.390397
0.390397
0.390397
0.390318
0.213374
0.390397
0.390397
0.390397
0.0809207
0.0580281
0.0913011
0.379819
0.390397
0.390397
0.390397
0.390397
0.390397
0.390397
0.390397
0.390397
0.390397
0.390397
0.390397
0.390397
0.390397
0.390397
0.390397
0.390397
0.390397
0.390397
0.390397
0.390456
0.390416
0.390425
0.390397
0.390397
0.423473
0.310793
0.39445
0.391105
0.404195
0.390397
0.390397
0.390397
0.365252
0.390397
0.390397
0.390397
0.390397
0.390397
0.390397
0.390397
0.390397
0.390397
0.390397
0.390397
0.390397
0.390397
0.390397
0.390397
0.390397
0.390397
0.390397
0.390397
0.390397
0.390397
0.390397
0.390397
0.390397
0.390399
0.390404
0.390397
0.390397
0.390397
0.390397
0.390397
0.390398
0.390398
0.390398
0.390397
0.390397
0.390397
0.390397
0.390397
0.390397
0.390397
0.390397
0.390397
0.390397
0.390397
0.359003
0.264385
0.274065
0.289459
0.390397
0.390397
0.390466
0.390421
0.390397
0.390397
0.087
0.109229
0.390397
0.390397
0.0565619
0.113423
0.390397
0.390397
0.390397
0.390397
0.390397
0.390397
0.390397
0.425808
0.400397
0.412133
0.390474
0.390429
0.390484
0.390433
0.390397
0.0592601
0.386555
0.390398
0.3904
0.390406
0.390398
0.390397
0.390397
0.390397
0.390397
0.390397
0.390397
0.390397
0.390397
0.390397
0.390397
0.160723
0.179596
0.390397
0.390397
0.390398
0.390398
0.390397
0.390412
0.390444
0.390397
0.194188
0.150238
0.389831
0.392323
0.369194
0.388417
0.378997
0.377221
0.368552
0.380217
0.373459
0.250725
0.390397
0.0705818
0.390397
0.390397
0.390397
0.390482
0.390432
0.390398
0.390398
0.390397
0.390398
0.390398
0.390397
0.390397
0.390397
0.390397
0.358897
0.390397
0.390397
0.390397
0.390397
0.390397
0.390397
0.390397
0.390397
0.390397
0.390397
0.390395
0.390397
0.390397
0.390397
0.390397
0.390397
0.390397
0.390397
0.390397
0.390397
0.390397
0.390397
0.390397
0.0866676
0.390397
0.390397
0.390397
0.390397
0.390397
0.390397
0.347567
0.114391
0.390397
0.390397
0.390398
0.390397
0.390398
0.390397
0.390397
0.390397
0.390397
0.390397
0.390397
0.390397
0.390397
0.390397
0.390397
0.390397
0.390397
0.390397
0.390397
0.390397
0.390397
0.390397
0.390397
0.390397
0.390397
0.390397
0.390397
0.390397
0.390397
0.390397
0.390397
0.390397
0.390397
0.390397
0.2721
0.390397
0.390397
0.390397
0.390397
0.390397
0.390397
0.382354
0.390397
0.390397
0.34257
0.390397
0.390397
0.390398
0.390398
0.390397
0.0671623
0.390397
0.390397
0.175291
0.390397
0.390397
0.390397
0.390397
0.390397
0.390397
0.390397
0.390397
0.390397
0.390397
0.397818
0.390397
0.390397
0.390397
0.390397
0.390397
0.390397
0.390397
0.390397
0.0653553
0.0794055
0.390397
0.390397
0.390397
0.390397
0.390397
0.390397
0.390397
0.390397
0.301209
0.390397
0.390397
0.390397
0.390397
0.390397
0.390397
0.390397
0.390397
0.0657074
0.390397
0.390397
0.390397
0.390397
0.390397
0.390397
0.390397
0.390397
0.390397
0.390397
0.39041
0.390397
0.390397
0.390395
0.108723
0.390397
0.390397
0.390397
0.390397
0.194427
0.390397
0.390397
0.390397
0.0875425
0.390397
0.390397
0.396349
0.390397
0.390397
0.390397
0.390397
0.390397
0.390397
0.390397
0.390397
0.390397
0.390397
0.402391
0.397036
0.395725
0.390397
0.390397
0.390397
0.390397
0.215654
0.319809
0.395695
0.392905
0.390411
0.390397
0.390397
0.390397
0.072833
0.390398
0.390432
0.31066
0.390401
0.390409
0.390399
0.390397
0.0616261
0.390397
0.0830509
0.390397
0.390397
0.378924
0.390397
0.390397
0.390397
0.390397
0.390397
0.390397
0.390397
0.390397
0.390398
0.390398
0.390397
0.390397
0.390397
0.388943
0.390359
0.390397
0.390397
0.3904
0.390397
0.390397
0.390402
0.390397
0.390397
0.390397
0.074216
0.390397
0.390397
0.197704
0.383274
0.38182
0.390397
0.390397
0.390397
0.390397
0.390408
0.390397
0.390906
0.390545
0.392683
0.390397
0.390397
0.390397
0.390397
0.395389
0.390402
0.390397
0.390397
0.390397
0.390397
0.390397
0.390397
0.390397
0.390397
0.390397
0.390397
0.390397
0.390397
0.390397
0.390397
0.390397
0.390397
0.390397
0.390397
0.390397
0.390397
0.390397
0.390398
0.390397
0.141269
0.390397
0.390397
0.390397
0.390398
0.390398
0.390401
0.390397
0.390397
0.390397
0.390397
0.390397
0.390402
0.390397
0.390397
0.390397
0.390402
0.390397
0.390397
0.390397
0.390397
0.390397
0.390397
0.400007
0.390397
0.390397
0.390397
0.202739
0.179527
0.285824
0.390397
0.390397
0.390397
0.391517
0.390397
0.390397
0.374277
0.390397
0.390397
0.390397
0.390397
0.390397
0.390397
0.390397
0.390397
0.390397
0.390397
0.390397
0.0730029
0.37082
0.387491
0.139554
0.249234
0.0687393
0.176625
0.390397
0.390397
0.390397
0.390399
0.390397
0.390397
0.390397
0.390397
0.390399
0.390397
0.390397
0.390397
0.390397
0.390397
0.390397
0.390397
0.145054
0.0794441
0.0741402
0.139815
0.390397
0.390398
0.390397
0.390397
0.390397
0.390397
0.390397
0.390397
0.390397
0.390399
0.390397
0.390397
0.390397
0.390397
0.390397
0.390397
0.390397
0.390397
0.390397
0.390397
0.390397
0.0836563
0.138413
0.0797452
0.390397
0.390397
0.390397
0.390397
0.390397
0.390397
0.390397
0.390397
0.193934
0.200912
0.390397
0.390397
0.390397
0.390397
0.390397
0.390397
0.390398
0.390397
0.390397
0.390397
0.390397
0.390397
0.390397
0.390397
0.390397
0.390397
0.390397
0.390397
0.390397
0.3904
0.390407
0.390399
0.390397
0.390397
0.390397
0.390397
0.390397
0.390397
0.390397
0.390397
0.390397
0.390397
0.390397
0.390397
0.390397
0.390397
0.390398
0.390397
0.397446
0.390398
0.399474
0.38625
0.390397
0.390397
0.390447
0.390412
0.390398
0.390397
0.390397
0.390397
0.390397
0.390397
0.390397
0.368855
0.390397
0.390397
0.390397
0.390397
0.390397
0.390397
0.390397
0.390397
0.390397
0.390397
0.390522
0.390398
0.390399
0.390398
0.390398
0.383628
0.392291
0.390397
0.390397
0.390397
0.390397
0.374177
0.390397
0.390398
0.390397
0.390397
0.390397
0.390397
0.390397
0.390397
0.390397
0.391367
0.390397
0.390397
0.390397
0.390397
0.390397
0.390397
0.390397
0.390397
0.390398
0.390397
0.390397
0.390397
0.390397
0.390397
0.390397
0.390397
0.390397
0.390397
0.390397
0.390397
0.392529
0.390397
0.390405
0.390419
0.381526
0.390397
0.395461
0.390397
0.391191
0.391001
0.390397
0.390397
0.390397
0.390398
0.390397
0.390398
0.390397
0.390397
0.390397
0.390398
0.393186
0.382866
0.390397
0.390397
0.390397
0.390397
0.390397
0.390397
0.390397
0.390397
0.390397
0.390723
0.390397
0.392183
0.390397
0.390397
0.390398
0.390397
0.390397
0.390397
0.390397
0.390397
0.387397
0.387663
0.390449
0.390364
0.390464
0.390398
0.390399
0.390397
0.390397
0.390397
0.390398
0.390398
0.350538
0.390397
0.390397
0.390397
0.390397
0.390397
0.390397
0.390397
0.390397
0.390397
0.390397
0.390397
0.390397
0.390397
0.390397
0.390397
0.390397
0.390397
0.390397
0.390397
0.390627
0.390397
0.390397
0.390397
0.390397
0.390397
0.390397
0.390397
0.390397
0.390397
0.390397
0.390397
0.390397
0.390397
0.390397
0.390397
0.390397
0.390397
0.390397
0.390397
0.390397
0.390397
0.390397
0.390397
0.22853
0.390397
0.390397
0.390397
0.390397
0.390397
0.390397
0.390397
0.390397
0.390397
0.390397
0.390397
0.390609
0.390397
0.390826
0.390397
0.390397
0.390397
0.390397
0.382566
0.390397
0.40006
0.404907
0.390397
0.390397
0.390397
0.390397
0.390398
0.390397
0.390397
0.390397
0.390397
0.390598
0.390397
0.390708
0.391108
0.39177
0.391188
0.390398
0.0911148
0.390456
0.166993
0.14488
0.301416
0.394844
0.390397
0.0980566
0.390413
0.390506
0.390446
0.390488
0.390397
0.390397
0.390397
0.390397
0.390397
0.390397
0.141262
0.130549
0.390398
0.390401
0.390397
0.390398
0.390397
0.390397
0.390018
0.390397
0.390397
0.390397
0.390397
0.390397
0.390397
0.390397
0.390471
0.250016
0.390397
0.393368
0.201251
0.390397
0.287255
0.390397
0.403809
0.42062
0.390397
0.390398
0.390397
0.390397
0.390397
0.206129
0.395778
0.390397
0.390398
0.390397
0.390795
0.39113
0.390401
0.390409
0.390503
0.391185
0.390397
0.390397
0.391582
0.390397
0.390406
0.390397
0.39042
0.390406
0.390424
0.390704
0.390397
0.390398
0.390398
0.390398
0.392689
0.390822
0.390398
0.390398
0.390397
0.374573
0.342129
0.39041
0.390782
0.390399
0.421897
0.390397
0.390397
0.390397
0.390452
0.391235
0.39061
0.390397
0.390397
0.393844
0.391051
0.394282
0.391105
0.3904
0.390397
0.390397
0.390397
0.390398
0.390398
0.390398
0.390397
0.390397
0.390397
0.390398
0.390398
0.390398
0.390398
0.390413
0.390398
0.390859
0.391185
0.394763
0.390441
0.390397
0.390397
0.390397
0.390499
0.390397
0.390408
0.390397
0.390397
0.390397
0.390397
0.390397
0.390397
0.390397
0.390398
0.390449
0.390397
0.390397
0.390447
0.390399
0.390398
0.390399
0.390404
0.390398
0.390727
0.390574
0.390408
0.390397
0.390505
0.391498
0.390401
0.390404
0.390397
0.390398
0.390397
0.390398
0.390397
0.390398
0.390398
0.390398
0.390399
0.390399
0.390452
0.390482
0.390727
0.390398
0.390403
0.390558
0.390458
0.390622
0.390399
0.391378
0.390398
0.390397
0.390399
0.390397
0.390405
0.390398
0.390401
0.390426
)
;

boundaryField
{
    bullet
    {
        type            compressible::alphatWallFunction;
        Prt             0.85;
        value           nonuniform List<scalar> 
30
(
0.00272603
0.0036606
0.00389352
0.00358341
0.00304155
0.00220672
0.00168845
0.00209588
0.000821937
0.000808559
0.000230529
0.000833013
0.000110048
0.00135415
0.000882396
0.000378449
0.00200186
0.000374767
0.000101057
0.000189221
0.000569993
0.000614149
0.00134052
0.00164041
0.00127797
0.00226288
0.00328234
0.00400542
0.00430636
0.00255249
)
;
    }
    topWall
    {
        type            calculated;
        value           nonuniform List<scalar> 
50
(
0.391038
0.390633
0.39185
0.39227
0.392015
0.391334
0.391284
0.391616
0.391602
0.391785
0.392015
0.392364
0.391956
0.392125
0.392728
0.392596
0.391735
0.391552
0.392015
0.392273
0.392249
0.392015
0.392015
0.392015
0.392015
0.391249
0.391092
0.391082
0.39119
0.391889
0.392113
0.391384
0.39115
0.391045
0.390916
0.390829
0.390754
0.390684
0.390634
0.390542
0.39046
0.390456
0.390485
0.392015
0.392015
0.392015
0.392015
0.392015
0.392015
0.392015
)
;
    }
    bottomWall
    {
        type            calculated;
        value           nonuniform List<scalar> 
50
(
0.390579
0.390771
0.39115
0.391768
0.392042
0.391723
0.391675
0.39152
0.391365
0.391269
0.391137
0.390979
0.390831
0.390718
0.390579
0.390473
0.390452
0.390474
0.390497
0.392015
0.392015
0.392015
0.392015
0.392015
0.392015
0.391061
0.391197
0.392015
0.392015
0.392015
0.392176
0.392579
0.392015
0.392015
0.392015
0.392015
0.392015
0.39191
0.391988
0.392015
0.391953
0.392015
0.392015
0.39263
0.391989
0.392015
0.390672
0.390491
0.390504
0.390577
)
;
    }
    inlet
    {
        type            calculated;
        value           uniform 0.392015;
    }
    outlet
    {
        type            calculated;
        value           nonuniform List<scalar> 
30
(
0.390398
0.390398
0.390398
0.390398
0.390398
0.390398
0.390397
0.390397
0.390397
0.390438
0.392601
0.39334
0.393736
0.39386
0.393793
0.392603
0.393347
0.393755
0.393894
0.393838
0.390439
0.390398
0.390398
0.390398
0.390398
0.390398
0.390398
0.390398
0.390397
0.390398
)
;
    }
    defaultFaces
    {
        type            empty;
    }
}


// ************************************************************************* //
