/*--------------------------------*- C++ -*----------------------------------*\
  =========                 |
  \\      /  F ield         | OpenFOAM: The Open Source CFD Toolbox
   \\    /   O peration     | Website:  https://openfoam.org
    \\  /    A nd           | Version:  6
     \\/     M anipulation  |
\*---------------------------------------------------------------------------*/
FoamFile
{
    version     2.0;
    format      ascii;
    class       volScalarField;
    location    "0.0002";
    object      epsilon;
}
// * * * * * * * * * * * * * * * * * * * * * * * * * * * * * * * * * * * * * //

dimensions      [0 2 -3 0 0 0 0];

internalField   nonuniform List<scalar> 
3704
(
251780
250169
261013
261685
261433
258102
260266
261871
262036
262067
262071
260967
252698
256777
260228
256966
259209
261211
255067
248736
250726
241726
241046
241097
241342
241315
242321
244486
248442
251631
252025
249572
247979
246564
245622
244622
243564
242642
242033
241444
241032
240930
241011
241106
254460
259279
260606
261187
261555
261818
251788
249123
254031
255117
255269
254596
255120
255845
256078
256151
256164
255217
251392
254041
254820
254337
254831
254297
250792
246882
244164
241582
241035
241090
241330
241303
242239
244155
246945
249662
250831
248850
247522
246265
245415
244482
243473
242587
242000
241427
241026
240926
241007
241098
244684
249804
252353
253746
254718
255446
251807
247657
249291
250430
250991
250937
251154
251599
251804
251902
251922
251531
249572
250757
251028
251068
251180
249898
247729
245217
242829
241489
241020
241077
241307
241280
242102
243632
245462
247678
249082
247714
246777
245767
245066
244243
243316
242492
241942
241398
241014
240920
240998
241086
241891
244625
246916
248515
249805
250854
251845
246424
246355
247403
248157
248253
248465
248788
248972
249085
249109
249004
247906
248225
248360
248463
248521
247374
245932
244174
242412
241420
241002
241060
241279
241252
241952
243109
244450
246247
247443
246577
245992
245224
244674
243967
243132
242378
241870
241361
241000
240911
240986
241070
241245
242332
243865
245279
246632
247844
251913
245738
244887
245809
246600
246738
246950
247225
247400
247517
247541
247533
246800
246771
246857
246943
247005
246106
245010
243623
242216
241366
240985
241042
241248
241221
241831
242744
243868
245386
246353
245769
245392
244783
244335
243716
242958
242266
241798
241323
240985
240902
240973
241052
241107
241528
242522
243701
244988
246240
6.24544e+08
5.16105e+08
3.63714e+07
1.50327e+07
1.24432e+07
1.81796e+07
2.29787e+07
3.11623e+07
4.09401e+07
5.32886e+07
8.42801e+07
1.50744e+08
2.90148e+08
3.61137e+08
1.1488e+08
1.38284e+08
3.01609e+08
5.33497e+07
8.58048e+07
6.45116e+07
2.57135e+07
1.42857e+07
1.96795e+07
2.1773e+07
2.85708e+07
4.52055e+07
7.63363e+07
1.28097e+08
1.37069e+08
7.07928e+07
1.38686e+08
2.49337e+08
6.17161e+07
3.5781e+07
2.43093e+07
2.07403e+07
1.66318e+07
1.554e+07
1.84779e+07
2.6952e+07
4.39635e+07
7.87822e+07
1.42517e+08
1.35445e+08
1.01874e+08
1.93061e+08
2.46517e+08
9.94571e+07
3.25205e+07
3.25427e+07
1.79519e+07
1.61379e+07
1.51391e+07
1.99804e+07
3.03243e+07
4.87754e+07
8.91781e+07
1.56204e+08
1.5313e+08
1.52743e+08
2.54797e+08
2.1225e+08
7.32563e+07
2.84267e+07
2.54899e+07
1.77687e+07
1.59556e+07
1.62627e+07
2.33097e+07
3.45461e+07
5.54359e+07
1.00906e+08
1.57406e+08
1.70932e+08
2.17842e+08
8.83683e+07
1.6126e+08
1.78058e+08
1.4258e+08
1.06382e+08
9.31614e+07
6.6545e+07
5.75438e+07
4.28463e+07
2.85207e+07
4.22976e+07
5.52371e+07
6.2449e+07
2.41221e+08
4.2907e+08
6.02166e+07
6.96511e+07
7.354e+07
5.98785e+07
4.63919e+07
3.6242e+07
3.01727e+07
3.23111e+07
2.35213e+07
4.26295e+07
1.42241e+08
5.22359e+07
4.00922e+07
1.30003e+08
1.45158e+08
8.42313e+07
6.88882e+07
7.4996e+07
5.64206e+07
4.14393e+07
3.2006e+07
2.54247e+07
2.35955e+07
2.37751e+07
2.56831e+07
3.4191e+07
5.52594e+07
5.32088e+07
1.09677e+08
1.46698e+08
1.35234e+08
7.90164e+07
8.38882e+07
5.94855e+07
4.29086e+07
3.16534e+07
2.56469e+07
2.17767e+07
2.14226e+07
2.41092e+07
3.08944e+07
4.45972e+07
6.08278e+07
1.48881e+08
1.54301e+08
2.02114e+08
9.17491e+07
8.8348e+07
6.14761e+07
4.50187e+07
3.30102e+07
2.75447e+07
2.29464e+07
2.16712e+07
2.44999e+07
2.82451e+07
3.68851e+07
4.47985e+07
1.89482e+08
1.68212e+08
261871
261673
261406
261030
260374
258851
253036
241060
240945
240944
241207
241540
241789
242124
242491
242931
243917
245398
250003
254450
251338
244988
243637
243872
245261
258690
261644
261645
259458
255737
259551
261205
251643
250747
257826
259128
258784
255429
258595
261732
255620
252826
249230
244726
245260
251875
256015
253445
244648
251730
255596
255041
254316
253351
251832
249096
243724
241053
240941
240940
241197
241521
241761
242083
242433
242835
243721
244959
248803
251591
249341
244778
243528
243750
244766
250633
255017
255242
253128
252829
254556
254442
250310
249602
252222
253452
255234
253440
254623
255557
252931
250871
248018
244536
244957
246140
251838
250309
244639
251740
251072
250257
249249
248029
246379
244103
241571
241043
240934
240932
241179
241487
241712
242011
242332
242674
243400
244270
247054
248603
247083
244427
243343
243550
244248
246994
250338
250765
249624
249781
250102
249761
248335
248086
248375
249614
251465
250785
250911
251147
249529
248191
246422
244220
244554
244665
248179
247116
244621
251761
248097
247135
246024
244816
243456
242070
241168
241029
240926
240923
241156
241446
241653
241926
242215
242494
243061
243589
245437
246390
245459
244043
243131
243326
243807
245210
247361
247864
247331
247468
247192
246773
246518
246720
246359
247280
248723
248529
248308
248248
246844
245926
245044
243872
244141
243838
245589
244971
244592
251801
246501
245487
244395
243291
242227
241412
241091
241013
240916
240913
241131
241402
241593
241844
242105
242340
242800
243123
244416
245138
244576
243726
242941
243125
243490
244332
245812
246309
246022
246127
245679
245222
245369
245810
245375
246019
247173
247137
246851
246673
245340
244607
244188
243578
243808
243347
244223
243895
244544
251869
256898
258043
257772
258023
257717
256787
244600
240847
240800
240804
240810
240812
240805
240802
240797
240780
240761
240759
240762
240770
240791
240794
240792
240787
240772
240762
240757
240760
240761
240768
240784
240755
240755
240755
240755
240755
240755
240755
240755
240755
240755
240755
240755
240755
240755
240755
240755
240755
240755
240755
240755
240755
240755
240630
215946
268143
1.42512e+06
1.25086e+07
1.02903e+08
3.00485e+08
1.03608e+08
240758
3.2109e+07
2.25781e+07
2.25877e+07
1.93657e+07
1.73339e+07
2.01032e+07
3.04151e+07
4.48697e+07
5.87775e+07
1.102e+08
1.38655e+08
1.85409e+08
3.6983e+08
6.03307e+07
247170
240768
240755
240755
240755
240756
240837
244674
248731
240755
240755
2.43648e+08
251126
257587
250936
257930
251180
251360
257957
258035
241349
240804
240801
240807
240810
240808
240804
240802
240789
240770
240758
240763
240765
240779
240797
240795
240791
240779
240768
240758
240759
240761
240763
240772
240781
240755
240755
240755
240773
240755
240755
240755
5.70687e+07
240755
240755
240755
240755
240755
240755
240755
240755
240755
240755
240755
240755
240755
240755
240755
240755
240732
237930
229736
450796
4.54962e+06
3.98631e+07
2.25181e+07
2.74244e+07
1.04484e+08
2.24809e+07
1.9072e+07
1.71614e+07
1.78495e+07
2.6041e+07
3.62961e+07
5.79917e+07
1.15656e+08
1.42714e+08
1.12728e+08
857214
240963
240756
240755
240755
240755
240755
240755
240763
241385
248784
251160
251379
251215
240784
240771
240773
240776
240777
240775
240772
240770
240765
240757
240758
240758
240760
240768
240769
240769
240769
240763
240758
240756
240758
240758
240758
240755
240755
240755
240755
240755
240755
240755
240755
240755
240755
240755
240755
240755
240755
240755
240755
240755
240755
240752
240425
239786
296031
2.15449e+06
1.20827e+07
240765
7.58737e+06
241642
240758
240755
240755
240755
240758
240988
240776
240776
240774
240772
240767
240761
240756
240759
240759
240763
240770
240770
240771
240765
240761
240756
240757
240758
240758
240755
240755
240755
240755
240755
240755
240755
240755
240755
240755
240755
240755
240755
240755
240755
240730
219238
236398
712631
5.58894e+06
2.97834e+07
240950
240775
242299
240755
240755
240755
240755
242398
240782
240755
240798
294861
240755
246169
245978
248294
246628
240768
240755
240760
240755
240755
240755
240755
240755
240755
240755
240755
240755
240755
240755
240755
240755
240755
240755
240755
240755
240755
240755
240755
240755
240755
240755
240755
240755
240755
240755
240755
240755
240755
240755
240755
240755
240755
240755
240756
240758
240755
3.98206e+06
242232
240755
240755
240755
240755
240755
240755
240755
240755
240755
240755
240755
240755
240755
240755
240755
240755
240755
240747
219538
244928
538294
1.41784e+06
1.27851e+07
7.43065e+07
240916
240802
1.51916e+07
1.97438e+07
3.4633e+06
1.64493e+07
1.67088e+07
1.45939e+07
240755
241548
240755
240758
240756
260138
244168
240755
240755
240755
240755
240757
240800
240766
240949
240755
240756
240755
240755
240776
240823
248499
1.66666e+07
1.79628e+07
2.3025e+07
2.76296e+07
3.12826e+07
4.22766e+07
7.16107e+06
7.11058e+06
3.00078e+06
2.68742e+06
240755
240755
246406
243573
243299
240755
240755
244252
240755
240755
3.77256e+07
2.47532e+07
1.90602e+07
244358
240755
240755
246556
243622
429866
240755
240755
240755
240755
240755
240755
240755
240762
242179
240755
240755
240755
240755
240755
240755
240755
240755
240755
240755
240755
240755
240755
240755
240755
240755
240755
240755
240755
1.2688e+07
240755
240755
240755
240755
240755
240755
240755
240755
240755
241326
240755
240755
240755
240755
240755
240755
240755
240755
240755
240755
240755
240755
240755
240755
240755
240755
240754
240386
238628
277302
721764
5.76636e+06
240755
240755
1.45607e+07
245933
241264
240932
240755
240755
246397
243401
243537
240755
240755
240755
240755
243212
240755
1.90999e+07
1.58604e+07
2.79248e+07
2.86195e+07
3.50428e+07
6.99143e+06
4.80146e+07
240755
340312
230040
236777
240755
3.8011e+07
240755
240755
2.27679e+06
257144
228907
240724
240755
240755
240755
240755
240755
240755
240755
240755
240755
240755
240755
240755
240755
240755
240755
240755
240755
240755
240755
240755
240755
240755
240755
240755
240755
240755
240755
240755
240755
240755
240755
240755
240755
240755
240755
240755
240755
240755
240755
240755
240755
240755
240755
240755
240754
8.08811e+06
240755
240755
240755
240755
240755
240755
241070
241787
240755
240755
240755
240755
240755
240755
240755
240755
240755
240755
240755
240755
240755
240755
240755
240755
240755
9.6595e+06
240755
240755
240755
240755
240755
240755
240755
240755
240755
240755
1.79318e+06
240755
334592
240755
240755
1.58712e+07
240755
240755
240755
240755
240755
240755
240755
240755
240755
240755
240755
240755
240755
240755
240755
240755
240755
240755
240755
240755
240755
240755
240755
240755
240755
240755
240755
240755
240755
240755
240755
240755
240755
240755
240755
240755
6.29392e+06
240755
240755
240755
240755
240742
239811
229802
240755
240755
240784
240755
240755
240758
1.21931e+07
240755
240755
241081
241850
240861
242862
240755
1.11229e+07
240755
240755
240755
240755
240755
240755
240755
240755
240788
240766
240867
292887
419708
247185
240755
1.49989e+07
9.9446e+06
655361
240755
240755
240755
240755
240755
240755
240755
240755
240755
240755
240755
1.59702e+06
1.6345e+07
1.2535e+07
1.45696e+06
240755
240755
240756
240764
240756
240755
240755
245780
241743
252765
240755
240755
2.78182e+06
4.25108e+06
242013
1.01778e+06
240755
240755
241893
522461
240755
240755
242032
241263
241229
240755
240755
240755
240755
240755
240755
240755
240755
240755
240780
240755
8.80511e+06
240755
240755
240755
240754
240755
240755
240755
240755
240755
240755
240755
240755
240755
240755
240755
240755
240755
240755
240755
240755
240755
240755
240755
240755
240755
240755
240755
6.96802e+06
240755
240656
227680
228279
240755
675423
240762
240757
1.27781e+06
1.09468e+07
9.4451e+06
240755
240755
240755
1.38428e+07
1.37041e+07
1.14904e+07
1.01023e+07
240892
241115
1.20851e+07
240755
507343
336747
332009
240757
240755
240755
240755
240755
240755
235655
240755
240755
240755
454237
240755
240755
240755
240755
240755
240755
240755
240755
240755
240755
287984
240755
240755
240755
240755
240755
240755
240755
240755
241173
240757
240755
240755
240755
240755
240755
240755
240755
240755
240755
240755
240755
240755
240777
240760
240755
240755
240755
240755
240755
240755
240755
240755
240755
582583
240755
240754
240755
240755
235286
240755
240755
240755
240755
240755
240755
240755
240755
240755
240755
240755
240755
6.65958e+06
240755
240755
240519
240743
237950
240755
240755
240755
240755
240755
240755
7.31163e+06
240755
240755
240755
240755
240755
240755
240755
240755
240755
240755
240755
240755
240755
240755
240755
6.52157e+06
240755
240755
240755
240755
241958
241212
241240
240755
240755
240755
240755
240755
240755
240755
240755
240755
240755
240755
5.54547e+06
240755
240755
240755
240755
240755
240755
240755
240755
240755
240755
3.58841e+06
240755
240755
240755
240755
241053
240828
240755
240755
240755
240755
240755
240755
2.00932e+06
240755
240759
240756
240755
843403
240755
240755
240755
240755
240755
240755
235329
240755
240755
258934
240755
240755
240755
240755
240755
240755
240755
240755
240938
4.21409e+06
240755
240755
6.07963e+06
240755
240755
241678
240755
240755
240755
240755
262598
5.61179e+06
9.64105e+06
240755
240755
240755
240755
240755
240755
240755
252120
262161
240755
4.67276e+06
315632
240755
236430
240755
240755
240759
240755
6.9369e+06
240755
240755
240925
240812
240755
240755
240755
240755
240755
240755
240799
240769
240904
240755
240755
240756
240755
1.04689e+06
240755
240755
240755
240755
240755
1.98103e+06
245507
228776
303693
240755
240755
240755
240755
240755
240755
240755
238647
240755
246664
240755
236158
240755
240755
240917
240806
240809
240756
240755
240755
240755
240755
240755
240755
240755
328618
242730
241394
240755
240755
240755
240755
240755
240755
240755
240755
1.24943e+06
240755
240755
240755
3.87737e+06
240755
240755
240755
240755
240755
240755
240755
245386
240755
240755
239470
240755
3.38443e+06
240755
240755
240755
240755
240755
240755
240755
240755
240755
240755
240755
240755
240755
240755
237366
7.64238e+06
4.98773e+06
8.04763e+06
240755
240755
240755
240755
240755
240755
240755
240755
240755
240755
3.74169e+06
243096
241792
240755
243287
240755
240755
240755
240755
2.50934e+06
240755
240755
240755
240755
240755
240755
240755
240755
240755
240755
240755
240755
240755
240755
240755
240755
240755
240755
240755
240810
240755
240755
240755
240755
240755
240756
240755
240755
240755
240755
240755
240755
240755
240755
240755
240755
240755
292430
240771
240755
240755
240759
240755
240755
240755
240755
240755
240755
240755
240755
240755
240755
240755
240755
240755
240755
240755
246252
240755
240755
240755
240755
240948
240755
240755
240755
242017
240755
240755
240915
240812
240755
240755
240755
240755
1.81289e+06
240755
240820
240755
240755
240755
240755
240755
240755
240755
240755
239617
240755
240755
240755
459179
240755
240677
240651
251301
311872
240755
240755
240755
240755
1.85455e+06
2.92827e+06
242958
240755
240755
237661
234867
240755
6.25164e+06
240755
240755
240755
240755
240755
240755
240755
240755
240754
4.61246e+06
240775
319217
240755
240755
240755
240755
240759
240756
240771
240760
240771
240756
2.48631e+06
2.92629e+06
240755
240755
240755
240755
240755
240755
240755
240755
240755
241822
240755
240755
240755
240755
240755
240767
240755
240755
240755
240755
240755
240755
254227
240755
240755
240755
241017
240869
240755
240755
240755
240755
240755
240755
240755
240755
240755
240755
240755
240755
504301
240755
240755
240755
240755
240755
240755
240755
240755
240755
240755
240755
240755
240755
240755
241062
240907
240755
240755
240755
240755
240755
240755
934677
240755
240755
240755
240755
240755
240755
240755
240755
1.46704e+06
706280
240755
240755
240755
240755
240755
240755
240755
240755
240755
240755
267050
241146
240755
240691
240755
240755
240755
240755
240755
240755
240755
240755
241687
1.96168e+06
240755
240755
240755
240755
240755
240755
240766
240755
244860
242046
240755
275649
240689
239879
240725
240743
240755
240755
240750
240755
240755
240755
240755
240755
240755
240947
240755
240755
240755
240755
240755
240755
240755
240755
961163
962839
240771
240759
240759
241192
240755
240755
240755
237854
262568
240757
240782
240756
240757
240755
240756
240755
240768
240771
240799
663250
240755
240796
240774
240776
683339
257655
240755
240755
391171
258697
327385
240813
240756
240758
271246
273870
240755
240755
240755
239942
240756
240755
240755
240755
240755
240755
240755
240755
243945
242959
240755
240941
240823
240755
240755
240760
240755
240755
240755
240755
240755
240789
240793
240755
240778
240773
251989
240755
240755
240755
240755
240947
241137
240755
240760
240766
240755
240755
240762
240757
240761
240756
240755
245946
246783
240755
240755
240755
240755
240763
240755
241130
240906
240755
240768
241073
240755
240755
240755
242685
241683
240755
240817
240755
240755
240758
240897
240991
241068
240949
240757
240755
240755
240755
240755
240755
240755
240764
240755
240779
240769
240756
240756
240765
240755
240757
240756
240756
240755
240756
240789
240755
240871
240761
240759
240756
240755
240769
240781
240755
240755
240757
240756
256772
257612
257755
258457
257655
256898
244674
240838
240756
240755
240755
240755
240767
247685
6.19661e+07
3.81684e+08
9.31694e+07
9.11313e+07
6.35941e+07
4.29053e+07
3.39527e+07
3.14205e+07
2.77288e+07
2.43587e+07
2.48603e+07
2.14873e+07
2.3779e+07
2.75769e+07
2.85374e+07
5.53644e+08
5.26612e+07
3.16518e+08
4.16369e+07
1.30312e+07
1.59122e+06
297961
237554
238592
240754
240755
240755
240755
240755
240755
240755
240755
240755
240755
240755
240755
240755
240755
240755
240755
240755
240755
240755
240755
240755
240783
240783
240767
240761
240759
240757
240764
240768
240771
240771
240781
240783
240782
240786
240792
240792
240781
240796
240800
240808
240802
240779
240786
240785
241111
250264
248784
3.83222e+08
240755
240763
250627
257305
250725
258380
257948
251689
251109
258072
242411
241390
2.19116e+07
240992
240764
240755
240755
240755
240756
240947
838602
240758
9.96211e+07
7.12267e+07
4.81147e+07
3.59814e+07
3.12903e+07
2.9016e+07
2.4865e+07
2.36047e+07
2.19814e+07
2.1196e+07
2.18584e+07
2.34898e+07
6.67057e+07
2.44971e+07
5.73949e+06
528250
228573
236615
240069
240755
240755
240755
240755
240755
240755
240755
240755
240755
240755
240755
240755
240755
240755
240755
240755
240755
240755
240755
240755
251490
240755
240760
240772
240759
240763
240760
240757
240760
240765
240771
240773
240774
240785
240778
240785
240789
240792
240786
240787
240796
240807
240807
240787
240780
240791
240808
243182
5.47314e+06
240755
251196
240783
240755
240755
240755
240755
240802
303786
1.57219e+08
2.91001e+07
804205
231548
236499
238654
240755
240755
240755
240755
240755
240755
240755
240755
240755
240755
240755
240755
240755
240755
240755
240755
240755
240755
240759
240758
240757
240757
240760
240762
240762
240760
240765
240765
240768
240768
240768
240765
240766
240771
240775
240776
240768
240764
240771
240773
241746
240755
240755
240755
240755
240755
240755
240755
240755
240755
240755
240755
240755
240756
240759
240761
240762
240760
240762
240766
240766
240768
240767
240768
240763
240770
240773
240775
240774
240763
240768
240769
240868
252011
241641
240755
240755
240758
240755
240755
240755
240755
240755
240755
240723
238038
236083
369725
3.22283e+06
1.82429e+07
5.16816e+07
8.93903e+06
240755
240758
240758
245980
241621
240777
240755
242254
2.98431e+06
240755
240755
240757
240763
240756
240755
240755
240755
240755
240755
240807
240913
1.44013e+07
261221
240755
240755
240755
2.33916e+07
240755
240758
240756
240765
240956
241353
240826
7.82326e+06
240755
1.29835e+06
272690
2.05577e+07
4.99877e+06
2.35372e+06
244910
515794
646713
325991
237391
234915
244496
239726
240568
231072
237010
231695
240755
235963
238761
240755
240755
240746
240755
240755
240755
240755
240755
240755
240755
240755
240755
240755
240755
240755
240755
240755
240755
240755
240755
240755
240755
240755
240755
240755
240755
240755
240755
240755
240755
240755
240755
240755
240755
240755
240755
240755
240755
240755
240755
240755
245527
243015
240755
240755
240755
240755
240755
240755
240755
240755
240755
240755
240755
240755
240755
240755
240755
240755
240755
240755
240755
240755
240755
240755
240856
247507
240755
240755
246263
2.74549e+06
248504
1.4185e+07
1.73749e+07
2.56975e+07
2.19197e+07
1.86804e+07
1.77043e+07
1.73502e+07
1.78386e+07
2.1297e+07
1.71454e+07
2.07665e+07
9.28866e+06
5.84738e+06
240755
240755
244383
240755
243128
240755
246316
240755
240755
1.0075e+06
872402
246738
244014
243572
1.16941e+07
240755
240755
240755
240755
240755
240755
393111
240755
237942
241747
240755
240755
240755
244155
3.95689e+06
240755
240755
240755
1.94548e+07
240755
241084
240755
240755
240755
240755
240755
240755
240755
240755
240755
240755
240755
240755
246565
240755
243409
240755
240755
240755
240755
240755
240755
240755
240755
240755
240755
240755
240755
240755
240755
240755
240755
240755
240755
240755
240762
243966
240755
1.867e+07
2.48169e+07
1.87495e+07
2.27486e+07
6.92391e+06
246002
243288
2.80099e+07
1.6635e+07
1.77289e+07
1.51356e+07
240755
240757
240755
240755
240755
240755
240755
240755
240755
240755
240755
240755
240755
240755
240755
240755
240755
240755
240755
240755
240755
240755
240755
240755
240755
240784
240755
240755
240755
240755
240755
240755
240755
240755
240755
240755
240755
240755
240755
240755
240755
240755
240755
240755
240755
240755
240755
240755
240755
240755
240755
240755
240755
240755
240755
240755
240755
9.65389e+06
241881
240755
240755
240755
240755
240755
1.8086e+06
240755
240898
240755
240755
240755
240702
1.46969e+07
240755
240755
240755
1.44831e+07
1.32501e+07
1.13367e+07
235976
240755
240755
240755
240755
240755
240755
240755
240755
240755
240755
240755
240755
240755
240755
240755
240755
240755
240755
240755
241680
241031
241154
240755
240755
329945
1.32543e+07
243378
241308
252054
240755
240755
240755
344804
240755
240755
240755
240755
240755
240755
240755
240755
240755
240755
240755
240755
240755
240755
240755
240755
240755
240755
240755
240755
240755
240755
240755
240755
240780
240848
240755
240755
240755
240755
240755
240757
240755
240762
240755
240755
240755
240755
240755
240755
240755
240755
240755
240755
240755
762109
1.46192e+06
1.53646e+06
1.58679e+07
240755
240755
241839
241093
240755
240755
3.91173e+06
2.52705e+06
240755
240755
1.11945e+07
1.41861e+07
240755
240755
240755
240755
240755
240755
240755
287656
249181
267824
241974
241208
242108
241273
240755
1.0861e+07
320037
240759
240790
240877
240767
240755
240755
240755
240755
240755
240755
240755
240755
240755
240755
944442
501779
240755
240755
240755
240756
240755
240764
240789
240755
1.37592e+07
1.31786e+07
240387
242802
249361
244619
235877
235106
231654
237021
233377
1.44513e+07
240755
4.86053e+06
240755
240755
240755
242077
241250
240755
240755
240755
240755
240756
240755
240755
240755
240755
1.16988e+07
240755
240755
240755
240755
240755
240755
240755
240755
240755
240755
240753
240755
240755
240755
240755
240755
240755
240755
240755
240755
240755
240755
240755
1.22239e+07
240755
240755
240755
240755
240755
240755
560943
1.16771e+07
240755
240755
240755
240755
240755
240755
240755
240755
240755
240755
240755
240755
240755
240755
240755
240755
240755
240755
240755
240755
240755
240755
240755
240755
240755
240755
240755
240755
240755
240755
240755
240755
240755
240755
293527
240755
240755
240755
240755
240755
240755
240908
240755
240755
259679
240755
240755
240756
240755
240755
4.18531e+06
240755
240755
8.65374e+06
240755
240755
240755
240755
240755
240755
240755
240755
240755
240755
257570
240755
240755
240755
240755
240755
240755
240755
240755
8.10668e+06
8.83281e+06
240755
240755
240755
240755
240755
240755
240755
240755
696569
240755
240755
240755
240755
240755
240755
240755
240755
6.94812e+06
240755
240755
240755
240755
240755
240755
240755
240755
240755
240755
240922
240755
240755
240751
8.09992e+06
240755
240755
240755
240755
6.27705e+06
240755
240755
240755
1.57703e+06
240755
240755
247145
240755
240755
240755
240755
240755
240755
240755
240755
240755
240755
327867
255020
337720
240755
240755
240755
240755
350498
258638
244406
243060
240934
240755
240755
240755
2.01965e+06
240760
240783
676632
240804
240919
240771
240755
6.59517e+06
240755
6.68452e+06
240755
240755
245018
240755
240755
240755
240755
240755
240755
240755
240755
240755
240756
240755
240755
240755
239974
240717
240755
240755
240757
240755
240755
240757
240755
240755
240755
5.79361e+06
240755
240755
5.02675e+06
238286
237807
240755
240755
240755
240755
240896
240755
241210
240831
242008
240755
240755
240755
240755
245623
240807
240755
240755
240755
240755
240755
240755
240755
240755
240755
240755
240755
240755
240755
240755
240755
240755
240755
240755
240755
240755
240755
240755
240755
6.88011e+06
240755
240755
240755
240755
240755
240795
240755
240755
240755
240755
240755
240806
240755
240755
240755
240812
240755
240755
240755
240755
240755
240755
276935
240755
240755
240755
440399
763939
315276
240755
240755
240755
241510
240755
240755
243701
240755
240755
240755
240755
240755
240755
240755
240755
240755
240755
240755
4.3506e+06
232202
239216
979894
415164
4.74793e+06
598019
240755
240755
240755
240769
240755
240755
240755
240755
240768
240755
240755
240755
240755
240755
240755
240755
4.36358e+06
1.61367e+06
2.0399e+06
757745
240755
240759
240755
240755
240755
240755
240755
240755
240755
240756
240755
240755
240755
240755
240755
240755
240755
240755
240755
240755
240755
4.15187e+06
3.83742e+06
3.89973e+06
240755
240755
240755
240755
240755
240755
240755
240755
2.56405e+06
2.00126e+06
240755
240755
240755
240755
240755
240755
240758
240755
240755
240755
240755
240755
240755
240755
240755
240755
240755
240755
240755
240757
240760
240769
240755
240755
240755
240755
240755
240755
240755
240755
240755
240755
240755
240755
240755
240755
240756
240755
245489
240756
259261
310446
240755
240755
240777
240762
240759
240755
240755
240755
240755
240755
240755
262535
240755
240755
240755
240755
240755
240755
240755
240755
240755
240755
240823
240755
240772
240759
240760
238802
241855
240755
240755
240755
240755
234056
240755
240755
240755
240755
240755
240755
240755
240755
240755
241449
240755
240755
240755
240755
240755
240755
240755
240755
240755
240755
240755
240755
240755
240755
240755
240755
240755
240755
240755
240755
242301
240755
240759
240769
237154
240755
245069
240755
241127
241065
240755
240755
240755
240755
240755
240756
240755
240755
240755
240755
242137
238533
240755
240755
240755
240755
240755
240755
240755
240755
240755
240975
240755
242279
240755
240755
240756
240755
240755
240755
240755
240755
239311
239204
240758
240694
240782
240755
240756
240755
240755
240755
240755
240756
279135
240755
240755
240755
240755
240755
240755
240755
240755
240755
240755
240755
240755
240755
240755
240755
240755
240755
240755
240755
240883
240755
240755
240755
240755
240755
240755
240755
240755
240755
240755
240755
240755
240755
240755
240755
240755
240755
240755
240755
240755
240755
240755
240755
1.10255e+06
240755
240755
240755
240755
240755
240755
240755
240755
240755
240755
240755
240945
240755
241011
240755
240755
240755
240755
241842
240755
270058
284053
240755
240755
240755
240755
240755
240755
240755
240755
240755
240876
240755
240944
241273
241342
241066
240755
1.95047e+06
240783
626993
847763
327602
242831
240755
2.45865e+06
240767
240822
240782
240820
240755
240755
240755
240755
240755
240755
2.5889e+06
2.14247e+06
240756
240757
240755
240755
240755
240755
240912
240755
240755
240755
240755
240755
240755
240755
240791
871496
240755
242256
838144
240755
578203
240755
257840
263577
240755
240755
240755
240755
240755
620156
244172
240755
240755
240755
240988
241219
240757
240761
240819
241091
240755
240755
241259
240755
240760
240755
240767
240761
240773
240902
240755
240755
240755
240755
241707
240942
240755
240755
240755
277487
319042
240763
242778
240756
259020
240755
240755
240755
240780
241204
240865
240755
240755
242610
241270
242651
241057
240756
240755
240755
240755
240755
240755
240755
240755
240755
240755
240755
240755
240755
240755
240765
240755
241011
241209
243738
240775
240755
240755
240755
240819
240755
240760
240755
240755
240755
240755
240755
240755
240755
240755
240784
240755
240755
240782
240756
240755
240756
240758
240755
240964
240874
240762
240755
240814
241613
240757
240759
240755
240755
240755
240755
240755
240755
240755
240755
240756
240756
240784
240797
240960
240755
240758
240844
240790
240864
240756
241544
240755
240755
240756
240755
240759
240755
240757
240773
)
;

boundaryField
{
    bullet
    {
        Cmu             0.09;
        kappa           0.41;
        E               9.8;
        type            epsilonWallFunction;
        value           nonuniform List<scalar> 
30
(
8.83683e+07
1.6126e+08
1.78058e+08
1.4258e+08
1.06382e+08
9.31614e+07
6.6545e+07
5.75438e+07
4.28463e+07
2.85207e+07
4.22976e+07
5.52371e+07
6.2449e+07
2.41221e+08
4.2907e+08
6.24544e+08
5.16105e+08
3.63714e+07
1.50327e+07
1.24432e+07
1.81796e+07
2.29787e+07
3.11623e+07
4.09401e+07
5.32886e+07
8.42801e+07
1.50744e+08
2.90148e+08
3.61137e+08
1.1488e+08
)
;
    }
    topWall
    {
        type            inletOutlet;
        inletValue      uniform 266000;
        value           nonuniform List<scalar> 
50
(
251730
244648
253445
256015
266000
245260
244726
249230
252826
255620
266000
258595
255429
258784
259128
257826
250747
251643
266000
259551
255737
266000
266000
266000
266000
245261
243872
243637
244988
251338
254450
250003
245398
243917
242931
242491
242124
241789
241540
241207
240944
240945
241060
266000
266000
266000
266000
266000
266000
266000
)
;
    }
    bottomWall
    {
        type            inletOutlet;
        inletValue      uniform 266000;
        value           nonuniform List<scalar> 
50
(
241315
242321
244486
248442
251631
252025
249572
247979
246564
245622
244622
243564
242642
242033
241444
241032
240930
241011
241106
266000
266000
266000
266000
266000
266000
251780
250169
266000
266000
266000
258102
260266
266000
266000
266000
266000
266000
252698
256777
266000
256966
266000
266000
255067
248736
266000
241726
241046
241097
241342
)
;
    }
    inlet
    {
        type            fixedValue;
        value           uniform 266000;
    }
    outlet
    {
        type            inletOutlet;
        inletValue      uniform 266000;
        value           nonuniform List<scalar> 
30
(
240755
240755
240755
240755
240755
240755
240755
240755
240755
240783
261818
255446
250854
247844
246240
261871
255596
251072
248097
246501
240784
240755
240755
240755
240755
240755
240755
240755
240755
240755
)
;
    }
    defaultFaces
    {
        type            empty;
    }
}


// ************************************************************************* //
