/*--------------------------------*- C++ -*----------------------------------*\
  =========                 |
  \\      /  F ield         | OpenFOAM: The Open Source CFD Toolbox
   \\    /   O peration     | Website:  https://openfoam.org
    \\  /    A nd           | Version:  6
     \\/     M anipulation  |
\*---------------------------------------------------------------------------*/
FoamFile
{
    version     2.0;
    format      ascii;
    class       volScalarField;
    location    "0.0002";
    object      k;
}
// * * * * * * * * * * * * * * * * * * * * * * * * * * * * * * * * * * * * * //

dimensions      [0 2 -2 0 0 0 0];

internalField   nonuniform List<scalar> 
3704
(
971.719
968.773
991.344
992.6
992.256
985.243
989.875
993.011
993.274
993.327
993.335
991.53
974.545
982.477
990.027
982.794
987.799
991.866
980.001
966.972
972.498
951.647
950.086
950.202
950.774
950.724
952.939
957.649
966.127
972.649
973.015
968.208
964.921
961.975
960.016
957.899
955.632
953.641
952.306
950.978
950.038
949.811
949.998
950.211
979.995
988.363
990.62
991.647
992.337
992.849
971.739
967.124
978.713
980.955
981.258
979.555
980.899
982.408
982.849
982.982
983.005
981.051
972.569
978.247
980.164
978.765
980.084
979.559
972.276
963.675
957.974
951.361
950.069
950.19
950.754
950.704
952.825
957.156
963.556
969.332
971.255
967.177
964.298
961.578
959.744
957.714
955.51
953.565
952.259
950.953
950.028
949.805
949.99
950.197
959.836
970.739
975.618
978.262
980.164
981.616
971.786
964.639
969.739
972.307
973.434
973.208
973.702
974.701
975.123
975.306
975.341
974.344
969.69
972.701
973.403
973.344
973.705
971.176
966.307
960.383
954.616
951.176
950.043
950.168
950.716
950.666
952.628
956.345
960.757
965.726
968.564
965.491
963.243
960.891
959.263
957.379
955.286
953.424
952.169
950.907
950.01
949.793
949.974
950.175
952.797
959.864
964.953
968.351
971.065
973.244
971.873
962.335
963.866
966.451
968.067
968.245
968.698
969.429
969.807
970.018
970.059
969.693
966.878
968.054
968.43
968.664
968.812
966.057
962.576
958.155
953.579
951.044
950.012
950.137
950.663
950.614
952.396
955.484
958.771
963.071
965.883
963.694
962.054
960.082
958.673
956.955
954.996
953.238
952.048
950.842
949.984
949.777
949.951
950.144
950.802
954.277
958.374
961.821
964.907
967.538
972.02
960.916
960.731
963.165
964.932
965.23
965.709
966.32
966.669
966.886
966.928
966.809
964.815
965.144
965.407
965.679
965.817
963.336
960.575
956.91
953.12
950.933
949.977
950.098
950.597
950.549
952.177
954.814
957.59
961.41
963.912
962.258
961.01
959.313
958.071
956.498
954.671
953.023
951.904
950.765
949.953
949.758
949.923
950.105
950.307
952.017
955.189
958.405
961.508
964.321
13407.1
11839.2
2004.43
1105.86
983.389
1269.37
1486.49
1833.84
2189.86
2638.29
3581.98
5282.92
8179.6
9405.43
3961.37
13859.8
12963.3
3222.21
4988.93
4483.1
2603.66
1845.58
2132.95
2839.19
3965.61
5742.5
9549.77
15313.4
15973.6
9218.93
14895.9
11776.4
4565.28
4039.55
3396.97
2734.1
2427.08
2365.79
3214.72
4868.13
7167
11895.6
19323.1
19237.5
14241
18451.4
12082.7
6425.31
4137.15
4495.09
2820.08
2698.12
2788.26
3880.16
5760.34
8385.34
13659.5
20984.2
21586.5
19664.4
21966.9
11077.9
5626.31
3926.6
4119.95
3149.17
2985.5
3310.77
4729.09
6620.45
9451.44
15051.6
20868.3
23133.7
25491.2
3324.02
5446.32
5830.33
5028.06
4132.6
3778.56
3034.83
2746.15
2268.34
1728.89
2246.94
2680.09
2874.15
7126.54
10439.5
7990.07
9451.92
10184.2
8553.92
6799.93
5494.95
3855.15
3111.62
2727.67
3897.72
8333.71
3064.17
3017.31
8984.26
13862.9
12031.6
11168.4
12473.2
10237.1
8018.77
6524.72
4615.79
3559.09
3546.88
3536.1
4739.65
4582.79
4438.23
8088.9
15320.7
17459.6
12568.9
13958.8
11225.6
8928.08
7043.03
5441.51
4263.08
3927.96
3970.39
4776.47
4155.84
5018.07
9852.06
15863.6
23271.7
13582.4
14469.1
11637
9503.48
7575.13
6306.25
5087.33
4547.81
4596.65
4901.47
3921.2
4212.73
11938.5
16708.2
992.953
992.564
992.052
991.364
990.219
987.636
977.301
950.107
949.845
949.848
950.465
951.234
951.785
952.53
953.343
954.314
956.406
959.434
968.683
978.171
971.891
958.68
955.903
956.375
959.286
987.724
992.565
992.59
988.907
980.81
988.129
991.742
972.064
970.558
985.244
987.896
986.481
979.855
986.422
992.704
980.007
974.409
967.472
958.283
959.391
974.516
981.371
975.91
957.334
971.594
981.912
980.801
979.365
977.505
974.634
969.344
957.491
950.095
949.839
949.841
950.449
951.205
951.745
952.472
953.261
954.181
956.133
958.795
966.878
973.38
968.637
958.398
955.752
956.2
958.453
972.348
980.869
981.266
976.958
975.982
979.82
979.64
970.081
968.812
975.503
977.787
980.84
976.838
979.771
981.82
975.849
971.399
965.534
958.014
958.904
961.917
973.885
970.623
957.314
971.617
973.689
972.001
969.897
967.321
963.789
958.63
951.811
950.075
949.827
949.828
950.419
951.151
951.669
952.365
953.113
953.948
955.67
957.754
964.136
968.052
964.577
957.908
955.481
955.901
957.551
964.694
972.236
973.06
970.335
970.666
971.72
970.942
966.982
966.398
967.854
970.433
974.318
972.536
973.158
973.785
970.123
966.979
962.852
957.547
958.274
958.747
967.211
964.676
957.274
971.668
968.074
966.008
963.547
960.71
957.312
953.49
950.506
950.049
949.81
949.811
950.377
951.076
951.567
952.224
952.923
953.664
955.145
956.662
961.452
963.932
961.369
957.327
955.143
955.536
956.756
960.853
966.445
967.525
966.066
966.435
966.066
965.139
963.917
964.106
963.54
965.843
969.242
968.591
968.246
968.273
965.185
962.919
960.41
956.99
957.589
957.115
962.163
960.289
957.208
971.757
964.887
962.646
960.126
957.318
954.283
951.546
950.226
950.015
949.788
949.789
950.325
950.986
951.448
952.064
952.714
953.381
954.679
955.828
959.595
961.448
959.466
956.766
954.786
955.156
956.13
958.922
963.224
964.372
963.493
963.796
962.924
961.937
961.78
962.426
961.359
963.25
966.153
965.919
965.292
965.08
962.155
960.325
958.764
956.445
956.959
956.097
959.268
957.902
957.105
971.901
981.944
984.235
983.69
984.191
983.578
981.717
957.229
949.645
949.562
949.577
949.594
949.6
949.578
949.57
949.549
949.49
949.422
949.414
949.423
949.455
949.529
949.542
949.529
949.509
949.459
949.424
949.406
949.416
949.421
949.451
949.505
949.399
949.399
949.399
949.399
949.399
949.399
949.399
949.399
949.399
949.399
949.399
949.399
949.399
949.399
949.399
949.399
949.399
949.399
949.399
949.399
949.399
949.398
949.033
879.064
951.373
1574.62
4099.97
12968.4
24190.6
9948.54
949.407
4386.51
3977.64
4814.96
4341.03
4180.21
4936.89
6986.92
9105.99
10388.1
15887.6
18483.1
23856
38785.8
14580.9
966.231
949.435
949.4
949.399
949.399
949.401
949.567
957.368
965.56
949.4
949.399
29995.2
970.407
983.317
970.024
984.006
970.514
970.877
984.06
984.219
950.646
949.572
949.566
949.585
949.596
949.586
949.577
949.568
949.522
949.451
949.408
949.425
949.437
949.487
949.552
949.54
949.524
949.483
949.443
949.408
949.411
949.418
949.432
949.462
949.501
949.399
949.399
949.399
949.465
949.399
949.399
949.399
9530.2
949.399
949.399
949.399
949.399
949.399
949.399
949.399
949.399
949.399
949.399
949.399
949.399
949.399
949.399
949.399
949.399
949.33
941.391
909.422
1068.78
2599.05
7286.93
4769.76
4243.32
7076.35
3762.98
4371.28
4189.38
4528.15
6224.18
8028.67
10735.7
16632.2
18035.5
14281
1575.18
949.985
949.402
949.4
949.399
949.399
949.399
949.4
949.417
950.688
965.67
970.474
970.917
970.587
949.484
949.459
949.467
949.478
949.482
949.472
949.463
949.457
949.438
949.408
949.409
949.411
949.42
949.45
949.452
949.453
949.45
949.427
949.41
949.403
949.41
949.41
949.413
949.4
949.399
949.399
949.399
949.399
949.399
949.399
949.399
949.399
949.399
949.399
949.399
949.399
949.399
949.399
949.399
949.399
949.399
949.392
948.44
943.153
955.139
1845.59
3595.76
949.428
3687.48
951.915
949.407
949.399
949.399
949.399
949.405
949.877
949.479
949.477
949.47
949.462
949.446
949.421
949.403
949.415
949.414
949.433
949.457
949.457
949.456
949.437
949.421
949.403
949.407
949.411
949.41
949.4
949.4
949.399
949.399
949.399
949.399
949.399
949.399
949.399
949.399
949.399
949.399
949.399
949.399
949.399
949.327
889.068
913.17
1248.87
2752.67
5346.17
949.81
949.473
952.553
949.4
949.399
949.399
949.399
952.75
949.455
949.4
949.52
1072.77
949.399
960.4
960.016
964.689
961.332
949.426
949.4
949.418
949.4
949.4
949.399
949.4
949.4
949.4
949.4
949.4
949.4
949.4
949.4
949.399
949.399
949.399
949.399
949.4
949.4
949.4
949.4
949.4
949.399
949.399
949.4
949.399
949.4
949.399
949.399
949.4
949.4
949.399
949.399
949.399
949.4
949.399
949.399
949.401
949.406
949.4
2647.34
952.416
949.399
949.399
949.399
949.399
949.399
949.399
949.399
949.399
949.399
949.399
949.399
949.399
949.399
949.399
949.399
949.399
949.399
949.378
890.116
946.694
1162.79
1565.05
3334.01
6096.67
949.73
949.496
3806.26
3971.71
2514.63
3516.61
3617.37
3678.53
949.4
951.635
949.399
949.407
949.401
1001.78
958.871
949.399
949.399
949.399
949.399
949.403
949.525
949.43
949.798
949.4
949.401
949.4
949.4
949.442
949.54
965.103
4166.78
4549.51
5879.65
7244.87
7375.15
8445.42
2887.29
3096.66
2110.59
2170.32
949.399
949.399
960.882
955.151
954.592
949.399
949.399
956.519
949.4
949.399
4875.54
4136.27
4082.91
956.733
949.399
949.399
961.186
955.25
1275.13
949.399
949.399
949.4
949.4
949.4
949.399
949.399
949.413
952.308
949.4
949.4
949.4
949.4
949.399
949.399
949.4
949.399
949.4
949.4
949.4
949.4
949.4
949.4
949.399
949.399
949.4
949.399
949.4
3144.26
949.399
949.399
949.399
949.4
949.399
949.399
949.4
949.399
949.4
950.569
949.399
949.399
949.399
949.399
949.399
949.399
949.399
949.399
949.399
949.399
949.399
949.399
949.399
949.399
949.399
949.399
949.398
948.357
941.342
953.932
1225.49
2581.85
949.399
949.399
3824.88
959.925
950.441
949.896
949.399
949.4
960.864
954.8
955.076
949.399
949.399
949.399
949.399
954.415
949.4
5026.48
4172.17
7293.34
7324.1
7609.85
2966.01
8514.14
949.399
1010.36
915.422
938.31
949.399
7451.67
949.399
949.4
1749.31
960.985
915.92
949.311
949.399
949.399
949.399
949.399
949.399
949.399
949.399
949.399
949.399
949.399
949.399
949.399
949.399
949.399
949.399
949.399
949.399
949.399
949.399
949.399
949.399
949.399
949.399
949.399
949.399
949.399
949.399
949.399
949.399
949.4
949.4
949.399
949.399
949.399
949.399
949.399
949.399
949.399
949.399
949.399
949.399
949.399
949.399
949.399
949.397
2803.27
949.399
949.399
949.399
949.399
949.399
949.399
950.047
951.511
949.399
949.399
949.399
949.399
949.399
949.399
949.4
949.399
949.399
949.399
949.399
949.399
949.399
949.399
949.399
949.399
949.399
3175.59
949.399
949.399
949.399
949.399
949.399
949.399
949.399
949.399
949.399
949.399
1787.37
949.399
984.805
949.399
949.399
3892.51
949.399
949.399
949.399
949.399
949.399
949.399
949.399
949.399
949.399
949.399
949.399
949.399
949.399
949.399
949.399
949.399
949.399
949.399
949.399
949.399
949.399
949.399
949.399
949.399
949.399
949.399
949.399
949.399
949.399
949.399
949.399
949.399
949.399
949.399
949.399
949.399
2330.45
949.399
949.399
949.399
949.399
949.363
946.763
916.742
949.399
949.399
949.459
949.399
949.399
949.406
3355.57
949.399
949.399
950.07
951.64
949.618
955.273
949.399
4156.27
949.399
949.399
949.399
949.399
949.399
949.399
949.399
949.399
949.468
949.421
949.63
1070.37
1214.65
967.07
949.399
5197.05
3567.11
1385.15
949.399
949.399
949.399
949.399
949.399
949.399
949.399
949.399
949.399
949.399
949.399
1750.37
5253.32
4722.17
1808.07
949.4
949.4
949.401
949.424
949.401
949.399
949.399
937.447
945.168
921.845
949.399
949.399
1718.79
1961.45
951.974
1528.3
949.399
949.399
951.728
1347.5
949.399
949.399
952.012
950.442
950.374
949.399
949.399
949.399
949.399
949.399
949.399
949.399
949.399
949.399
949.469
949.399
3219.76
949.399
949.399
949.399
949.396
949.399
949.399
949.399
949.399
949.399
949.399
949.399
949.399
949.399
949.399
949.399
949.399
949.399
949.399
949.399
949.399
949.399
949.399
949.399
949.399
949.399
949.399
949.399
2365.07
949.399
949.12
912.6
914.648
949.399
1095.21
949.414
949.403
1276.7
3252.19
3090
949.399
949.399
949.399
3554.63
3544.07
3318.82
3886.92
949.782
950.419
4585.35
949.399
1309.92
1119.29
1112.09
949.404
949.4
949.399
949.399
949.399
949.399
935.231
949.399
949.399
949.399
1040.63
949.399
949.399
949.399
949.399
949.399
949.399
949.399
949.399
949.399
949.399
1051.55
949.399
949.399
949.399
949.399
949.399
949.399
949.399
949.399
950.258
949.404
949.399
949.399
949.399
949.399
949.399
949.399
949.399
949.399
949.399
949.399
949.399
949.399
949.461
949.414
949.399
949.399
949.399
949.399
949.399
949.399
949.399
949.399
949.399
1046.12
949.399
949.397
949.399
949.399
934.341
949.399
949.399
949.399
949.399
949.399
949.399
949.399
949.399
949.399
949.399
949.399
949.399
2734.9
949.399
949.399
948.747
949.367
941.688
949.399
949.399
949.399
949.399
949.399
949.399
2412.78
949.399
949.399
949.399
949.399
949.399
949.399
949.399
949.399
949.399
949.399
949.399
949.399
949.399
949.399
949.399
2981.17
949.399
949.399
949.399
949.399
951.861
950.338
950.395
949.399
949.399
949.399
949.399
949.399
949.399
949.399
949.399
949.399
949.399
949.399
2812.34
949.399
949.399
949.399
949.399
949.399
949.399
949.399
949.399
949.399
949.399
1689.92
949.399
949.399
949.399
949.399
950.233
949.602
949.399
949.399
949.399
949.399
949.399
949.399
1380.99
949.399
949.407
949.401
949.399
1078.67
949.399
949.399
949.399
949.399
949.399
949.399
930.449
949.399
949.399
996.436
949.399
949.399
949.399
949.399
949.399
949.399
949.399
949.399
949.775
1771.2
949.4
949.399
2813.23
949.399
949.399
951.997
949.4
949.399
949.399
949.399
1001.18
2372.33
2859.17
949.399
949.399
949.399
949.399
949.399
949.399
949.399
977.426
997.755
949.399
2579.84
1098.75
949.399
937.205
949.399
949.4
949.408
949.399
2546.05
949.399
949.399
949.749
949.518
949.399
949.399
949.399
949.399
949.399
949.399
949.491
949.428
949.705
949.4
949.4
949.402
949.399
1473.11
949.399
949.399
949.399
949.399
949.399
1735.34
906.402
905.973
951.047
949.399
949.399
949.399
949.399
949.399
949.399
949.399
943.544
949.399
965.426
949.399
935.948
949.399
949.399
949.732
949.504
949.511
949.402
949.399
949.399
949.399
949.399
949.399
949.399
949.399
1115.47
954.859
951.189
949.399
949.399
949.399
949.399
949.399
949.399
949.399
949.399
1145.14
949.399
949.399
949.399
1692.2
949.4
949.4
949.399
949.399
949.399
949.399
949.399
962.203
949.399
949.4
945.845
949.399
1812.9
949.399
949.399
949.399
949.399
949.399
949.399
949.399
949.399
949.399
949.399
949.399
949.399
949.399
949.399
939.635
2529.41
1946.1
2629.72
949.399
949.399
949.399
949.399
949.399
949.399
949.399
949.399
949.399
949.399
2131.1
955.879
952.285
949.399
956.396
949.399
949.399
949.399
949.399
1880.51
949.399
949.399
949.399
949.399
949.399
949.399
949.399
949.399
949.399
949.399
949.399
949.399
949.399
949.399
949.399
949.399
949.399
949.399
949.399
949.513
949.399
949.399
949.399
949.399
949.4
949.401
949.399
949.399
949.399
949.399
949.399
949.399
949.399
949.399
949.399
949.399
949.399
1038.26
949.432
949.399
949.399
949.411
949.399
949.399
949.399
949.399
949.399
949.399
949.399
949.399
949.399
949.399
949.399
949.399
949.399
949.399
949.399
964.271
949.399
949.399
949.4
949.399
949.797
949.399
949.399
949.4
952.907
949.399
949.399
949.846
949.557
949.399
949.399
949.399
949.399
1262.74
949.399
949.533
949.399
949.399
949.399
949.399
949.399
949.399
949.399
949.399
946.196
949.399
949.399
949.399
1040.37
949.399
949.183
949.107
977.251
1070.29
949.399
949.399
949.399
949.399
1658.07
1832.15
955.486
949.399
949.399
939.536
925.063
949.399
2340.32
949.399
949.399
949.399
949.399
949.399
949.399
949.399
949.399
949.397
1878.25
949.441
967.928
949.399
949.399
949.399
949.399
949.408
949.402
949.432
949.41
949.433
949.402
1464.53
1640.39
949.399
949.399
949.399
949.399
949.399
949.399
949.399
949.399
949.399
952.438
949.399
949.399
949.399
949.399
949.399
949.432
949.399
949.399
949.399
949.399
949.399
949.399
984.853
949.399
949.399
949.399
950.13
949.714
949.399
949.399
949.399
949.399
949.399
949.399
949.399
949.399
949.399
949.399
949.399
949.399
1065.2
949.399
949.399
949.399
949.399
949.399
949.399
949.399
949.399
949.399
949.399
949.399
949.399
949.399
949.399
950.258
949.822
949.399
949.399
949.399
949.399
949.399
949.399
1316.4
949.399
949.399
949.399
949.399
949.399
949.399
949.399
949.399
1393.66
1228.31
949.4
949.399
949.399
949.399
949.399
949.399
949.399
949.399
949.399
949.399
1005.64
950.495
949.399
949.209
949.399
949.399
949.399
949.399
949.399
949.399
949.399
949.399
928.976
1322.52
949.399
949.399
949.399
949.399
949.4
949.399
949.43
949.399
960.646
953.001
949.399
1021.61
949.172
946.542
949.315
949.367
949.399
949.399
949.386
949.399
949.399
949.399
949.4
949.4
949.399
949.932
949.399
949.399
949.399
949.399
949.399
949.399
949.399
949.399
1188.99
1208.74
949.432
949.409
949.409
950.613
949.399
949.399
949.399
927.293
958.28
949.404
949.473
949.401
949.405
949.399
949.401
949.399
949.434
949.442
949.521
1071.42
949.399
949.514
949.453
949.458
1090.56
988.811
949.399
949.399
1059.69
991.178
1021.64
949.565
949.401
949.408
1008.85
992.643
949.399
949.399
949.4
945.794
949.402
949.399
949.399
949.399
949.4
949.4
949.399
949.4
958.177
955.462
949.399
949.921
949.589
949.399
949.399
949.413
949.399
949.399
949.399
949.399
949.399
949.494
949.504
949.399
949.462
949.448
973.392
949.399
949.4
949.399
949.4
949.874
950.276
949.399
949.412
949.43
949.399
949.399
949.418
949.406
949.414
949.402
949.399
962.704
965.399
949.399
949.399
949.399
949.399
949.422
949.399
950.441
949.819
949.399
949.435
950.269
949.399
949.4
949.4
954.723
951.923
949.399
949.567
949.399
949.4
949.407
949.789
950.063
950.264
949.937
949.404
949.399
949.399
949.4
949.4
949.399
949.399
949.425
949.399
949.467
949.439
949.402
949.401
949.428
949.4
949.405
949.402
949.401
949.4
949.401
949.494
949.4
949.719
949.416
949.412
949.401
949.4
949.437
949.47
949.399
949.4
949.405
949.402
981.679
983.371
983.655
985.059
983.455
981.944
957.368
949.57
949.401
949.399
949.399
949.4
949.434
967.614
13509.3
38802.4
12943.5
14436.7
11801.9
9549.57
8448.25
8189.66
7434.41
6532.8
6051.37
5148.72
3678.7
3350.78
3837.23
35941.1
6412.41
24990.4
7568.25
3846.17
1465.98
1046.46
940.566
943.467
949.396
949.399
949.399
949.399
949.399
949.399
949.399
949.399
949.399
949.399
949.399
949.399
949.399
949.399
949.399
949.399
949.399
949.399
949.4
949.399
949.399
949.505
949.507
949.447
949.421
949.414
949.406
949.429
949.444
949.457
949.46
949.498
949.5
949.491
949.509
949.536
949.535
949.498
949.547
949.558
949.589
949.57
949.491
949.509
949.503
950.155
968.662
965.671
35738.3
949.399
949.431
969.399
982.753
969.597
984.907
984.042
971.541
970.372
984.294
952.777
950.699
4637.88
949.885
949.417
949.4
949.399
949.399
949.401
949.94
1607.31
949.407
14287.5
12283.3
10119.5
8710.42
8129.82
7849.67
6902.63
6334.11
5490.06
4841.42
3299
3126.45
9316.25
5525.68
2526.72
1158.34
914.962
938.021
947.517
949.399
949.399
949.399
949.399
949.399
949.399
949.399
949.399
949.399
949.399
949.399
949.399
949.399
949.399
949.399
949.399
949.399
949.399
949.4
949.399
971.14
949.399
949.42
949.467
949.414
949.43
949.418
949.407
949.417
949.435
949.454
949.464
949.473
949.508
949.481
949.502
949.526
949.536
949.516
949.515
949.546
949.586
949.583
949.52
949.495
949.525
949.548
954.36
3107.37
949.399
970.548
949.457
949.4
949.399
949.399
949.4
949.53
1099.77
16650.9
5988.56
1209.35
918.749
937.689
943.636
949.399
949.399
949.399
949.399
949.399
949.399
949.399
949.399
949.399
949.399
949.399
949.399
949.399
949.399
949.399
949.399
949.4
949.399
949.412
949.411
949.405
949.407
949.417
949.425
949.426
949.419
949.439
949.435
949.448
949.448
949.449
949.439
949.44
949.459
949.475
949.477
949.448
949.433
949.459
949.453
951.431
949.399
949.399
949.399
949.399
949.399
949.399
949.399
949.399
949.399
949.399
949.4
949.399
949.402
949.415
949.42
949.427
949.421
949.428
949.442
949.441
949.448
949.445
949.448
949.43
949.456
949.465
949.476
949.47
949.432
949.447
949.451
949.642
972.191
951.908
949.399
949.399
949.405
949.399
949.399
949.399
949.399
949.399
949.399
949.311
941.935
936.345
1098.47
1957.38
4628.97
8194.12
3127.97
949.4
949.409
949.411
960.019
951.831
949.445
949.4
952.461
2264.41
949.399
949.399
949.404
949.415
949.401
949.399
949.399
949.399
949.4
949.4
949.543
949.843
4452.84
1003.58
949.399
949.399
949.399
4203.92
949.399
949.407
949.401
949.428
949.812
950.624
949.546
3579.01
949.4
1546.46
963.052
4581.69
2593.8
1893.19
959.829
1171.46
1196.55
1010.55
940.117
924.904
938.485
944.232
948.883
922.6
938.851
924.376
949.399
936.223
943.922
949.399
949.398
949.374
949.399
949.399
949.399
949.399
949.399
949.399
949.399
949.399
949.399
949.399
949.399
949.399
949.399
949.399
949.399
949.399
949.399
949.399
949.399
949.399
949.399
949.399
949.399
949.399
949.4
949.399
949.399
949.399
949.4
949.4
949.4
949.4
949.4
949.399
949.399
949.399
949.4
949.399
959.1
954.012
949.399
949.399
949.399
949.399
949.399
949.4
949.4
949.399
949.4
949.4
949.4
949.4
949.4
949.4
949.4
949.4
949.4
949.4
949.4
949.4
949.4
949.4
949.608
963.112
949.399
949.399
960.591
2219.71
965.113
5210.86
6406.99
7572.49
6454.03
5396.33
4832.64
4397.65
3457.17
3613.77
3443.21
3745.91
3116.03
2520.01
949.4
949.399
956.785
949.399
954.244
949.399
960.698
949.399
949.399
1658.17
1566.77
961.555
956.05
955.147
3330.84
949.399
949.399
949.399
949.399
949.4
949.399
1209.93
949.399
941.664
951.43
949.399
949.399
949.4
958.917
2408.03
949.399
949.399
949.399
4168.76
949.399
950.076
949.399
949.399
949.399
949.399
949.399
949.399
949.399
949.399
949.399
949.4
949.4
949.4
961.203
949.399
954.816
949.399
949.399
949.4
949.4
949.4
949.399
949.4
949.4
949.4
949.4
949.4
949.4
949.4
949.4
949.4
949.4
949.4
949.4
949.4
949.415
955.951
949.399
5637.76
7369.62
6568.43
7695.59
3722.81
960.064
954.569
9097.49
4862.1
4748.69
3870.77
949.399
949.403
949.4
949.399
949.399
949.4
949.4
949.399
949.399
949.399
949.399
949.399
949.399
949.399
949.399
949.399
949.399
949.399
949.399
949.399
949.4
949.399
949.399
949.4
949.4
949.459
949.4
949.399
949.399
949.399
949.399
949.399
949.399
949.399
949.399
949.399
949.399
949.399
949.399
949.399
949.399
949.399
949.399
949.399
949.399
949.399
949.399
949.399
949.399
949.399
949.399
949.399
949.399
949.399
949.399
949.399
949.399
2944.46
951.704
949.399
949.399
949.399
949.399
949.399
1505.45
949.399
949.799
949.399
949.399
949.399
949.253
5285.29
949.399
949.399
949.399
3643.65
3372.47
3215
936.251
949.399
949.399
949.399
949.399
949.399
949.399
949.399
949.399
949.399
949.399
949.399
949.399
949.399
949.4
949.399
949.399
949.399
949.399
949.399
951.291
949.967
950.219
949.399
949.399
1119.69
5269.08
956.738
950.946
979.82
949.399
949.399
949.399
1064.21
949.399
949.399
949.399
949.399
949.399
949.399
949.399
949.399
949.399
949.399
949.399
949.399
949.399
949.399
949.399
949.399
949.399
949.399
949.399
949.399
949.399
949.399
949.399
949.399
949.45
949.591
949.399
949.399
949.399
949.399
949.399
949.403
949.4
949.413
949.399
949.399
949.399
949.399
949.399
949.399
949.399
949.399
949.399
949.399
949.399
1570.46
1900.21
1919.83
5831.54
949.399
949.399
951.617
950.094
949.399
949.399
1843.35
1585.21
949.399
949.399
3275.21
4259.98
949.399
949.399
949.399
949.399
949.399
949.399
949.399
1055.58
972.953
1012.93
951.893
950.331
952.168
950.464
949.399
3159.79
1067.26
949.407
949.472
949.652
949.424
949.399
949.399
949.399
949.399
949.399
949.399
949.399
949.399
949.399
949.399
1245.06
1031.69
949.399
949.399
949.4
949.402
949.4
949.424
949.494
949.399
4990.54
4473.13
948.384
953.199
947.642
954.055
935.961
933.854
924.197
938.786
929.036
5510.12
949.399
1962.63
949.399
949.399
949.399
952.105
950.416
949.399
949.399
949.399
949.4
949.401
949.399
949.399
949.399
949.399
5038.01
949.399
949.399
949.399
949.399
949.399
949.399
949.399
949.399
949.399
949.399
949.393
949.399
949.399
949.399
949.399
949.399
949.399
949.399
949.399
949.399
949.399
949.399
949.399
3735.18
949.399
949.399
949.399
949.399
949.399
949.399
1344.26
4011.32
949.399
949.399
949.399
949.399
949.399
949.399
949.399
949.399
949.399
949.399
949.399
949.399
949.399
949.399
949.399
949.399
949.399
949.399
949.399
949.399
949.399
949.399
949.399
949.399
949.399
949.399
949.399
949.399
949.399
949.399
949.399
949.399
949.399
949.399
934.151
949.399
949.399
949.399
949.399
949.399
949.399
944.909
949.399
949.399
942.07
949.399
949.399
949.401
949.399
949.399
1802.39
949.399
949.399
3656.79
949.399
949.399
949.399
949.399
949.399
949.399
949.399
949.399
949.399
949.399
984.76
949.399
949.399
949.399
949.399
949.399
949.399
949.399
949.399
2666.77
2807.14
949.399
949.399
949.399
949.399
949.399
949.399
949.399
949.399
1367.29
949.399
949.399
949.399
949.399
949.399
949.399
949.399
949.399
2584.75
949.399
949.399
949.399
949.399
949.399
949.399
949.399
949.399
949.399
949.399
949.744
949.399
949.399
949.389
3197.69
949.399
949.399
949.399
949.399
3135.71
949.399
949.399
949.399
1219.53
949.399
949.399
965.424
949.399
949.399
949.399
949.399
949.399
949.399
949.399
949.399
949.399
949.399
1112.56
980.18
1124.33
949.399
949.399
949.399
949.399
937.578
919.644
959.593
955.819
949.768
949.399
949.399
949.399
1297.88
949.409
949.477
1376.34
949.5
949.738
949.433
949.399
2443.4
949.399
2732.86
949.399
949.399
945.96
949.399
949.399
949.399
949.399
949.399
949.399
949.399
949.399
949.4
949.402
949.4
949.399
949.399
947.25
949.295
949.399
949.399
949.405
949.399
949.399
949.405
949.399
949.399
949.399
2167.04
949.399
949.399
2794.05
941.893
941.101
949.399
949.399
949.399
949.399
949.69
949.399
950.661
949.612
952.943
949.399
949.399
949.399
949.399
961.859
949.506
949.399
949.399
949.399
949.399
949.399
949.399
949.399
949.399
949.399
949.399
949.399
949.399
949.399
949.399
949.399
949.399
949.399
949.399
949.399
949.399
949.399
949.4
949.399
3109.56
949.399
949.399
949.399
949.399
949.4
949.482
949.399
949.399
949.399
949.399
949.399
949.504
949.399
949.399
949.399
949.516
949.399
949.399
949.399
949.399
949.399
949.399
1029.35
949.399
949.399
949.399
975.849
1126.97
950.018
949.399
949.399
949.399
951.536
949.399
949.399
941.515
949.399
949.399
949.399
949.399
949.399
949.399
949.399
949.399
949.399
949.399
949.399
1897.32
925.814
945.158
1139.97
990.806
2004.5
1016.99
949.399
949.399
949.399
949.429
949.399
949.399
949.399
949.399
949.427
949.399
949.399
949.399
949.399
949.399
949.399
949.399
2359.37
1196.78
1312.99
1034.17
949.399
949.408
949.399
949.399
949.399
949.399
949.399
949.399
949.399
949.401
949.399
949.399
949.399
949.399
949.399
949.399
949.399
949.399
949.399
949.399
949.399
2042.71
2148.33
1904.81
949.399
949.399
949.399
949.399
949.399
949.399
949.399
949.399
1959.42
1760.39
949.399
949.399
949.399
949.399
949.399
949.399
949.406
949.399
949.399
949.399
949.399
949.399
949.399
949.399
949.399
949.399
949.399
949.399
949.399
949.404
949.413
949.429
949.399
949.399
949.399
949.399
949.399
949.399
949.399
949.399
949.399
949.399
949.399
949.399
949.399
949.399
949.401
949.399
961.938
949.402
992.759
1062.99
949.399
949.399
949.458
949.418
949.407
949.399
949.399
949.399
949.399
949.399
949.399
960.076
949.399
949.399
949.399
949.399
949.399
949.399
949.399
949.399
949.399
949.399
949.588
949.4
949.435
949.408
949.41
942.214
952.477
949.399
949.399
949.399
949.399
930.919
949.399
949.399
949.399
949.399
949.399
949.399
949.399
949.399
949.399
951.347
949.399
949.399
949.399
949.399
949.399
949.399
949.399
949.399
949.4
949.399
949.399
949.399
949.399
949.399
949.399
949.399
949.399
949.399
949.399
949.399
953.672
949.399
949.411
949.438
938.983
949.399
960.634
949.399
950.454
950.272
949.399
949.4
949.399
949.4
949.399
949.402
949.399
949.399
949.399
949.399
953.237
941.242
949.399
949.399
949.399
949.4
949.399
949.399
949.399
949.399
949.399
950.013
949.399
953.613
949.399
949.399
949.402
949.399
949.399
949.399
949.399
949.399
945.368
945.117
949.406
949.227
949.474
949.4
949.402
949.399
949.399
949.399
949.4
949.401
963.409
949.399
949.399
949.399
949.399
949.399
949.399
949.399
949.399
949.399
949.399
949.399
949.399
949.399
949.399
949.399
949.399
949.399
949.399
949.399
949.761
949.399
949.399
949.399
949.399
949.399
949.399
949.399
949.399
949.399
949.399
949.399
949.399
949.399
949.399
949.399
949.399
949.399
949.399
949.399
949.399
949.399
949.399
949.399
1412.5
949.399
949.399
949.399
949.399
949.399
949.399
949.399
949.399
949.399
949.399
949.399
949.924
949.399
950.133
949.399
949.399
949.399
949.399
945.418
949.399
1005.59
1032.14
949.399
949.399
949.399
949.399
949.4
949.399
949.399
949.399
949.399
949.741
949.399
949.932
950.833
950.849
950.212
949.4
1340.46
949.478
1018.92
1089.41
971.54
955.211
949.399
1535.97
949.433
949.587
949.474
949.579
949.399
949.399
949.4
949.399
949.399
949.399
1746.8
1550.68
949.401
949.404
949.4
949.399
949.399
949.399
949.104
949.399
949.399
949.399
949.399
949.399
949.399
949.399
949.498
1316.34
949.399
953.579
1197.94
949.399
1179.31
949.399
987.522
1002.24
949.399
949.4
949.399
949.399
949.399
1087.55
958.667
949.399
949.4
949.399
950.044
950.682
949.404
949.416
949.576
950.319
949.399
949.399
950.763
949.399
949.412
949.399
949.433
949.415
949.449
949.803
949.399
949.4
949.399
949.399
952
949.914
949.399
949.4
949.399
981.484
1000.19
949.42
952.355
949.401
994.731
949.399
949.399
949.399
949.469
950.631
949.702
949.399
949.399
954.5
950.825
954.659
950.23
949.403
949.399
949.399
949.399
949.4
949.4
949.401
949.399
949.399
949.399
949.399
949.4
949.399
949.399
949.428
949.4
950.106
950.657
957.595
949.455
949.399
949.399
949.399
949.576
949.399
949.413
949.399
949.399
949.399
949.399
949.399
949.399
949.399
949.4
949.48
949.399
949.399
949.473
949.401
949.399
949.402
949.407
949.399
949.98
949.729
949.419
949.399
949.561
951.794
949.406
949.411
949.399
949.4
949.399
949.399
949.399
949.4
949.4
949.4
949.401
949.401
949.48
949.515
949.972
949.4
949.407
949.645
949.495
949.704
949.402
951.588
949.4
949.399
949.402
949.399
949.411
949.4
949.405
949.45
)
;

boundaryField
{
    bullet
    {
        type            kqRWallFunction;
        value           nonuniform List<scalar> 
30
(
3324.02
5446.32
5830.33
5028.06
4132.6
3778.56
3034.83
2746.15
2268.34
1728.89
2246.94
2680.09
2874.15
7126.54
10439.5
13407.1
11839.2
2004.43
1105.86
983.389
1269.37
1486.49
1833.84
2189.86
2638.29
3581.98
5282.92
8179.6
9405.43
3961.37
)
;
    }
    topWall
    {
        type            inletOutlet;
        inletValue      uniform 1000;
        value           nonuniform List<scalar> 
50
(
971.594
957.334
975.91
981.371
1000
959.391
958.283
967.472
974.409
980.007
1000
986.422
979.855
986.481
987.896
985.244
970.558
972.064
1000
988.129
980.81
1000
1000
1000
1000
959.286
956.375
955.903
958.68
971.891
978.171
968.683
959.434
956.406
954.314
953.343
952.53
951.785
951.234
950.465
949.848
949.845
950.107
1000
1000
1000
1000
1000
1000
1000
)
;
    }
    bottomWall
    {
        type            inletOutlet;
        inletValue      uniform 1000;
        value           nonuniform List<scalar> 
50
(
950.724
952.939
957.649
966.127
972.649
973.015
968.208
964.921
961.975
960.016
957.899
955.632
953.641
952.306
950.978
950.038
949.811
949.998
950.211
1000
1000
1000
1000
1000
1000
971.719
968.773
1000
1000
1000
985.243
989.875
1000
1000
1000
1000
1000
974.545
982.477
1000
982.794
1000
1000
980.001
966.972
1000
951.647
950.086
950.202
950.774
)
;
    }
    inlet
    {
        type            fixedValue;
        value           uniform 1000;
    }
    outlet
    {
        type            inletOutlet;
        inletValue      uniform 1000;
        value           nonuniform List<scalar> 
30
(
949.399
949.399
949.399
949.4
949.4
949.399
949.399
949.399
949.399
949.505
992.849
981.616
973.244
967.538
964.321
992.953
981.912
973.689
968.074
964.887
949.505
949.399
949.399
949.399
949.399
949.399
949.399
949.399
949.399
949.399
)
;
    }
    defaultFaces
    {
        type            empty;
    }
}


// ************************************************************************* //
