/*--------------------------------*- C++ -*----------------------------------*\
  =========                 |
  \\      /  F ield         | OpenFOAM: The Open Source CFD Toolbox
   \\    /   O peration     | Website:  https://openfoam.org
    \\  /    A nd           | Version:  6
     \\/     M anipulation  |
\*---------------------------------------------------------------------------*/
FoamFile
{
    version     2.0;
    format      ascii;
    class       volScalarField;
    location    "0.0002";
    object      nut;
}
// * * * * * * * * * * * * * * * * * * * * * * * * * * * * * * * * * * * * * //

dimensions      [0 2 -1 0 0 0 0];

internalField   nonuniform List<scalar> 
3704
(
0.337522
0.337639
0.338867
0.338853
0.338945
0.338484
0.338832
0.338893
0.33886
0.338856
0.338856
0.339054
0.338256
0.338323
0.338987
0.338292
0.338789
0.338966
0.338877
0.338323
0.339486
0.337187
0.33703
0.337041
0.337104
0.337107
0.337272
0.337599
0.338132
0.338369
0.338094
0.338052
0.337919
0.337785
0.337701
0.337588
0.337452
0.337324
0.337227
0.337107
0.337015
0.336997
0.337016
0.337035
0.339681
0.339085
0.338901
0.338848
0.338843
0.338852
0.337526
0.337904
0.339365
0.33947
0.339478
0.339195
0.339427
0.339507
0.339503
0.339499
0.339497
0.339403
0.338634
0.339029
0.339317
0.338992
0.339248
0.339596
0.33924
0.338544
0.338274
0.337186
0.337033
0.337043
0.337108
0.33711
0.337306
0.337708
0.338373
0.338716
0.338476
0.338312
0.338105
0.337916
0.337794
0.33765
0.337491
0.337346
0.337239
0.337112
0.337017
0.336997
0.337017
0.337036
0.338868
0.339507
0.339464
0.339432
0.339454
0.339489
0.337533
0.338159
0.339504
0.339753
0.33978
0.339695
0.339746
0.339842
0.339859
0.339854
0.339852
0.339684
0.339088
0.339586
0.339707
0.339613
0.339713
0.339685
0.339231
0.338518
0.337753
0.337185
0.337036
0.337045
0.337112
0.337114
0.337358
0.337861
0.338443
0.338894
0.338967
0.33868
0.338385
0.338118
0.337937
0.337745
0.33755
0.337379
0.337256
0.33712
0.33702
0.336999
0.337018
0.337037
0.337772
0.33897
0.339396
0.339591
0.339733
0.339832
0.337543
0.33823
0.339402
0.33978
0.339881
0.339874
0.339902
0.339974
0.339987
0.33998
0.339978
0.339864
0.33939
0.339778
0.339859
0.339881
0.339906
0.339542
0.339076
0.338387
0.337599
0.337187
0.337038
0.337046
0.337114
0.337117
0.337402
0.337979
0.338441
0.338991
0.339326
0.338975
0.338626
0.338296
0.338061
0.337827
0.3376
0.337405
0.33727
0.337126
0.337022
0.336999
0.337018
0.337037
0.33726
0.338205
0.338971
0.339446
0.339754
0.339939
0.337554
0.338175
0.339219
0.339662
0.339814
0.339836
0.339881
0.339931
0.339937
0.339929
0.339926
0.339853
0.339457
0.339729
0.339795
0.339869
0.339881
0.339372
0.338938
0.338272
0.337548
0.337183
0.337037
0.337044
0.337111
0.337113
0.337416
0.338011
0.338413
0.339008
0.339436
0.339077
0.338718
0.338363
0.338105
0.337851
0.337612
0.337409
0.337269
0.337125
0.337021
0.336998
0.337017
0.337035
0.337102
0.337726
0.338587
0.339221
0.339629
0.339881
0.025903
0.0244427
0.00994178
0.00732154
0.00699458
0.00797691
0.00865451
0.00971256
0.0105421
0.0117558
0.0137013
0.0166629
0.0207533
0.0220459
0.0122939
0.125022
0.0501449
0.0175153
0.0261063
0.028039
0.0237274
0.0214588
0.0208062
0.0333206
0.0495382
0.0656528
0.107522
0.164758
0.167537
0.108047
0.143994
0.050059
0.0303933
0.0410445
0.0427222
0.0324383
0.0318767
0.032415
0.0503356
0.0791363
0.105154
0.161655
0.235792
0.24591
0.179168
0.158711
0.0532993
0.037359
0.0473683
0.0558812
0.0398708
0.0405994
0.0462178
0.0678166
0.0984798
0.129743
0.1883
0.253709
0.273871
0.227848
0.170446
0.0520364
0.0388907
0.0488145
0.0599318
0.050232
0.0502766
0.0606609
0.0863498
0.114187
0.145027
0.202063
0.248999
0.28178
0.268461
0.0112531
0.0165547
0.0171817
0.0159583
0.0144485
0.013793
0.0124564
0.0117949
0.010808
0.00943228
0.0107427
0.0117033
0.0119052
0.018949
0.0228598
0.0954173
0.11544
0.126932
0.109977
0.0897035
0.0749823
0.0443314
0.0269689
0.0284686
0.032074
0.0439433
0.016177
0.0204372
0.0558796
0.119155
0.154672
0.162958
0.186707
0.16717
0.139652
0.119711
0.0754188
0.0483162
0.0476225
0.043817
0.059132
0.0342054
0.033318
0.0536916
0.144004
0.202873
0.179938
0.209044
0.190655
0.167191
0.14104
0.103907
0.0751099
0.0648195
0.0588473
0.0664625
0.0348539
0.0372575
0.0586757
0.146783
0.241159
0.180965
0.213269
0.198251
0.180557
0.15645
0.129941
0.10151
0.0858944
0.0776177
0.0765512
0.0375172
0.0356539
0.0676977
0.149364
0.338854
0.338844
0.33884
0.338858
0.338927
0.339145
0.339716
0.337025
0.337
0.337004
0.337074
0.337154
0.337197
0.337257
0.337322
0.337397
0.337509
0.337599
0.337801
0.33843
0.338237
0.337633
0.337541
0.337549
0.337684
0.339417
0.338883
0.338899
0.339225
0.338547
0.338568
0.338889
0.337946
0.338104
0.338847
0.338961
0.33844
0.338295
0.338647
0.338865
0.338147
0.337989
0.338002
0.337715
0.337758
0.33934
0.338566
0.338204
0.337153
0.337502
0.339496
0.339464
0.339437
0.339436
0.339481
0.339494
0.338542
0.337026
0.337001
0.337005
0.337077
0.33716
0.337207
0.337273
0.337346
0.337436
0.337587
0.337754
0.338166
0.338932
0.338665
0.337724
0.337585
0.337595
0.33778
0.339506
0.339543
0.339518
0.339355
0.339078
0.339431
0.339459
0.338361
0.338433
0.33956
0.339496
0.339235
0.338854
0.339308
0.339483
0.338849
0.338522
0.338294
0.337787
0.337834
0.338326
0.338951
0.33874
0.337152
0.337506
0.339848
0.339773
0.339671
0.339533
0.339315
0.338822
0.33752
0.337027
0.337002
0.337006
0.337081
0.337168
0.337222
0.337298
0.337381
0.337496
0.337705
0.337972
0.338631
0.339261
0.338902
0.337863
0.337651
0.337661
0.33786
0.339106
0.339828
0.339824
0.339468
0.339487
0.339788
0.339707
0.338877
0.338806
0.339434
0.339551
0.339755
0.339431
0.339695
0.339813
0.33945
0.33907
0.338596
0.337895
0.337946
0.338125
0.339249
0.338925
0.337148
0.337512
0.339968
0.339837
0.339633
0.339303
0.338789
0.338014
0.337157
0.337027
0.337002
0.337007
0.337083
0.337174
0.337233
0.337317
0.33741
0.337546
0.337805
0.338144
0.338966
0.3394
0.338878
0.337985
0.337706
0.337713
0.337908
0.338858
0.339833
0.339902
0.339607
0.339679
0.339799
0.339722
0.339214
0.339069
0.339168
0.33952
0.339931
0.33974
0.3398
0.3399
0.339658
0.339327
0.338776
0.337984
0.338033
0.338119
0.339258
0.338791
0.337142
0.337521
0.33992
0.339741
0.339474
0.339023
0.338356
0.337555
0.337066
0.337026
0.337001
0.337006
0.337081
0.337171
0.337232
0.337318
0.337414
0.337559
0.337838
0.338201
0.339069
0.339379
0.338757
0.338028
0.337718
0.337723
0.337906
0.33871
0.339699
0.339822
0.339599
0.339667
0.339671
0.339607
0.339292
0.339139
0.338987
0.339432
0.339886
0.339771
0.339722
0.339819
0.339598
0.33932
0.338798
0.338006
0.33805
0.33808
0.339106
0.338595
0.337135
0.33753
0.337797
0.337869
0.337849
0.337865
0.337845
0.337786
0.337145
0.336996
0.337003
0.337007
0.337011
0.337013
0.337006
0.337005
0.336998
0.336979
0.336957
0.336954
0.336957
0.336969
0.336992
0.336996
0.33699
0.336983
0.336968
0.336957
0.336952
0.336955
0.336956
0.336969
0.336985
0.33695
0.33695
0.33695
0.33695
0.33695
0.33695
0.33695
0.33695
0.33695
0.33695
0.33695
0.33695
0.33695
0.33695
0.33695
0.33695
0.33695
0.33695
0.33695
0.33695
0.33695
0.336949
0.336865
0.322061
0.303793
0.156582
0.120947
0.147091
0.175272
0.0859745
0.336951
0.0539327
0.0630676
0.0923751
0.087578
0.0907282
0.109115
0.144452
0.16632
0.165236
0.206149
0.221747
0.276254
0.366089
0.317154
0.339945
0.336957
0.33695
0.33695
0.33695
0.33695
0.336955
0.337142
0.337343
0.33695
0.33695
0.332342
0.337489
0.337837
0.337476
0.337859
0.337491
0.337502
0.337861
0.337868
0.337004
0.337004
0.337004
0.337009
0.337012
0.337008
0.337007
0.337005
0.336989
0.336966
0.336952
0.336958
0.336962
0.336979
0.336999
0.336994
0.336988
0.336975
0.336963
0.336952
0.336953
0.336955
0.336961
0.336971
0.336986
0.33695
0.33695
0.33695
0.336971
0.33695
0.33695
0.33695
0.143235
0.33695
0.33695
0.33695
0.33695
0.33695
0.33695
0.33695
0.33695
0.33695
0.33695
0.33695
0.33695
0.33695
0.33695
0.33695
0.33695
0.336933
0.335223
0.324
0.228054
0.133628
0.119884
0.0909292
0.0590906
0.0431333
0.0566882
0.0901702
0.0920427
0.103385
0.13389
0.159834
0.17887
0.215264
0.205131
0.162828
0.260502
0.337074
0.33695
0.33695
0.33695
0.33695
0.33695
0.33695
0.33695
0.336983
0.337348
0.33749
0.337503
0.337494
0.336969
0.33697
0.336973
0.336976
0.336977
0.336974
0.336971
0.336969
0.336963
0.336953
0.336953
0.336953
0.336957
0.336967
0.336968
0.336968
0.336966
0.336959
0.336953
0.336951
0.336953
0.336953
0.336954
0.33695
0.33695
0.33695
0.33695
0.33695
0.33695
0.33695
0.33695
0.33695
0.33695
0.33695
0.33695
0.33695
0.33695
0.33695
0.33695
0.33695
0.33695
0.336948
0.336731
0.333874
0.277356
0.142288
0.0963077
0.336955
0.161291
0.337494
0.336951
0.33695
0.33695
0.33695
0.33695
0.336963
0.336976
0.336975
0.336973
0.336971
0.336966
0.336957
0.336951
0.336955
0.336955
0.336961
0.336969
0.336969
0.336968
0.336962
0.336957
0.336951
0.336952
0.336953
0.336953
0.33695
0.33695
0.33695
0.33695
0.33695
0.33695
0.33695
0.33695
0.33695
0.33695
0.33695
0.33695
0.33695
0.33695
0.33695
0.336933
0.324487
0.31747
0.196975
0.122017
0.0863683
0.336968
0.336974
0.33703
0.33695
0.33695
0.33695
0.33695
0.337033
0.336951
0.33695
0.336975
0.35127
0.33695
0.337221
0.337212
0.337327
0.337246
0.336951
0.33695
0.336957
0.33695
0.33695
0.33695
0.33695
0.33695
0.33695
0.33695
0.33695
0.33695
0.33695
0.33695
0.33695
0.33695
0.33695
0.33695
0.33695
0.33695
0.33695
0.33695
0.33695
0.33695
0.33695
0.33695
0.33695
0.33695
0.33695
0.33695
0.33695
0.33695
0.33695
0.33695
0.33695
0.33695
0.33695
0.33695
0.33695
0.33695
0.33695
0.1584
0.337027
0.33695
0.33695
0.33695
0.33695
0.33695
0.33695
0.33695
0.33695
0.33695
0.33695
0.33695
0.33695
0.33695
0.33695
0.33695
0.33695
0.33695
0.336945
0.324807
0.329324
0.226061
0.155479
0.0782477
0.0450196
0.336959
0.336953
0.0858294
0.0719061
0.164324
0.0676618
0.0704829
0.0834489
0.33695
0.337427
0.33695
0.336951
0.33695
0.347201
0.338903
0.33695
0.33695
0.33695
0.33695
0.33695
0.336976
0.336956
0.336961
0.33695
0.33695
0.33695
0.33695
0.336951
0.336954
0.337338
0.0937551
0.103705
0.135128
0.170974
0.156488
0.15184
0.104772
0.121374
0.133603
0.157745
0.33695
0.33695
0.337234
0.337099
0.337084
0.33695
0.33695
0.337126
0.33695
0.33695
0.056709
0.0622055
0.0787146
0.337131
0.33695
0.33695
0.337242
0.337101
0.340424
0.33695
0.33695
0.33695
0.33695
0.33695
0.33695
0.33695
0.33695
0.337024
0.33695
0.33695
0.33695
0.33695
0.33695
0.33695
0.33695
0.33695
0.33695
0.33695
0.33695
0.33695
0.33695
0.33695
0.33695
0.33695
0.33695
0.33695
0.33695
0.0701273
0.33695
0.33695
0.33695
0.33695
0.33695
0.33695
0.33695
0.33695
0.33695
0.336981
0.33695
0.33695
0.33695
0.33695
0.33695
0.33695
0.33695
0.33695
0.33695
0.33695
0.33695
0.33695
0.33695
0.33695
0.33695
0.33695
0.336949
0.336726
0.334208
0.295342
0.187271
0.104041
0.33695
0.33695
0.0904265
0.33721
0.336978
0.337055
0.33695
0.33695
0.337233
0.337089
0.337097
0.33695
0.33695
0.33695
0.33695
0.337079
0.33695
0.119052
0.0987762
0.171438
0.16869
0.148729
0.113245
0.135879
0.33695
0.269973
0.327854
0.334654
0.33695
0.131474
0.33695
0.33695
0.120963
0.323221
0.329836
0.33693
0.33695
0.33695
0.33695
0.33695
0.33695
0.33695
0.33695
0.33695
0.33695
0.33695
0.33695
0.33695
0.33695
0.33695
0.33695
0.33695
0.33695
0.33695
0.33695
0.33695
0.33695
0.33695
0.33695
0.33695
0.33695
0.33695
0.33695
0.33695
0.33695
0.33695
0.33695
0.33695
0.33695
0.33695
0.33695
0.33695
0.33695
0.33695
0.33695
0.33695
0.33695
0.33695
0.33695
0.33695
0.336949
0.0874431
0.33695
0.33695
0.33695
0.33695
0.33695
0.33695
0.336968
0.337006
0.33695
0.33695
0.33695
0.33695
0.33695
0.33695
0.33695
0.33695
0.33695
0.33695
0.33695
0.33695
0.33695
0.33695
0.33695
0.33695
0.33695
0.0939588
0.33695
0.33695
0.33695
0.33695
0.33695
0.33695
0.33695
0.33695
0.33695
0.33695
0.160343
0.33695
0.260872
0.33695
0.33695
0.0859197
0.33695
0.33695
0.33695
0.33695
0.33695
0.33695
0.33695
0.33695
0.33695
0.33695
0.33695
0.33695
0.33695
0.33695
0.33695
0.33695
0.33695
0.33695
0.33695
0.33695
0.33695
0.33695
0.33695
0.33695
0.33695
0.33695
0.33695
0.33695
0.33695
0.33695
0.33695
0.33695
0.33695
0.33695
0.33695
0.33695
0.0776604
0.33695
0.33695
0.33695
0.33695
0.336942
0.336401
0.329141
0.33695
0.33695
0.336952
0.33695
0.33695
0.33695
0.0831118
0.33695
0.33695
0.336969
0.337009
0.336956
0.338173
0.33695
0.139776
0.33695
0.33695
0.33695
0.33695
0.33695
0.33695
0.33695
0.33695
0.336952
0.33695
0.336957
0.352058
0.316374
0.340515
0.33695
0.162068
0.115156
0.263484
0.33695
0.33695
0.33695
0.33695
0.33695
0.33695
0.33695
0.33695
0.33695
0.33695
0.33695
0.172659
0.151958
0.160104
0.201941
0.33695
0.33695
0.33695
0.336955
0.33695
0.33695
0.33695
0.321802
0.332588
0.302581
0.33695
0.33695
0.0955785
0.0814508
0.337018
0.20654
0.33695
0.33695
0.337012
0.312787
0.33695
0.33695
0.337019
0.33698
0.336978
0.33695
0.33695
0.33695
0.33695
0.33695
0.33695
0.33695
0.33695
0.33695
0.336964
0.33695
0.105963
0.33695
0.33695
0.33695
0.336949
0.33695
0.33695
0.33695
0.33695
0.33695
0.33695
0.33695
0.33695
0.33695
0.33695
0.33695
0.33695
0.33695
0.33695
0.33695
0.33695
0.33695
0.33695
0.33695
0.33695
0.33695
0.33695
0.33695
0.072247
0.33695
0.33689
0.329215
0.329827
0.33695
0.159832
0.33695
0.33695
0.114804
0.0869572
0.0909817
0.33695
0.33695
0.33695
0.08215
0.0824893
0.086273
0.134596
0.337029
0.337169
0.156581
0.33695
0.30439
0.334832
0.335251
0.336951
0.33695
0.33695
0.33695
0.33695
0.33695
0.334044
0.33695
0.33695
0.33695
0.21456
0.33695
0.33695
0.33695
0.33695
0.33695
0.33695
0.33695
0.33695
0.33695
0.33695
0.34557
0.33695
0.33695
0.33695
0.33695
0.33695
0.33695
0.33695
0.33695
0.336975
0.336951
0.33695
0.33695
0.33695
0.33695
0.33695
0.33695
0.33695
0.33695
0.33695
0.33695
0.33695
0.33695
0.336962
0.336953
0.33695
0.33695
0.33695
0.33695
0.33695
0.33695
0.33695
0.33695
0.33695
0.169063
0.33695
0.336949
0.33695
0.33695
0.333931
0.33695
0.33695
0.33695
0.33695
0.33695
0.33695
0.33695
0.33695
0.33695
0.33695
0.33695
0.33695
0.101083
0.33695
0.33695
0.336817
0.336943
0.335406
0.33695
0.33695
0.33695
0.33695
0.33695
0.33695
0.0716576
0.33695
0.33695
0.33695
0.33695
0.33695
0.33695
0.33695
0.33695
0.33695
0.33695
0.33695
0.33695
0.33695
0.33695
0.33695
0.122649
0.33695
0.33695
0.33695
0.33695
0.337015
0.336977
0.336979
0.33695
0.33695
0.33695
0.33695
0.33695
0.33695
0.33695
0.33695
0.33695
0.33695
0.33695
0.128363
0.33695
0.33695
0.33695
0.33695
0.33695
0.33695
0.33695
0.33695
0.33695
0.33695
0.0716265
0.33695
0.33695
0.33695
0.33695
0.337124
0.336992
0.33695
0.33695
0.33695
0.33695
0.33695
0.33695
0.085423
0.33695
0.33695
0.33695
0.33695
0.12416
0.33695
0.33695
0.33695
0.33695
0.33695
0.33695
0.331094
0.33695
0.33695
0.345106
0.33695
0.33695
0.33695
0.33695
0.33695
0.33695
0.33695
0.33695
0.336961
0.0669996
0.33695
0.33695
0.117159
0.33695
0.33695
0.337502
0.33695
0.33695
0.33695
0.33695
0.343542
0.0902591
0.0763131
0.33695
0.33695
0.33695
0.33695
0.33695
0.33695
0.33695
0.341038
0.34176
0.33695
0.12819
0.34424
0.33695
0.334356
0.33695
0.33695
0.33695
0.33695
0.0841031
0.33695
0.33695
0.33696
0.336954
0.33695
0.33695
0.33695
0.33695
0.33695
0.33695
0.336953
0.336951
0.336959
0.33695
0.33695
0.33695
0.33695
0.186557
0.33695
0.33695
0.33695
0.33695
0.33695
0.136811
0.301175
0.322897
0.268048
0.33695
0.33695
0.33695
0.33695
0.33695
0.33695
0.33695
0.335746
0.33695
0.340075
0.33695
0.333844
0.33695
0.33695
0.33696
0.336953
0.336953
0.33695
0.33695
0.33695
0.33695
0.33695
0.33695
0.33695
0.33695
0.340775
0.338063
0.337326
0.33695
0.33695
0.33695
0.33695
0.33695
0.33695
0.33695
0.33695
0.0944606
0.33695
0.33695
0.33695
0.0664676
0.33695
0.33695
0.33695
0.33695
0.33695
0.33695
0.33695
0.339567
0.33695
0.33695
0.336225
0.33695
0.0873984
0.33695
0.33695
0.33695
0.33695
0.33695
0.33695
0.33695
0.33695
0.33695
0.33695
0.33695
0.33695
0.33695
0.33695
0.334767
0.0753446
0.068339
0.0773378
0.33695
0.33695
0.33695
0.33695
0.33695
0.33695
0.33695
0.33695
0.33695
0.33695
0.109241
0.338275
0.337547
0.33695
0.338376
0.33695
0.33695
0.33695
0.33695
0.126834
0.33695
0.33695
0.33695
0.33695
0.33695
0.33695
0.33695
0.33695
0.33695
0.33695
0.33695
0.33695
0.33695
0.33695
0.33695
0.33695
0.33695
0.33695
0.33695
0.336953
0.33695
0.33695
0.33695
0.33695
0.33695
0.33695
0.33695
0.33695
0.33695
0.33695
0.33695
0.33695
0.33695
0.33695
0.33695
0.33695
0.33695
0.331766
0.336951
0.33695
0.33695
0.336952
0.33695
0.33695
0.33695
0.33695
0.33695
0.33695
0.33695
0.33695
0.33695
0.33695
0.33695
0.33695
0.33695
0.33695
0.33695
0.339829
0.33695
0.33695
0.33695
0.33695
0.336962
0.33695
0.33695
0.33695
0.337674
0.33695
0.33695
0.337042
0.336982
0.33695
0.33695
0.33695
0.33695
0.0791583
0.33695
0.336954
0.33695
0.33695
0.33695
0.33695
0.33695
0.33695
0.33695
0.33695
0.33627
0.33695
0.33695
0.33695
0.212145
0.33695
0.336905
0.336888
0.342027
0.330576
0.33695
0.33695
0.33695
0.33695
0.133416
0.10317
0.33819
0.33695
0.33695
0.334281
0.327917
0.33695
0.0788498
0.33695
0.33695
0.33695
0.33695
0.33695
0.33695
0.33695
0.33695
0.336949
0.0688363
0.336951
0.264145
0.33695
0.33695
0.33695
0.33695
0.33695
0.33695
0.336951
0.33695
0.336951
0.33695
0.0776394
0.0827601
0.33695
0.33695
0.33695
0.33695
0.33695
0.33695
0.33695
0.33695
0.33695
0.337614
0.33695
0.33695
0.33695
0.33695
0.33695
0.336956
0.33695
0.33695
0.33695
0.33695
0.33695
0.33695
0.343372
0.33695
0.33695
0.33695
0.337101
0.337014
0.33695
0.33695
0.33695
0.33695
0.33695
0.33695
0.33695
0.33695
0.33695
0.33695
0.33695
0.33695
0.202494
0.33695
0.33695
0.33695
0.33695
0.33695
0.33695
0.33695
0.33695
0.33695
0.33695
0.33695
0.33695
0.33695
0.33695
0.337129
0.337037
0.33695
0.33695
0.33695
0.33695
0.33695
0.33695
0.166861
0.33695
0.33695
0.33695
0.33695
0.33695
0.33695
0.33695
0.33695
0.119156
0.192257
0.33695
0.33695
0.33695
0.33695
0.33695
0.33695
0.33695
0.33695
0.33695
0.33695
0.340831
0.33718
0.33695
0.336905
0.33695
0.33695
0.33695
0.33695
0.33695
0.33695
0.33695
0.33695
0.321365
0.0802455
0.33695
0.33695
0.33695
0.33695
0.33695
0.33695
0.336956
0.33695
0.339196
0.3377
0.33695
0.340766
0.33688
0.336148
0.336932
0.336943
0.33695
0.33695
0.336947
0.33695
0.33695
0.33695
0.33695
0.33695
0.33695
0.33706
0.33695
0.33695
0.33695
0.33695
0.33695
0.33695
0.33695
0.33695
0.132373
0.136569
0.336951
0.33695
0.33695
0.3372
0.33695
0.33695
0.33695
0.325362
0.314765
0.336951
0.336965
0.33695
0.336951
0.33695
0.33695
0.33695
0.336957
0.336958
0.336975
0.155771
0.33695
0.336973
0.336961
0.336962
0.156641
0.341531
0.33695
0.33695
0.258363
0.341786
0.286931
0.336985
0.33695
0.336951
0.3377
0.323806
0.33695
0.33695
0.33695
0.335529
0.33695
0.33695
0.33695
0.33695
0.33695
0.33695
0.33695
0.33695
0.338722
0.338172
0.33695
0.337059
0.336989
0.33695
0.33695
0.336952
0.33695
0.33695
0.33695
0.33695
0.33695
0.336968
0.33697
0.33695
0.336962
0.33696
0.338405
0.33695
0.33695
0.33695
0.33695
0.337017
0.337037
0.33695
0.336952
0.336956
0.33695
0.33695
0.336954
0.336951
0.336953
0.33695
0.33695
0.339147
0.339892
0.33695
0.33695
0.33695
0.33695
0.336954
0.33695
0.337164
0.337036
0.33695
0.336957
0.337122
0.33695
0.33695
0.33695
0.338028
0.337443
0.33695
0.336982
0.33695
0.33695
0.336951
0.337028
0.33709
0.337126
0.337059
0.336951
0.33695
0.33695
0.33695
0.33695
0.33695
0.33695
0.336955
0.33695
0.336963
0.336958
0.33695
0.33695
0.336955
0.33695
0.336951
0.33695
0.33695
0.33695
0.33695
0.336969
0.33695
0.337014
0.336953
0.336952
0.33695
0.33695
0.336957
0.336964
0.33695
0.33695
0.336951
0.33695
0.337779
0.33784
0.337848
0.337893
0.337841
0.337797
0.337142
0.336955
0.33695
0.33695
0.33695
0.33695
0.336957
0.340209
0.265066
0.355023
0.161835
0.20583
0.197121
0.191293
0.189191
0.192115
0.179393
0.157684
0.13257
0.111035
0.05122
0.0366428
0.0464369
0.209989
0.070274
0.177578
0.12381
0.102168
0.121554
0.33077
0.335164
0.335768
0.336949
0.33695
0.33695
0.33695
0.33695
0.33695
0.33695
0.33695
0.33695
0.33695
0.33695
0.33695
0.33695
0.33695
0.33695
0.33695
0.33695
0.33695
0.33695
0.33695
0.33695
0.336985
0.336987
0.336967
0.336956
0.336954
0.336952
0.336959
0.336963
0.336968
0.336971
0.336984
0.336981
0.336978
0.336984
0.336995
0.336995
0.336983
0.336997
0.337
0.33701
0.337005
0.336981
0.336984
0.336981
0.336988
0.337435
0.337348
0.299959
0.33695
0.336961
0.337458
0.337819
0.337464
0.337889
0.33786
0.337521
0.337486
0.337871
0.337034
0.336984
0.0883503
0.336963
0.33695
0.33695
0.33695
0.33695
0.33695
0.337065
0.277261
0.336951
0.184419
0.190647
0.19155
0.189776
0.190106
0.191121
0.172458
0.152973
0.123408
0.0995252
0.0448114
0.0374511
0.117101
0.112176
0.100111
0.228601
0.329628
0.334677
0.336574
0.33695
0.33695
0.33695
0.33695
0.33695
0.33695
0.33695
0.33695
0.33695
0.33695
0.33695
0.33695
0.33695
0.33695
0.33695
0.33695
0.33695
0.33695
0.33695
0.33695
0.337509
0.33695
0.336957
0.336974
0.336955
0.33696
0.336955
0.336952
0.336955
0.336961
0.336967
0.336971
0.336976
0.336985
0.336975
0.336981
0.336992
0.336995
0.336989
0.336988
0.336996
0.337009
0.337008
0.33699
0.336982
0.336989
0.33698
0.337081
0.158779
0.33695
0.337493
0.336951
0.33695
0.33695
0.33695
0.33695
0.336977
0.358328
0.158713
0.110915
0.163674
0.328092
0.334604
0.335802
0.33695
0.33695
0.33695
0.33695
0.33695
0.33695
0.33695
0.33695
0.33695
0.33695
0.33695
0.33695
0.33695
0.33695
0.33695
0.33695
0.33695
0.33695
0.336954
0.336953
0.336951
0.336952
0.336955
0.336958
0.336959
0.336957
0.336963
0.336962
0.336965
0.336966
0.336967
0.336964
0.336963
0.33697
0.336975
0.336975
0.336966
0.336961
0.336969
0.336963
0.337007
0.33695
0.33695
0.33695
0.33695
0.33695
0.33695
0.33695
0.33695
0.33695
0.33695
0.33695
0.33695
0.33695
0.336955
0.336956
0.336959
0.336958
0.33696
0.336964
0.336963
0.336966
0.336966
0.336967
0.33696
0.336969
0.336971
0.336975
0.336973
0.336961
0.336966
0.336966
0.336964
0.337541
0.337491
0.33695
0.33695
0.33695
0.33695
0.33695
0.33695
0.33695
0.33695
0.33695
0.336932
0.335458
0.334233
0.293726
0.106993
0.10571
0.116926
0.0985096
0.33695
0.336953
0.336953
0.337211
0.337463
0.336951
0.33695
0.337028
0.154635
0.33695
0.33695
0.33695
0.33695
0.33695
0.33695
0.33695
0.33695
0.33695
0.33695
0.336979
0.337044
0.123912
0.347005
0.33695
0.33695
0.33695
0.0679972
0.33695
0.336951
0.33695
0.336956
0.336961
0.336982
0.336954
0.147361
0.33695
0.165778
0.306106
0.0919008
0.12113
0.13705
0.338551
0.239455
0.199247
0.281939
0.335075
0.327737
0.324208
0.334722
0.336845
0.33153
0.334711
0.331913
0.33695
0.334316
0.335855
0.33695
0.336949
0.336944
0.33695
0.33695
0.33695
0.33695
0.33695
0.33695
0.33695
0.33695
0.33695
0.33695
0.33695
0.33695
0.33695
0.33695
0.33695
0.33695
0.33695
0.33695
0.33695
0.33695
0.33695
0.33695
0.33695
0.33695
0.33695
0.33695
0.33695
0.33695
0.33695
0.33695
0.33695
0.33695
0.33695
0.33695
0.33695
0.33695
0.33695
0.33695
0.337187
0.337068
0.33695
0.33695
0.33695
0.33695
0.33695
0.33695
0.33695
0.33695
0.33695
0.33695
0.33695
0.33695
0.33695
0.33695
0.33695
0.33695
0.33695
0.33695
0.33695
0.33695
0.33695
0.33695
0.336956
0.337294
0.33695
0.33695
0.337225
0.161516
0.337338
0.172279
0.212632
0.20083
0.171029
0.140299
0.118723
0.100318
0.0603008
0.0551881
0.0622333
0.0608126
0.0940792
0.0977428
0.33695
0.33695
0.337132
0.33695
0.337074
0.33695
0.337229
0.33695
0.33695
0.245614
0.253241
0.337252
0.337123
0.337098
0.0853855
0.33695
0.33695
0.33695
0.33695
0.33695
0.33695
0.335155
0.33695
0.335399
0.337004
0.33695
0.33695
0.33695
0.338952
0.13189
0.33695
0.33695
0.33695
0.0803952
0.33695
0.336969
0.33695
0.33695
0.33695
0.33695
0.33695
0.33695
0.33695
0.33695
0.33695
0.33695
0.33695
0.33695
0.337242
0.33695
0.337089
0.33695
0.33695
0.33695
0.33695
0.33695
0.33695
0.33695
0.33695
0.33695
0.33695
0.33695
0.33695
0.33695
0.33695
0.33695
0.33695
0.33695
0.33695
0.33695
0.33695
0.33712
0.33695
0.153218
0.196964
0.207098
0.2343
0.18015
0.337213
0.337083
0.265934
0.127899
0.114474
0.0890913
0.33695
0.33695
0.33695
0.33695
0.33695
0.33695
0.33695
0.33695
0.33695
0.33695
0.33695
0.33695
0.33695
0.33695
0.33695
0.33695
0.33695
0.33695
0.33695
0.33695
0.33695
0.33695
0.33695
0.33695
0.33695
0.336952
0.33695
0.33695
0.33695
0.33695
0.33695
0.33695
0.33695
0.33695
0.33695
0.33695
0.33695
0.33695
0.33695
0.33695
0.33695
0.33695
0.33695
0.33695
0.33695
0.33695
0.33695
0.33695
0.33695
0.33695
0.33695
0.33695
0.33695
0.33695
0.33695
0.33695
0.33695
0.080826
0.337011
0.33695
0.33695
0.33695
0.33695
0.33695
0.11278
0.33695
0.337033
0.33695
0.33695
0.33695
0.33692
0.171063
0.33695
0.33695
0.33695
0.0824999
0.0772541
0.0820573
0.334318
0.33695
0.33695
0.33695
0.33695
0.33695
0.33695
0.33695
0.33695
0.33695
0.33695
0.33695
0.33695
0.33695
0.33695
0.33695
0.33695
0.33695
0.33695
0.33695
0.337
0.336966
0.336973
0.33695
0.33695
0.341975
0.188518
0.338491
0.337274
0.3428
0.33695
0.33695
0.33695
0.295616
0.33695
0.33695
0.33695
0.33695
0.33695
0.33695
0.33695
0.33695
0.33695
0.33695
0.33695
0.33695
0.33695
0.33695
0.33695
0.33695
0.33695
0.33695
0.33695
0.33695
0.33695
0.33695
0.33695
0.33695
0.336951
0.336955
0.33695
0.33695
0.33695
0.33695
0.33695
0.33695
0.33695
0.33695
0.33695
0.33695
0.33695
0.33695
0.33695
0.33695
0.33695
0.33695
0.33695
0.33695
0.33695
0.291257
0.222291
0.215899
0.192881
0.33695
0.33695
0.337009
0.33697
0.33695
0.33695
0.0781784
0.0894961
0.33695
0.33695
0.0862409
0.115132
0.33695
0.33695
0.33695
0.33695
0.33695
0.33695
0.33695
0.348619
0.341909
0.344786
0.337016
0.336977
0.337024
0.336981
0.33695
0.0827352
0.320321
0.33695
0.336952
0.336957
0.33695
0.33695
0.33695
0.33695
0.33695
0.33695
0.33695
0.33695
0.33695
0.33695
0.33695
0.147723
0.190911
0.33695
0.33695
0.33695
0.33695
0.33695
0.336955
0.336969
0.33695
0.162909
0.136646
0.336744
0.336789
0.324118
0.334887
0.334251
0.333839
0.331843
0.334648
0.332851
0.189084
0.33695
0.0713242
0.33695
0.33695
0.33695
0.337023
0.336979
0.33695
0.33695
0.33695
0.33695
0.33695
0.33695
0.33695
0.33695
0.33695
0.195262
0.33695
0.33695
0.33695
0.33695
0.33695
0.33695
0.33695
0.33695
0.33695
0.33695
0.336948
0.33695
0.33695
0.33695
0.33695
0.33695
0.33695
0.33695
0.33695
0.33695
0.33695
0.33695
0.33695
0.10272
0.33695
0.33695
0.33695
0.33695
0.33695
0.33695
0.28993
0.124017
0.33695
0.33695
0.33695
0.33695
0.33695
0.33695
0.33695
0.33695
0.33695
0.33695
0.33695
0.33695
0.33695
0.33695
0.33695
0.33695
0.33695
0.33695
0.33695
0.33695
0.33695
0.33695
0.33695
0.33695
0.33695
0.33695
0.33695
0.33695
0.33695
0.33695
0.33695
0.33695
0.33695
0.33695
0.267565
0.33695
0.33695
0.33695
0.33695
0.33695
0.33695
0.333558
0.33695
0.33695
0.30759
0.33695
0.33695
0.33695
0.33695
0.33695
0.0698575
0.33695
0.33695
0.139071
0.33695
0.33695
0.33695
0.33695
0.33695
0.33695
0.33695
0.33695
0.33695
0.33695
0.33885
0.33695
0.33695
0.33695
0.33695
0.33695
0.33695
0.33695
0.33695
0.078953
0.0802922
0.33695
0.33695
0.33695
0.33695
0.33695
0.33695
0.33695
0.33695
0.241546
0.33695
0.33695
0.33695
0.33695
0.33695
0.33695
0.33695
0.33695
0.0865392
0.33695
0.33695
0.33695
0.33695
0.33695
0.33695
0.33695
0.33695
0.33695
0.33695
0.33696
0.33695
0.33695
0.336947
0.113614
0.33695
0.33695
0.33695
0.33695
0.140981
0.33695
0.33695
0.33695
0.0848767
0.33695
0.33695
0.339411
0.33695
0.33695
0.33695
0.33695
0.33695
0.33695
0.33695
0.33695
0.33695
0.33695
0.339777
0.339063
0.336878
0.33695
0.33695
0.33695
0.33695
0.225721
0.2943
0.339082
0.338283
0.336961
0.33695
0.33695
0.33695
0.0750648
0.33695
0.336965
0.251966
0.336953
0.33696
0.336951
0.33695
0.0814712
0.33695
0.100556
0.33695
0.33695
0.328693
0.33695
0.33695
0.33695
0.33695
0.33695
0.33695
0.33695
0.33695
0.33695
0.33695
0.33695
0.33695
0.33695
0.336517
0.336928
0.33695
0.33695
0.336951
0.33695
0.33695
0.336951
0.33695
0.33695
0.33695
0.0729503
0.33695
0.33695
0.139773
0.335079
0.335189
0.33695
0.33695
0.33695
0.33695
0.336958
0.33695
0.337208
0.336994
0.337711
0.33695
0.33695
0.33695
0.33695
0.338998
0.336953
0.33695
0.33695
0.33695
0.33695
0.33695
0.33695
0.33695
0.33695
0.33695
0.33695
0.33695
0.33695
0.33695
0.33695
0.33695
0.33695
0.33695
0.33695
0.33695
0.33695
0.33695
0.33695
0.33695
0.126487
0.33695
0.33695
0.33695
0.33695
0.33695
0.336952
0.33695
0.33695
0.33695
0.33695
0.33695
0.336953
0.33695
0.33695
0.33695
0.336954
0.33695
0.33695
0.33695
0.33695
0.33695
0.33695
0.34434
0.33695
0.33695
0.33695
0.194609
0.149626
0.257641
0.33695
0.33695
0.33695
0.33741
0.33695
0.33695
0.327371
0.33695
0.33695
0.33695
0.33695
0.33695
0.33695
0.33695
0.33695
0.33695
0.33695
0.33695
0.0744687
0.332219
0.336094
0.119357
0.212814
0.0761645
0.155655
0.33695
0.33695
0.33695
0.336951
0.33695
0.33695
0.33695
0.33695
0.336951
0.33695
0.33695
0.33695
0.33695
0.33695
0.33695
0.33695
0.114813
0.0798833
0.0760602
0.127029
0.33695
0.33695
0.33695
0.33695
0.33695
0.33695
0.33695
0.33695
0.33695
0.33695
0.33695
0.33695
0.33695
0.33695
0.33695
0.33695
0.33695
0.33695
0.33695
0.33695
0.33695
0.0904511
0.108244
0.0837357
0.33695
0.33695
0.33695
0.33695
0.33695
0.33695
0.33695
0.33695
0.134763
0.139366
0.33695
0.33695
0.33695
0.33695
0.33695
0.33695
0.33695
0.33695
0.33695
0.33695
0.33695
0.33695
0.33695
0.33695
0.33695
0.33695
0.33695
0.33695
0.33695
0.336951
0.336952
0.336951
0.33695
0.33695
0.33695
0.33695
0.33695
0.33695
0.33695
0.33695
0.33695
0.33695
0.33695
0.33695
0.33695
0.33695
0.33695
0.33695
0.339238
0.33695
0.342132
0.327581
0.33695
0.33695
0.336961
0.336953
0.33695
0.33695
0.33695
0.33695
0.33695
0.33695
0.33695
0.315986
0.33695
0.33695
0.33695
0.33695
0.33695
0.33695
0.33695
0.33695
0.33695
0.33695
0.336989
0.33695
0.336951
0.33695
0.33695
0.334583
0.337595
0.33695
0.33695
0.33695
0.33695
0.333232
0.33695
0.33695
0.33695
0.33695
0.33695
0.33695
0.33695
0.33695
0.33695
0.337361
0.33695
0.33695
0.33695
0.33695
0.33695
0.33695
0.33695
0.33695
0.33695
0.33695
0.33695
0.33695
0.33695
0.33695
0.33695
0.33695
0.33695
0.33695
0.33695
0.33695
0.33782
0.33695
0.336952
0.336958
0.334601
0.33695
0.338899
0.33695
0.337178
0.337135
0.33695
0.33695
0.33695
0.33695
0.33695
0.33695
0.33695
0.33695
0.33695
0.33695
0.33774
0.334269
0.33695
0.33695
0.33695
0.33695
0.33695
0.33695
0.33695
0.33695
0.33695
0.337077
0.33695
0.337809
0.33695
0.33695
0.33695
0.33695
0.33695
0.33695
0.33695
0.33695
0.336111
0.336082
0.33695
0.336914
0.336964
0.33695
0.33695
0.33695
0.33695
0.33695
0.33695
0.33695
0.29926
0.33695
0.33695
0.33695
0.33695
0.33695
0.33695
0.33695
0.33695
0.33695
0.33695
0.33695
0.33695
0.33695
0.33695
0.33695
0.33695
0.33695
0.33695
0.33695
0.337028
0.33695
0.33695
0.33695
0.33695
0.33695
0.33695
0.33695
0.33695
0.33695
0.33695
0.33695
0.33695
0.33695
0.33695
0.33695
0.33695
0.33695
0.33695
0.33695
0.33695
0.33695
0.33695
0.33695
0.162863
0.33695
0.33695
0.33695
0.33695
0.33695
0.33695
0.33695
0.33695
0.33695
0.33695
0.33695
0.337057
0.33695
0.337112
0.33695
0.33695
0.33695
0.33695
0.332628
0.33695
0.336997
0.337535
0.33695
0.33695
0.33695
0.33695
0.33695
0.33695
0.33695
0.33695
0.33695
0.337022
0.33695
0.337063
0.337243
0.337158
0.337091
0.33695
0.082911
0.336966
0.149025
0.125995
0.259309
0.338172
0.33695
0.0863591
0.336956
0.336989
0.336965
0.336987
0.33695
0.33695
0.33695
0.33695
0.33695
0.33695
0.106075
0.101012
0.33695
0.336951
0.33695
0.33695
0.33695
0.33695
0.336521
0.33695
0.33695
0.33695
0.33695
0.33695
0.33695
0.33695
0.33697
0.178943
0.33695
0.337817
0.154097
0.33695
0.21648
0.33695
0.340397
0.342984
0.33695
0.33695
0.33695
0.33695
0.33695
0.171648
0.338753
0.33695
0.33695
0.33695
0.337081
0.337211
0.336951
0.336953
0.336986
0.337132
0.33695
0.33695
0.337213
0.33695
0.336952
0.33695
0.336957
0.336953
0.33696
0.33703
0.33695
0.33695
0.33695
0.33695
0.337464
0.337054
0.33695
0.33695
0.33695
0.312439
0.282203
0.336954
0.336225
0.33695
0.343811
0.33695
0.33695
0.33695
0.336964
0.337196
0.337011
0.33695
0.33695
0.337975
0.337241
0.338031
0.337118
0.33695
0.33695
0.33695
0.33695
0.33695
0.33695
0.33695
0.33695
0.33695
0.33695
0.33695
0.33695
0.33695
0.33695
0.336955
0.33695
0.337093
0.337206
0.338597
0.336962
0.33695
0.33695
0.33695
0.336985
0.33695
0.336952
0.33695
0.33695
0.33695
0.33695
0.33695
0.33695
0.33695
0.33695
0.336966
0.33695
0.33695
0.336965
0.33695
0.33695
0.33695
0.336951
0.33695
0.337068
0.337016
0.336954
0.33695
0.336982
0.337449
0.336951
0.336952
0.33695
0.33695
0.33695
0.33695
0.33695
0.33695
0.33695
0.33695
0.33695
0.33695
0.336966
0.336973
0.337069
0.33695
0.336951
0.337
0.336969
0.337014
0.33695
0.3374
0.33695
0.33695
0.33695
0.33695
0.336952
0.33695
0.336951
0.33696
)
;

boundaryField
{
    bullet
    {
        type            nutkWallFunction;
        Cmu             0.09;
        kappa           0.41;
        E               9.8;
        value           nonuniform List<scalar> 
30
(
0.00106076
0.00154
0.0015832
0.00148243
0.00136552
0.00134743
0.00123921
0.00115466
0.0011505
0.00100581
0.00126856
0.00124854
0.00145706
0.00194176
0.00245062
0.00299675
0.00240864
0.00115928
0.000901279
0.000846549
0.000890765
0.000957062
0.000986271
0.00105552
0.00118887
0.00130877
0.00153265
0.00186818
0.00199181
0.00116598
)
;
    }
    topWall
    {
        type            calculated;
        value           nonuniform List<scalar> 
50
(
0.337502
0.337153
0.338204
0.338566
0.338346
0.337758
0.337715
0.338002
0.337989
0.338147
0.338346
0.338647
0.338295
0.33844
0.338961
0.338847
0.338104
0.337946
0.338346
0.338568
0.338547
0.338346
0.338346
0.338346
0.338346
0.337684
0.337549
0.337541
0.337633
0.338237
0.33843
0.337801
0.337599
0.337509
0.337397
0.337322
0.337257
0.337197
0.337154
0.337074
0.337004
0.337
0.337025
0.338346
0.338346
0.338346
0.338346
0.338346
0.338346
0.338346
)
;
    }
    bottomWall
    {
        type            calculated;
        value           nonuniform List<scalar> 
50
(
0.337107
0.337272
0.337599
0.338132
0.338369
0.338094
0.338052
0.337919
0.337785
0.337701
0.337588
0.337452
0.337324
0.337227
0.337107
0.337015
0.336997
0.337016
0.337035
0.338346
0.338346
0.338346
0.338346
0.338346
0.338346
0.337522
0.337639
0.338346
0.338346
0.338346
0.338484
0.338832
0.338346
0.338346
0.338346
0.338346
0.338346
0.338256
0.338323
0.338346
0.338292
0.338346
0.338346
0.338877
0.338323
0.338346
0.337187
0.33703
0.337041
0.337104
)
;
    }
    inlet
    {
        type            calculated;
        value           uniform 0.338346;
    }
    outlet
    {
        type            calculated;
        value           nonuniform List<scalar> 
30
(
0.33695
0.33695
0.33695
0.33695
0.33695
0.33695
0.33695
0.33695
0.33695
0.336985
0.338852
0.339489
0.339832
0.339939
0.339881
0.338854
0.339496
0.339848
0.339968
0.33992
0.336985
0.33695
0.33695
0.33695
0.33695
0.33695
0.33695
0.33695
0.33695
0.33695
)
;
    }
    defaultFaces
    {
        type            empty;
    }
}


// ************************************************************************* //
