/*--------------------------------*- C++ -*----------------------------------*\
  =========                 |
  \\      /  F ield         | OpenFOAM: The Open Source CFD Toolbox
   \\    /   O peration     | Website:  https://openfoam.org
    \\  /    A nd           | Version:  6
     \\/     M anipulation  |
\*---------------------------------------------------------------------------*/
FoamFile
{
    version     2.0;
    format      ascii;
    class       volScalarField;
    location    "0.0002";
    object      p;
}
// * * * * * * * * * * * * * * * * * * * * * * * * * * * * * * * * * * * * * //

dimensions      [1 -1 -2 0 0 0 0];

internalField   nonuniform List<scalar> 
3704
(
100000
100000
100000
100000
100000
100000
100000
100000
100000
100000
100000
100000
100000
100000
100000
100000
100000
100000
100000
100000
100000
100000
100000
100000
100000
100000
100000
100000
100000
100000
100000
100000
100000
100000
100000
100000
100000
100000
100000
100000
100000
100000
100000
100000
100000
100000
100000
100000
100000
99999.9
100000
100000
100000
100000
100000
100000
100000
100000
100000
100000
100000
100000
100000
100000
100000
100000
100000
100000
100000
100000
100000
100000
100000
100000
100000
100000
100000
100000
100000
100000
100000
100000
100000
100000
100000
100000
100000
100000
100000
100000
100000
100000
100000
100000
100000
100000
100000
100000
100000
99999.9
100000
100000
100000
100000
100000
100000
100000
100000
100000
100000
100000
100000
100000
100000
100000
100000
100000
100000
100000
100000
100000
100000
100000
100000
100000
100000
100000
100000
100000
100000
100000
100000
100000
100000
100000
100000
100000
100000
100000
100000
100000
100000
100000
100000
100000
100000
100000
100000
100000
99999.9
100000
100000
100000
100000
100000
100000
100000
100000
100000
100000
100000
100000
100000
100000
100000
100000
100000
100000
100000
100000
100000
100000
100000
100000
100000
100000
100000
100000
100000
100000
100000
100000
100000
100000
100000
100000
100000
100000
100000
100000
100000
100000
100000
100000
100000
100000
100000
100000
100000
99999.9
100000
100000
100000
100000
100000
100000
100000
100000
100000
100000
100000
100000
100000
100000
100000
100000
100000
100000
100000
100000
100000
100000
100000
100000
100000
100000
100000
100000
100000
100000
100000
100000
100000
100000
100000
100000
100000
100000
100000
100000
100000
100000
100000
100000
100000
100000
100000
100000
100000
99999.9
4766.89
3792.16
3014.56
3667.14
10225.3
28727.6
34234.9
58138.6
85862
98658
171286
250645
296723
315496
297308
6816.4
4680.46
3877.26
4279.61
12381.9
35332.2
45478.8
64455.6
90332.1
110139
172304
251162
294653
308934
300822
19569.7
7216.71
6781.22
10149.6
33836.5
42305.3
51788.8
73723.6
99364.1
121607
170604
252465
296251
307698
307839
29703.4
14403.7
14201.8
17611.7
30193.4
48014.2
55054.9
76139
105439
128536
172281
252711
301211
318946
316330
39177
34866.2
32222.1
22713.5
31681
50919.3
58528.3
78538.5
111728
135408
179303
256696
303147
335963
332872
322922
367070
360184
337966
292776
205346
126623
102470
45783.2
37027.9
9906.9
8877.16
2440.94
19415.2
16081.3
319071
360273
351760
330384
290129
219226
136181
108442
68461.7
43560
9210.42
12145.8
6048.9
18914.6
18355.1
308644
358754
347506
325883
287141
219660
150193
112965
75377
59677.4
27720
24585.4
20307.5
18678.5
23188.3
319023
356019
341666
324463
288584
220427
163509
121333
80847
67130.9
30124
34146.3
29855.3
18666.2
25235.4
341104
369025
336107
327085
294981
224356
176723
131625
86211.1
68981.8
34288.9
34628.2
33493.4
19941.4
23742.3
99999.9
100000
100000
100000
100000
100000
100000
100000
100000
100000
100000
100000
100000
100000
100000
100000
100000
100000
100000
100000
100000
100000
100000
100000
100000
100000
100000
100000
100000
100000
100000
100000
100000
100000
100000
100000
100000
100000
100000
100000
100000
100000
100000
100000
100000
100000
100000
100000
100000
100000
99999.9
100000
100000
100000
100000
100000
100000
100000
100000
100000
100000
100000
100000
100000
100000
100000
100000
100000
100000
100000
100000
100000
100000
100000
100000
100000
100000
100000
100000
100000
100000
100000
100000
100000
100000
100000
100000
100000
100000
100000
100000
100000
100000
100000
100000
100000
100000
100000
100000
100000
99999.9
100000
100000
100000
100000
100000
100000
100000
100000
100000
100000
100000
100000
100000
100000
100000
100000
100000
100000
100000
100000
100000
100000
100000
100000
100000
100000
100000
100000
100000
100000
100000
100000
100000
100000
100000
100000
100000
100000
100000
100000
100000
100000
100000
100000
100000
100000
100000
100000
100000
99999.9
100000
100000
100000
100000
100000
100000
100000
100000
100000
100000
100000
100000
100000
100000
100000
100000
100000
100000
100000
100000
100000
100000
100000
100000
100000
100000
100000
100000
100000
100000
100000
100000
100000
100000
100000
100000
100000
100000
100000
100000
100000
100000
100000
100000
100000
100000
100000
100000
100000
99999.9
100000
100000
100000
100000
100000
100000
100000
100000
100000
100000
100000
100000
100000
100000
100000
100000
100000
100000
100000
100000
100000
100000
100000
100000
100000
100000
100000
100000
100000
100000
100000
100000
100000
100000
100000
100000
100000
100000
100000
100000
100000
100000
100000
100000
100000
100000
100000
100000
100000
100000
100000
100000
100000
100000
100000
100000
100000
100000
100000
100000
100000
100000
100000
100000
100000
100000
100000
100000
100000
100000
100000
100000
100000
100000
100000
100000
100000
100000
100000
100000
100000
100000
100000
100000
100000
100000
100000
100000
100000
100000
100000
100000
100000
100000
100000
100000
100000
100000
100000
100000
100000
99999.9
99952.1
88355.6
92644.2
85764.2
78841.4
10628.4
43458.3
38915.2
100001
32533.3
32925.6
42822.6
55957.4
65838.3
88677
130275
153718
163785
208940
267560
349186
356090
296030
101114
100003
100000
100000
100000
100000
100000
100000
100000
100000
100000
60609.1
100000
100000
100000
100000
100000
100000
100000
100000
100000
100000
100000
100000
100000
100000
100000
100000
100000
100000
100000
100000
100000
100000
100000
100000
100000
100000
100000
100000
100000
100000
100000
100000
100000
100000
100000
100000
100000
100000
100000
100000
108453
100000
100000
100000
100000
100000
100000
100000
100000
100000
100000
100000
100000
100000
100000
100000
100000
99991.6
99122.8
92252.8
86319.3
84854.1
61136.6
39728.9
34303.2
35554.2
34076.8
52848.5
62670
78137.9
114172
177652
149273
154452
187170
255105
125424
100058
100000
100000
100000
100000
100000
100000
100000
100000
100000
100000
100000
100000
100000
100000
100000
100000
100000
100000
100000
100000
100000
100000
100000
100000
100000
100000
100000
100000
100000
100000
100000
100000
100000
100000
100000
100000
100000
100000
100000
100000
100000
100000
100000
100000
100000
100000
100000
100000
100000
100000
100000
100000
100000
99998.9
99919.8
97957.8
86068.7
83748.7
71023.2
100004
227770
100238
100001
100000
100000
100000
100000
100000
100000
100000
100000
100000
100000
100000
100000
100000
100000
100000
100000
100000
100000
100000
100000
100000
100000
100000
100000
100000
100000
100000
100000
100000
100000
100000
100000
100000
100000
100000
100000
100000
100000
100000
99990.4
89955.9
90654.6
89345.9
81868.3
48389.1
100000
100000
100000
100000
100000
100000
100000
100000
100000
100000
100013
104664
100000
100000
100000
100000
100000
100000
100000
100000
100000
100000
100000
100000
100000
100000
100000
100000
100000
100000
100000
100000
100000
100000
100000
100000
100000
100000
100000
100000
100000
100000
100000
100000
100000
100000
100000
100000
100000
100000
100000
100000
100000
100000
100000
100000
100000
100000
171755
100000
100000
100000
100000
100000
100000
100000
100000
100000
100000
100000
100000
100000
100000
100000
100000
100000
100000
99996.5
90235.3
97008.3
88023.1
82269.7
69875.9
38965.9
100000
100000
42160.7
37851.9
174856
38482.7
39760.2
42634.6
100000
100198
100000
100001
100000
103519
100693
100000
100000
100000
100000
100000
100012
100003
100000
100000
100000
100000
100000
100000
100000
100000
56793.7
82256.7
146968
193718
228263
260301
160979
166154
151971
160029
100000
100000
100000
100000
100000
100000
100000
100000
100000
100000
43602.2
47144.3
42280.6
100000
100000
100000
100000
100000
111559
100000
100000
100000
100000
100000
100000
100000
100000
100000
100000
100000
100000
100000
100000
100000
100000
100000
100000
100000
100000
100000
100000
100000
100000
100000
100000
100000
100000
50127.8
100000
100000
100000
100000
100000
100000
100000
100000
100000
100000
100000
100000
100000
100000
100000
100000
100000
100000
100000
100000
100000
100000
100000
100000
100000
100000
99999.7
99918.5
98059.8
88286.4
80621.2
83653.9
100000
100000
50099.6
100000
100000
100042
100000
100000
100000
100000
100000
100000
100000
100000
100000
100000
100000
110423
69347.2
192020
209308
245222
154949
259131
100000
89493.9
93417
98512.1
100000
249896
100000
100000
79194.6
97519.1
94151.2
99995.1
100000
100000
100000
100000
100000
100000
100000
100000
100000
100000
100000
100000
100000
100000
100000
100000
100000
100000
100000
100000
100000
100000
100000
100000
100000
100000
100000
100000
100000
100000
100000
100000
100000
100000
100000
100000
100000
100000
100000
100000
100000
100000
100000
100000
99999.7
85379.6
100000
100000
100000
100000
100000
100000
100000
100000
100000
100000
100000
100000
100000
100000
100000
100000
100000
100000
100000
100000
100000
100000
100000
100000
100000
67451.8
100000
100000
100000
100000
100000
100000
100000
100000
100000
100000
156696
100000
91675.6
100000
100000
60123.2
100000
100000
100000
100000
100000
100000
100000
100000
100000
100000
100000
100000
100000
100000
100000
100000
100000
100000
100000
100000
100000
100000
100000
100000
100000
100000
100000
100000
100000
100000
100000
100000
100000
100000
100000
100000
72744.1
100000
100000
100000
100000
99998.1
99769.8
93968.5
100000
100000
100000
100000
100000
100000
56226.8
100000
100000
100000
100000
100000
100494
100000
126065
100000
100000
100000
100000
100000
100000
100000
100000
100000
100000
100000
107146
113956
101409
100000
192921
94414.1
120071
100000
100000
100000
100000
100000
100000
100000
100000
100000
100000
100000
132857
189426
188310
123529
100000
100000
100000
100002
100000
100000
100000
95297.5
98210.3
89852.5
100000
100000
87879.4
88824.1
100000
129099
100000
100000
100000
115613
100000
100000
100000
100000
100000
100000
100000
100000
100000
100000
100000
100000
100000
100000
100008
100000
83275.8
100000
100000
100000
99999.9
100000
100000
100000
100000
100000
100000
100000
100000
100000
100000
100000
100000
100000
100000
100000
100000
100000
100000
100000
100000
100000
100000
100000
58348.2
100000
99984.9
93938.1
93837.7
100000
77983.1
100000
100000
82531
62411.6
67585
100000
100000
100000
61746.4
63976.5
67635.7
125177
100034
100107
154883
100000
114271
109499
110146
100001
100000
100000
100000
100000
100000
98108.6
100000
100000
100000
93152.7
100000
100000
100000
100000
100000
100000
100000
100000
100000
100000
105125
100000
100000
100000
100000
100000
100000
100000
100000
100000
100001
100000
100000
100000
100000
100000
100000
100000
100000
100000
100000
100000
100000
100006
100001
100000
100000
100000
100000
100000
100000
100000
100000
100000
97374
100000
99999.9
100000
100000
97481.3
100000
100000
100000
100000
100000
100000
100000
100000
100000
100000
100000
100000
102963
100000
100000
99941.6
99998.4
98738.7
100000
100000
100000
100000
100000
100000
66783.2
100000
100000
100000
100000
100000
100000
100000
100000
100000
100000
100000
100000
100000
100000
100000
133381
100000
100000
100000
100000
100000
100000
100000
100000
100000
100000
100000
100000
100000
100000
100000
100000
100000
100000
142624
100000
100000
100000
100000
100000
100000
100000
100000
100000
100000
87072.6
100000
100000
100000
100000
100079
100019
100000
100000
100000
100000
100000
100000
89468.8
100000
100000
100000
100000
93567.9
100000
100000
100000
100000
100000
100000
96471.9
100000
100000
103065
100000
100000
100000
100000
100000
100000
100000
100000
100000
77029.8
100000
100000
129625
100000
100000
100233
100000
100000
100000
100000
103886
90735.8
70711.7
100000
100000
100000
100000
100000
100000
100000
102426
102985
100000
138690
106457
100000
97955.7
100000
100000
100000
100000
82447.7
100000
100000
100000
100000
100000
100000
100000
100000
100000
100000
100000
100000
100000
100000
100000
100000
100000
126405
100000
100000
100000
100000
100000
137428
89894.6
91970.3
94198.4
100000
100000
100000
100000
100000
100000
100000
98943.9
100000
101914
100000
97676.2
100000
100000
100000
100000
100000
100000
100000
100000
100000
100000
100000
100000
100000
106885
100435
100186
100000
100000
100000
100000
100000
100000
100000
100000
93839.8
100000
100000
100000
78742.3
100000
100000
100000
100000
100000
100000
100000
100963
100000
100000
99551.3
100000
101148
99999.9
100000
100000
100000
100000
100000
100000
100000
100000
100000
100000
100000
100000
100000
98593
72572.4
74993.7
70289.7
100000
100000
100000
100000
100000
100000
100000
100000
100000
100000
127755
100559
100283
100000
100714
100000
100000
100000
100000
130088
100000
100000
100000
100000
100000
100000
100000
100000
100000
100000
100000
100000
100000
100000
100000
100000
100000
100000
100000
100000
100000
100000
100000
100000
100000
100000
100000
100000
100000
100000
100000
100000
100000
100000
100000
100000
100000
109646
100000
100000
100000
100001
100000
100000
100000
100000
100000
100000
100000
100000
100000
100000
100000
100000
100000
100000
100000
101745
100000
100000
100000
100000
100000
100000
100000
100000
100332
100000
100000
100043
100015
100000
100000
100000
100000
92548.5
100000
100000
100000
100000
100000
100000
100000
100000
100000
100000
99622.2
100000
100000
100000
107574
100000
99979.7
99991.1
101815
110370
100000
100000
100000
100000
127544
119393
100541
100000
100000
98436.4
95629.6
100000
78411.4
100000
100000
100000
100000
100000
100000
100000
99999.9
99999.8
73380
100000
98335.9
100000
100000
100000
100000
100000
100000
100000
100000
100000
100000
91838.6
104325
100000
100000
100000
100000
100000
100000
100000
100000
100000
100416
100000
100000
100000
100000
100000
100004
100000
100000
100000
100000
100000
100000
102705
100000
100000
100000
100074
100033
100000
100000
100000
100000
100000
100000
100000
100000
100000
100000
100000
100000
111201
100000
100000
100000
100000
100000
100000
100000
100000
100000
100000
100000
100000
100000
100000
100087
100046
100000
100000
100000
100000
100000
100000
119731
100000
100000
100000
100000
100000
100000
100000
100000
117779
118154
100000
100000
100000
100000
100000
100000
100000
100000
100000
100000
106405
100140
100000
99981.1
100000
100000
100000
100000
100000
100000
100000
100000
95758.1
96015
100000
100000
100000
100000
100000
100000
100003
100000
101251
100365
100000
107494
99987
99689.1
99987.1
99996.2
100000
100000
99999.3
100000
100000
100000
100000
100000
100000
100052
100000
100000
100000
100000
100000
100000
100000
100000
111104
110671
100000
100000
100000
100113
100000
100000
100000
96298.2
100187
100001
100009
100000
100001
100000
100000
99999.9
100005
100007
100012
105327
100000
100012
100007
100007
106899
104501
100000
100000
108348
104062
107091
100023
100000
100001
109594
105755
100000
100000
100000
99538.7
100000
100000
100000
100000
100000
100000
100000
100000
101149
100719
100000
100067
100019
100000
100000
100002
100000
100000
100000
100000
100000
100016
100018
100000
100008
100007
103660
100000
100000
100000
100000
100094
100138
100000
100002
100005
100000
100000
100002
100001
100001
100000
100000
101450
101874
100000
100000
100000
100000
100003
100000
100135
100048
100000
100005
100102
100000
100000
100000
100488
100325
100000
100031
100000
100000
100001
100069
100101
100090
100067
100001
100000
100000
100000
100000
100000
100000
100003
100000
100009
100006
100000
100000
100004
100000
100001
100000
100000
100000
100000
100010
100000
100048
100002
100002
100000
100000
100005
100010
100000
100000
100001
100000
100000
100000
100000
100000
100000
100000
100000
100000
100000
100000
100000
100000
100003
101137
297374
349842
390989
329797
333542
310851
260517
208123
152472
94087.1
70647.2
40566.3
36791.7
32459.4
23233.1
17161.5
26366.7
75456.3
104186
108914
91085.5
111910
98576.5
99025.9
99999.8
100000
100000
100000
100000
100000
100000
100000
100000
100000
100000
100000
100000
100000
100000
100000
100000
100000
100000
100000
99999.9
100000
100000
100000
100000
100000
100000
100000
100000
100000
100000
100000
100000
100000
100000
100000
100000
100000
100000
100000
100000
100000
100000
100000
100000
100000
100000
100000
25900.3
100000
100000
100000
100000
100000
100000
100000
100000
100000
100000
100000
100000
93381.9
100000
100000
100000
100000
100000
100000
100060
124662
100001
312537
339573
327007
282489
244251
186058
120199
81593.7
60664.1
39806.9
35444.9
28328.8
69276.4
119302
99779.3
114396
94399.9
98144.6
99706.5
100000
100000
100000
100000
100000
100000
100000
100000
100000
100000
100000
100000
100000
100000
100000
100000
100000
100000
100000
100000
100000
100000
100000
100000
100000
100000
100000
100000
100000
100000
100000
100000
100000
100000
100000
100000
100000
100000
100000
100000
100000
100000
100000
100000
100000
100000
100000
100000
222652
100000
100000
100000
100000
100000
100000
100000
100014
104655
78624.3
112195
97479.6
94067.5
97997.7
99050.7
100000
100000
100000
100000
100000
100000
100000
100000
100000
100000
100000
100000
100000
100000
100000
100000
100000
100000
100000
100000
100000
100000
100000
100000
100000
100000
100000
100000
100000
100000
100000
100000
100000
100000
100000
100000
100000
100000
100000
100000
100000
100000
100000
100000
100000
100000
100000
100000
100000
100000
100000
100000
100000
100000
100000
100000
100000
100000
100000
100000
100000
100000
100000
100000
100000
100000
100000
100000
100000
100000
100000
100000
100000
100000
100253
100000
100000
100000
100000
100000
100000
100000
100000
100000
99993.1
98773.5
97964.3
117418
97895.6
115092
77509.6
101788
100000
100000
100000
100000
100219
100000
100000
100000
150412
100000
100000
100000
100000
100000
100000
100000
100000
100000
100000
100012
100048
138680
103768
100000
100000
100000
34191.4
100000
100001
100000
100003
100000
100000
100000
125137
100000
90895.6
92530
72551.6
99893.4
97956
101326
95911.3
83505.2
92529.8
98525
94201.8
94486.1
98730.4
99943.5
95476.4
98131.3
95807.4
100000
97811.9
99130.1
100000
99999.9
99998.5
100000
100000
100000
100000
100000
100000
100000
100000
100000
100000
100000
100000
100000
100000
100000
100000
100000
100000
100000
100000
100000
100000
100000
100000
100000
100000
100000
100000
100000
100000
100000
100000
100000
100000
100000
100000
100000
100000
100000
100000
100000
100000
100000
100000
100000
100000
100000
100000
100000
100000
100000
100000
100000
100000
100000
100000
100000
100000
100000
100000
100000
100000
100000
100000
100000
100000
100000
164752
100000
154835
224528
180746
126651
84989.7
65806.8
49038.2
40317.3
40729.3
41900.1
40718.9
69204.9
83926.3
100000
100000
100000
100000
100000
100000
100000
100000
100000
130864
127838
100000
100000
100000
66833.5
100000
100000
100000
100000
100000
100000
112884
100000
98720.5
100000
100000
100000
100000
100796
119301
100000
100000
100000
59830
100000
100000
100000
100000
100000
100000
100000
100000
100000
100000
100000
100000
100000
100000
100000
100000
100000
100000
100000
100000
100000
100000
100000
100000
100000
100000
100000
100000
100000
100000
100000
100000
100000
100000
100000
100000
100000
100000
100000
104937
170292
230718
228731
157352
100000
100000
174201
76086.1
68778.2
44204.5
100000
100000
100000
100000
100000
100000
100000
100000
100000
100000
100000
100000
100000
100000
100000
100000
100000
100000
100000
100000
100000
100000
100000
100000
100000
100000
100000
100000
100000
100000
100000
100000
100000
100000
100000
100000
100000
100000
100000
100000
100000
100000
100000
100000
100000
100000
100000
100000
100000
100000
100000
100000
100000
100000
100000
100000
100000
73902.9
100000
100000
100000
100000
100000
100000
97934
100000
100039
100000
100000
100000
99985.8
148125
100000
100000
100000
56687
48435.2
75685.4
97865.2
100000
100000
100000
100000
100000
100000
100000
100000
100000
100000
100000
100000
100000
100000
100000
100000
100000
100000
100000
100000
100000
100000
100000
100000
110157
205847
100614
100135
102149
100000
100000
100000
106022
100000
100000
100000
100000
100000
100000
100000
100000
100000
100000
100000
100000
100000
100000
100000
100000
100000
100000
100000
100000
100000
100000
100000
100000
100000
100000
100000
100000
100000
100000
100000
100000
100000
100000
100000
100000
100000
100000
100000
100000
100000
100000
100000
100000
100000
109957
116163
115864
187957
100000
100000
100000
100000
100000
100000
74850.8
90986.6
100000
100000
49265
85090.9
100000
100000
100000
100000
100000
100000
100000
107058
101839
104311
100000
100000
100000
100000
100000
49257.1
104364
100000
100000
100000
100000
100000
100000
100000
100000
100000
100000
100000
100000
100000
100000
91063.3
77795
100000
100000
100000
100000
100000
100003
100009
100000
142441
109041
99895.6
100425
97939.1
100036
97789.6
97409.8
95685.5
98030.2
96604.9
166287
100000
68331.9
100000
100000
100000
100000
100000
100000
100000
100000
100000
100000
100000
100000
100000
100000
199721
100000
100000
100000
100000
100000
100000
100000
100000
100000
100000
99999.6
100000
100000
100000
100000
100000
100000
100000
100000
100000
100000
100000
100000
69208.1
100000
100000
100000
100000
100000
100000
106674
94974.2
100000
100000
100000
100000
100000
100000
100000
100000
100000
100000
100000
100000
100000
100000
100000
100000
100000
100000
100000
100000
100000
100000
100000
100000
100000
100000
100000
100000
100000
100000
100000
100000
100000
100000
86222
100000
100000
100000
100000
100000
100000
98797.4
100000
100000
95409.4
100000
100000
100000
100000
100000
78758.5
100000
100000
142385
100000
100000
100000
100000
100000
100000
100000
100000
100000
100000
101764
100000
100000
100000
100000
100000
100000
100000
100000
64746.3
77256.4
100000
100000
100000
100000
100000
100000
100000
100000
116343
100000
100000
100000
100000
100000
100000
100000
100000
69460.8
100000
100000
100000
100000
100000
100000
100000
100000
100000
100000
100000
100000
100000
99999.7
104009
100000
100000
100000
100000
145740
100000
100000
100000
83940.4
100000
100000
101220
100000
100000
100000
100000
100000
100000
100000
100000
100000
100000
103945
101358
104059
100000
100000
100000
100000
80499.4
92855.5
100888
100598
100000
100000
100000
100000
81628.6
100000
100007
110886
100000
100000
100000
100000
69115.6
100000
88001.4
100000
100000
99098
100000
100000
100000
100000
100000
100000
100000
100000
100000
100000
100000
100000
100000
99719.1
99995.7
100000
100000
100001
100000
100000
100001
100000
100000
100000
86656.2
100000
100000
143598
98613.1
98366.4
100000
100000
100000
100000
100000
100000
100110
100025
100371
100000
100000
100000
100000
100900
100000
100000
100000
100000
100000
100000
100000
100000
100000
100000
100000
100000
100000
100000
100000
100000
100000
100000
100000
100000
100000
100000
100000
100000
124696
100000
100000
100000
100000
100000
100000
100000
100000
100000
100000
100000
100000
100000
100000
100000
100000
100000
100000
100000
100000
100000
100000
102720
100000
100000
100000
89119.7
101840
95192.5
100000
100000
100000
100224
100000
100000
98404.7
100000
100000
100000
100000
100000
100000
100000
100000
100000
100000
100000
91270.7
96106.2
99420.2
98809.3
100497
85038.3
97115.6
100000
100000
100000
100000
100000
100000
100000
100000
100000
100000
100000
100000
100000
100000
100000
100000
126336
85549.2
86615.7
94617.5
100000
100000
100000
100000
100000
100000
100000
100000
100000
100000
100000
100000
100000
100000
100000
100000
100000
100000
100000
100000
100000
93805.3
123981
93699.5
100000
100000
100000
100000
100000
100000
100000
100000
131389
129795
100000
100000
100000
100000
100000
100000
100000
100000
100000
100000
100000
100000
100000
100000
100000
100000
100000
100000
100000
100000
100002
100000
100000
100000
100000
100000
100000
100000
100000
100000
100000
100000
100000
100000
100000
100000
100000
100000
101220
100000
102273
105269
100000
100000
100010
100003
100000
100000
100000
100000
100000
100000
100000
100822
100000
100000
100000
100000
100000
100000
100000
100000
100000
100000
100020
100000
100000
100000
100000
98850.8
100294
100000
100000
100000
100000
96764.6
100000
100000
100000
100000
100000
100000
100000
100000
100000
100170
100000
100000
100000
100000
100000
100000
100000
100000
100000
100000
100000
100000
100000
100000
100000
100000
100000
100000
100000
100000
100439
100000
100001
100004
98345
100000
101178
100000
100134
100096
100000
100000
100000
100000
100000
100000
100000
100000
100000
100000
100567
98768.3
100000
100000
100000
100000
100000
100000
100000
100000
100000
100063
100000
100328
100000
100000
100000
100000
100000
100000
100000
100000
99410.6
99492.9
100011
100002
100013
100000
100000
100000
100000
100000
100000
100000
101168
100000
100000
100000
100000
100000
100000
100000
100000
100000
100000
100000
100000
100000
100000
100000
100000
100000
100000
100000
100044
100000
100000
100000
100000
100000
100000
100000
100000
100000
100000
100000
100000
100000
100000
100000
100000
100000
100000
100000
100000
100000
100000
100000
123070
100000
100000
100000
100000
100000
100000
100000
100000
100000
100000
100000
100048
100000
100079
100000
100000
100000
100000
99260.7
100000
103659
106023
100000
100000
100000
100000
100000
100000
100000
100000
100000
100038
100000
100057
100123
100301
100159
100000
97679.8
100010
97043.7
100044
100493
100861
100000
104475
100003
100022
100008
100017
100000
100000
100000
100000
100000
100000
124041
116959
100000
100001
100000
100000
100000
100000
100024
100000
100000
100000
100000
100000
100000
100000
100015
122420
100000
100553
115078
100000
115442
100000
103143
107062
100000
100000
100000
100000
100000
105148
100993
100000
100000
100000
100070
100135
100001
100002
100018
100157
100000
100000
100246
100000
100002
100000
100004
100002
100005
100062
100000
100000
100000
100000
100451
100088
100000
100000
100000
103702
105475
100002
100434
100000
106421
100000
100000
100000
100010
100157
100042
100000
100000
100672
100148
100837
100144
100001
100000
100000
100000
100000
100000
100000
100000
100000
100000
100000
100000
100000
100000
100003
100000
100085
100145
100803
100010
100000
100000
100000
100018
100000
100002
100000
100000
100000
100000
100000
100000
100000
100000
100010
100000
100000
100009
100000
100000
100000
100001
100000
100057
100030
100002
100000
100020
100186
100001
100001
100000
100000
100000
100000
100000
100000
100000
100000
100000
100000
100010
100017
100060
100000
100001
100030
100011
100044
100000
100177
100000
100000
100000
100000
100002
100000
100001
100005
)
;

boundaryField
{
    bullet
    {
        type            zeroGradient;
    }
    topWall
    {
        type            zeroGradient;
    }
    bottomWall
    {
        type            zeroGradient;
    }
    inlet
    {
        type            fixedValue;
        value           uniform 100000;
    }
    outlet
    {
        type            waveTransmissive;
        gamma           1.3;
        fieldInf        100000;
        lInf            1;
        value           nonuniform List<scalar> 
30
(
100000
100000
100000
100000
100000
100000
100000
100000
100000
100000
99999.9
99999.9
99999.9
99999.9
99999.9
99999.9
99999.9
99999.9
99999.9
99999.9
100000
100000
100000
100000
100000
100000
100000
100000
100000
100000
)
;
    }
    defaultFaces
    {
        type            empty;
    }
}


// ************************************************************************* //
