/*--------------------------------*- C++ -*----------------------------------*\
  =========                 |
  \\      /  F ield         | OpenFOAM: The Open Source CFD Toolbox
   \\    /   O peration     | Website:  https://openfoam.org
    \\  /    A nd           | Version:  6
     \\/     M anipulation  |
\*---------------------------------------------------------------------------*/
FoamFile
{
    version     2.0;
    format      ascii;
    class       surfaceScalarField;
    location    "0.0002";
    object      phi;
}
// * * * * * * * * * * * * * * * * * * * * * * * * * * * * * * * * * * * * * //

dimensions      [1 0 -1 0 0 0 0];

internalField   nonuniform List<scalar> 
5786
(
0.150621
-4.46865e-15
0.150621
-5.55112e-17
0.150621
1.63758e-15
0.150621
3.19189e-15
0.150621
2.02616e-15
0.150621
1.36002e-15
0.150621
-2.69229e-15
0.150621
-1.7486e-15
0.150621
-2.72005e-15
0.150621
1.19349e-15
0.150621
1.58207e-15
0.150621
-1.11022e-16
0.150621
2.19269e-15
0.150621
-9.71445e-16
0.150621
-2.77556e-16
0.150621
1.60982e-15
0.150621
1.91513e-15
0.150621
-2.66454e-15
0.150621
-1.80411e-15
0.150621
3.88578e-16
0.150621
-4.41314e-15
0.150621
-3.52496e-15
0.150621
-2.33147e-15
0.150621
-1.66533e-15
0.150621
-4.57967e-15
0.150621
-8.99281e-15
0.150621
-9.15934e-15
0.150621
-4.60743e-15
0.150621
-4.10783e-15
0.150621
-2.22045e-15
0.150621
-3.35842e-15
0.150621
-1.84852e-14
0.150621
-6.88893e-14
0.150621
-2.1283e-13
0.150621
-6.177e-13
0.150621
-1.82124e-12
0.150621
-5.13059e-12
0.150621
-1.38946e-11
0.150621
-3.582e-11
0.150621
-8.77984e-11
0.150621
-2.04416e-10
0.150621
-4.54736e-10
0.150621
-5.53515e-10
0.150621
5.92242e-10
0.150621
5.97143e-09
0.150621
2.26459e-08
0.150621
7.55399e-08
0.150621
2.06226e-07
0.150621
5.24734e-07
1.39831e-06
0.150621
-4.82947e-15
0.150621
-2.05391e-15
0.150621
-3.05311e-16
0.150621
2.83107e-15
0.150621
1.63758e-15
0.150621
8.04912e-16
0.150621
-5.60663e-15
0.150621
-2.22045e-15
0.150621
-6.05072e-15
0.150621
-5.71765e-15
0.150621
6.93889e-16
0.150621
-6.10623e-16
0.150621
4.16334e-16
0.150621
8.32667e-17
0.150621
1.66533e-15
0.150621
2.52576e-15
0.150621
9.71445e-16
0.150621
-5.2458e-15
0.150621
-2.52576e-15
0.150621
-3.08087e-15
0.150621
-5.32907e-15
0.150621
8.32667e-17
0.150621
-1.08247e-15
0.150621
1.58207e-15
0.150621
-3.63598e-15
0.150621
-6.93889e-15
0.150621
-7.21645e-15
0.150621
-4.21885e-15
0.150621
-2.58127e-15
0.150621
-5.71765e-15
0.150621
-4.94049e-15
0.150621
-2.05946e-14
0.150621
-6.61693e-14
0.150621
-2.01367e-13
0.150621
-5.5117e-13
0.150621
-1.62081e-12
0.150621
-4.52588e-12
0.150621
-1.21794e-11
0.150621
-3.11196e-11
0.150621
-7.53363e-11
0.150621
-1.72809e-10
0.150621
-3.74164e-10
0.150621
-2.6088e-10
0.150621
9.75573e-10
0.150621
7.4261e-09
0.150621
2.59042e-08
0.150621
8.26964e-08
0.150621
2.0471e-07
0.150621
4.9946e-07
1.25919e-06
0.150621
-1.58207e-15
0.150621
-3.94129e-15
0.150621
-2.10942e-15
0.150621
3.52496e-15
0.150621
-2.96985e-15
0.150621
-5.82867e-16
0.150621
-5.9952e-15
0.150621
-7.38298e-15
0.150621
-6.52256e-15
0.150621
-5.13478e-15
0.150621
-7.49401e-16
0.150621
1.08247e-15
0.150621
2.9976e-15
0.150621
-9.99201e-16
0.150621
2.58127e-15
0.150621
3.2474e-15
0.150621
7.49401e-16
0.150621
-3.747e-15
0.150621
-1.77636e-15
0.150621
-3.27516e-15
0.150621
-3.58047e-15
0.150621
1.52656e-15
0.150621
4.91274e-15
0.150621
8.13238e-15
0.150621
-3.60822e-16
0.150621
-5.16254e-15
0.150621
-5.07927e-15
0.150621
-2.85882e-15
0.150621
-6.55032e-15
0.150621
-7.68829e-15
0.150621
-1.08247e-14
0.150621
-1.40721e-14
0.150621
-5.98133e-14
0.150621
-1.82687e-13
0.150621
-4.83641e-13
0.150621
-1.40779e-12
0.150621
-3.88697e-12
0.150621
-1.03882e-11
0.150621
-2.63023e-11
0.150621
-6.28213e-11
0.150621
-1.41541e-10
0.150621
-2.77612e-10
0.150621
-7.64192e-11
0.150621
1.23941e-09
0.150621
7.74936e-09
0.150621
2.81539e-08
0.150621
8.87716e-08
0.150621
2.04267e-07
0.150621
4.90682e-07
1.07243e-06
0.150621
-1.66533e-16
0.150621
-4.16334e-16
0.150621
-2.52576e-15
0.150621
2.72005e-15
0.150621
-4.996e-16
0.150621
-1.19349e-15
0.150621
-7.46625e-15
0.150621
-7.96585e-15
0.150621
-1.83187e-15
0.150621
-7.13318e-15
0.150621
-2.19269e-15
0.150621
1.27676e-15
0.150621
-2.19269e-15
0.150621
-3.19189e-15
0.150621
-8.04912e-16
0.150621
1.7486e-15
0.150621
4.44089e-16
0.150621
-3.71925e-15
0.150621
-2.77556e-15
0.150621
-5.32907e-15
0.150621
-3.46945e-15
0.150621
-4.16334e-16
0.150621
6.93889e-16
0.150621
9.79772e-15
0.150621
5.35683e-15
0.150621
-6.68909e-15
0.150621
-4.88498e-15
0.150621
-5.10703e-15
0.150621
-4.30211e-15
0.150621
-7.71605e-15
0.150621
-1.02696e-14
0.150621
-1.44884e-14
0.150621
-5.27078e-14
0.150621
-1.62814e-13
0.150621
-4.17083e-13
0.150621
-1.18314e-12
0.150621
-3.21951e-12
0.150621
-8.53856e-12
0.150621
-2.13913e-11
0.150621
-5.02602e-11
0.150621
-1.10842e-10
0.150621
-1.81511e-10
0.150621
6.22556e-11
0.150621
1.42018e-09
0.150621
7.68447e-09
0.150621
2.90043e-08
0.150621
9.24245e-08
0.150621
2.03213e-07
0.150621
4.96438e-07
8.51243e-07
0.150621
-1.53472e-15
0.150621
-1.69869e-15
0.150621
-6.13355e-15
0.150621
-2.77562e-15
0.150621
1.70012e-16
0.150621
6.00218e-16
0.150621
-5.25278e-15
0.150621
-7.76457e-15
0.150621
-5.38452e-15
0.150621
-2.72009e-15
0.150621
-3.15669e-16
0.150621
2.16844e-15
0.150621
-1.28435e-16
0.150621
-2.56782e-16
0.150621
1.13104e-15
0.150621
-1.2039e-15
0.150621
1.24552e-15
0.150621
-2.44249e-15
0.150621
-4.72017e-15
0.150621
-8.60428e-16
0.150621
-5.79559e-15
0.150621
7.82396e-16
0.150621
6.46699e-15
0.150621
1.37527e-14
0.150621
9.49233e-15
0.150621
-2.0311e-15
0.150621
-3.75389e-15
0.150621
-3.50939e-15
0.150621
-2.53306e-16
0.150621
-6.3471e-15
0.150621
-7.57528e-15
0.150621
-7.61621e-15
0.150621
-3.91379e-14
0.150621
-1.07755e-13
0.150621
-2.54882e-13
0.150621
-7.26733e-13
0.150621
-2.09448e-12
0.150621
-5.80706e-12
0.150621
-1.50893e-11
0.150621
-3.61441e-11
0.150621
-7.92938e-11
0.150621
-1.54762e-10
0.150621
-1.06493e-10
0.150621
8.21754e-10
0.150621
5.87924e-09
0.150621
2.49355e-08
0.150621
8.55638e-08
0.150621
1.88324e-07
0.150621
4.3878e-07
7.1565e-07
0.101843
-0.039037
-0.0617396
-0.0291386
0.125501
-0.0804427
0.0727503
-0.0794852
0.0128901
-0.0925762
0.00692232
-0.106961
0.0256934
-0.102486
0.00118453
-0.237931
0.0831635
-0.202069
0.00193013
-0.199663
0.00152455
-0.294436
0.0528909
-0.307054
0.00816182
-0.177776
-0.163371
-0.0113646
-0.203676
-0.0312739
-0.00746446
0.143868
-0.182555
0.00167173
-0.0284762
0.298653
-0.036739
0.10668
-0.0195183
0.00919816
-0.028835
0.0018561
-0.0713682
0.056604
-0.103927
0.0647791
-0.166078
0.121726
-0.160447
0.0539266
-0.158449
-0.00929829
-0.256794
0.122584
-0.330176
0.049276
-0.131316
-0.41596
-0.000360338
-0.36516
-0.0491442
-0.00904574
-0.00267432
-0.182346
0.00817576
-0.0595217
0.350548
-0.107378
0.183165
-0.0416708
-0.0457037
-0.0573963
0.000692379
-0.104759
0.11929
-0.159927
0.132497
-0.157432
0.120843
-0.14038
0.0647636
-0.15711
0.0127677
-0.197527
0.130464
-0.249764
0.0565935
-0.0594834
-0.65878
0.0113747
-0.460685
-0.0552172
-0.00707379
0.00782982
-0.419499
0.247025
-0.127694
0.494325
-0.0353198
0.117622
-0.0419619
-0.0124774
-0.130607
0.0745838
-0.138335
0.159752
-0.185121
0.196574
-0.15838
0.124582
-0.141362
0.0560059
-0.151831
0.0520628
-0.173048
0.133067
-0.214945
0.0369214
-0.0594423
-0.876761
0.0357251
-0.574164
-0.0324058
-0.00595875
-0.0124818
-0.011216
-0.373274
-0.100899
0.581046
-0.0132803
0.0783795
-0.0712746
0.108422
-0.0993035
0.0791135
-0.13286
0.232809
-0.166726
0.242198
-0.164857
0.168062
-0.150389
0.0463928
-0.144349
0.0746674
-0.169262
0.151434
-0.254773
0.0542406
-0.0721991
-1.14195
0.0918835
-0.787473
-0.0119495
0.0294622
-0.061893
0.000279982
0.0852885
-0.112325
0.241768
-0.130837
0.303253
-0.0493523
0.298574
0.00438724
0.323475
-0.0473694
0.343567
0.0510459
0.16706
0.15113
0.139501
-0.0138306
0.106369
0.0190104
0.116247
-0.00826934
-0.000404277
0.130189
0.00186294
0.00292586
-0.0496415
0.033091
-0.11623
-0.132003
0.076319
0.0736388
-0.267749
0.276863
-0.298805
0.365994
-0.122433
0.336848
0.0518928
0.260812
0.0131256
0.241391
0.123386
0.165938
0.209733
0.0810123
0.0640528
0.0254781
0.0530179
0.0174723
-0.00322208
0.00151321
0.150616
0.00465804
-0.000695627
-0.0426172
0.0736864
-0.15466
-0.00517939
0.0262161
0.0657205
-0.278508
0.188586
-0.386587
0.244363
-0.171372
0.298795
0.016493
0.220077
0.083437
0.217145
0.165654
0.241827
0.20503
0.143157
0.155737
0.0472319
0.132887
0.118484
-0.0769488
0.0352896
0.237086
-0.000556433
0.00930722
0.010249
0.0621056
-0.131412
-0.0264227
0.00334672
0.0517411
-0.321224
0.160434
-0.474091
0.214806
-0.234597
0.254368
-0.011836
0.21544
0.111675
0.228607
0.17598
0.240693
0.221205
0.183043
0.195754
0.126141
0.171355
0.0363519
0.0316074
0.0943168
0.26708
-0.0116622
0.0793066
0.0150835
0.027337
0.13529
-0.167398
0.134528
0.00746667
-0.60498
0.14043
-0.590856
0.262655
-0.369835
0.257412
-0.0383448
0.22303
0.134258
0.244964
0.169189
0.232454
0.257262
0.198407
0.211779
0.0699731
0.260275
0.0793368
0.037372
0.189645
0.229635
-0.00489992
0.313601
0.016884
0.00192829
0.138529
-0.150621
1.70024e-06
-0.150621
7.00507e-07
-0.150621
2.93658e-07
-0.150621
1.07138e-07
-0.150621
3.45038e-08
-0.150621
9.68598e-09
-0.150621
2.2216e-09
-0.150621
8.80109e-11
-0.150621
-3.39835e-10
-0.150621
-1.88531e-10
-0.150621
-8.19135e-11
-0.150621
-3.37717e-11
-0.150621
-1.31997e-11
-0.150621
-4.90225e-12
-0.150621
-1.74996e-12
-0.150621
-5.81341e-13
-0.150621
-1.89682e-13
-0.150621
-5.72042e-14
-0.150621
-1.42664e-14
-0.150621
-7.88258e-15
-0.150621
-2.88658e-15
-0.150621
-3.77476e-15
-0.150621
-4.27436e-15
-0.150621
5.55112e-16
-0.150621
2.91434e-15
-0.150621
-3.05311e-15
-0.150621
2.38698e-15
-0.150621
1.55431e-15
-0.150621
-4.01369e-31
-0.150621
1.77636e-15
-0.150621
2.22045e-15
-0.150621
1.97065e-15
-0.150621
-1.249e-15
-0.150621
2.47025e-15
-0.150621
-2.69229e-15
-0.150621
-2.96985e-15
-0.150621
-6.05072e-15
-0.150621
2.63678e-15
-0.150621
-2.08167e-15
-0.150621
-2.27596e-15
-0.150621
1.66533e-16
-0.150621
2.52576e-15
-0.150621
-1.55431e-15
-0.150621
-3.747e-15
-0.150621
-2.41474e-15
-0.150621
1.41553e-15
-0.150621
2.498e-16
-0.150621
-2.19269e-15
-0.150621
-2.22045e-15
-6.245e-15
-0.150621
1.52354e-06
-0.150621
6.73902e-07
-0.150621
2.9544e-07
-0.150621
1.11253e-07
-0.150621
3.68805e-08
-0.150621
1.0954e-08
-0.150621
2.66238e-09
-0.150621
1.98204e-10
-0.150621
-2.13717e-10
-0.150621
-1.60954e-10
-0.150621
-7.02772e-11
-0.150621
-2.93222e-11
-0.150621
-1.15589e-11
-0.150621
-4.31827e-12
-0.150621
-1.5585e-12
-0.150621
-5.13506e-13
-0.150621
-1.7189e-13
-0.150621
-5.0987e-14
-0.150621
-1.29063e-14
-0.150621
-5.82867e-15
-0.150621
-5.93969e-15
-0.150621
-3.83027e-15
-0.150621
-2.41474e-15
-0.150621
-2.22045e-16
-0.150621
1.77636e-15
-0.150621
-5.27356e-15
-0.150621
1.55431e-15
-0.150621
4.38538e-15
-0.150621
3.44169e-15
-0.150621
1.91513e-15
-0.150621
3.38618e-15
-0.150621
-1.38778e-15
-0.150621
-1.7486e-15
-0.150621
7.49401e-16
-0.150621
9.99201e-16
-0.150621
-2.83107e-15
-0.150621
-4.05231e-15
-0.150621
1.58207e-15
-0.150621
-2.08167e-15
-0.150621
-2.27596e-15
-0.150621
1.11022e-16
-0.150621
5.07927e-15
-0.150621
-2.77556e-15
-0.150621
-8.38218e-15
-0.150621
-2.7478e-15
-0.150621
-2.13718e-15
-0.150621
-2.02616e-15
-0.150621
-2.05391e-15
-0.150621
-1.7486e-15
-3.747e-15
-0.150621
1.29537e-06
-0.150621
6.62881e-07
-0.150621
2.99083e-07
-0.150621
1.15428e-07
-0.150621
3.85156e-08
-0.150621
1.17045e-08
-0.150621
2.74429e-09
-0.150621
2.98516e-10
-0.150621
-1.15543e-10
-0.150621
-1.3168e-10
-0.150621
-5.86124e-11
-0.150621
-2.47788e-11
-0.150621
-9.85498e-12
-0.150621
-3.70701e-12
-0.150621
-1.34992e-12
-0.150621
-4.43784e-13
-0.150621
-1.53544e-13
-0.150621
-4.63518e-14
-0.150621
-1.06581e-14
-0.150621
-4.46865e-15
-0.150621
-6.05072e-15
-0.150621
-1.22125e-15
-0.150621
2.38698e-15
-0.150621
4.10783e-15
-0.150621
2.69229e-15
-0.150621
-2.7478e-15
-0.150621
8.60423e-16
-0.150621
6.66134e-16
-0.150621
4.77396e-15
-0.150621
2.85882e-15
-0.150621
-2.27596e-15
-0.150621
1.94289e-15
-0.150621
1.22125e-15
-0.150621
1.05471e-15
-0.150621
-2.96985e-15
-0.150621
-1.94289e-16
-0.150621
-8.32667e-17
-0.150621
-1.05471e-15
-0.150621
-6.85563e-15
-0.150621
-2.7478e-15
-0.150621
8.32667e-16
-0.150621
5.07927e-15
-0.150621
-4.7462e-15
-0.150621
-7.66054e-15
-0.150621
1.41553e-15
-0.150621
4.71845e-16
-0.150621
-1.11022e-16
-0.150621
-3.85803e-15
-0.150621
-2.80331e-15
-3.16414e-15
-0.150621
1.03038e-06
-0.150621
6.64803e-07
-0.150621
3.03168e-07
-0.150621
1.19401e-07
-0.150621
3.92213e-08
-0.150621
1.18247e-08
-0.150621
2.71625e-09
-0.150621
3.81746e-10
-0.150621
-4.41662e-11
-0.150621
-9.80137e-11
-0.150621
-4.68481e-11
-0.150621
-2.01511e-11
-0.150621
-8.08933e-12
-0.150621
-3.06244e-12
-0.150621
-1.1324e-12
-0.150621
-3.75144e-13
-0.150621
-1.31367e-13
-0.150621
-3.83027e-14
-0.150621
-1.22957e-14
-0.150621
-3.88578e-15
-0.150621
-5.71765e-15
-0.150621
9.15934e-16
-0.150621
5.07927e-15
-0.150621
6.43929e-15
-0.150621
-8.32667e-17
-0.150621
-8.60423e-16
-0.150621
2.05391e-15
-0.150621
2.19269e-15
-0.150621
3.10862e-15
-0.150621
7.74381e-15
-0.150621
-3.44169e-15
-0.150621
-6.32827e-15
-0.150621
-5.55112e-16
-0.150621
-9.99201e-16
-0.150621
-8.10463e-15
-0.150621
2.80331e-15
-0.150621
-1.38778e-16
-0.150621
-3.21965e-15
-0.150621
-8.29892e-15
-0.150621
-6.30052e-15
-0.150621
3.41394e-15
-0.150621
1.22125e-15
-0.150621
-6.77236e-15
-0.150621
-4.71845e-15
-0.150621
5.55112e-16
-0.150621
-1.30451e-15
-0.150621
-5.38458e-15
-0.150621
-5.71765e-15
-0.150621
-5.77316e-15
-1.4988e-15
-0.150621
8.30347e-07
-0.150621
6.15955e-07
-0.150621
3.04619e-07
-0.150621
1.14836e-07
-0.150621
3.38211e-08
-0.150621
9.18009e-09
-0.150621
1.69968e-09
-0.150621
9.22308e-11
-0.150621
-1.18116e-10
-0.150621
-7.5614e-11
-0.150621
-3.40579e-11
-0.150621
-1.43966e-11
-0.150621
-5.53524e-12
-0.150621
-2.00011e-12
-0.150621
-7.06428e-13
-0.150621
-2.14367e-13
-0.150621
-7.91466e-14
-0.150621
-2.25686e-14
-0.150621
-7.13216e-15
-0.150621
-3.6721e-15
-0.150621
-3.83186e-15
-0.150621
1.96543e-15
-0.150621
4.46341e-15
-0.150621
3.55448e-15
-0.150621
1.02487e-16
-0.150621
2.81726e-15
-0.150621
4.96821e-15
-0.150621
6.66478e-15
-0.150621
2.42523e-15
-0.150621
2.38518e-15
-0.150621
-3.39838e-15
-0.150621
-2.48587e-15
-0.150621
1.04106e-17
-0.150621
-6.22069e-15
-0.150621
-7.12625e-15
-0.150621
-1.25942e-15
-0.150621
-8.5348e-16
-0.150621
-3.37221e-15
-0.150621
-8.34408e-15
-0.150621
-5.27357e-15
-0.150621
3.01493e-15
-0.150621
2.10586e-15
-0.150621
-5.81484e-15
-0.150621
-6.9491e-15
-0.150621
1.95647e-15
-0.150621
-4.19096e-15
-0.150621
-5.10684e-15
-0.150621
-5.74005e-15
-0.150621
-3.4819e-15
-2.82639e-15
7.45574
-3.42521e-15
2.5894
4.86634
4.06428
3.39146
4.04997
3.40577
3.91886
3.53688
7.45574
-6.35726
6.35726
6.39537
-6.39537
-6.50148
6.50148
-6.58921
6.58921
6.53891
-6.53891
6.51654
-6.51654
6.50645
-6.50645
6.5301
-6.5301
6.67243
-6.67243
6.74255
-6.74255
6.73524
-6.73524
6.7262
-6.7262
6.71679
-6.71679
6.71046
-6.71046
6.70926
-6.70926
6.71197
-6.71197
6.71943
-6.71943
6.72515
-6.72515
6.71754
-6.71754
6.70519
-6.70519
6.69427
-6.69427
6.63561
-6.63561
6.4654
-6.4654
6.61362
-6.61362
-7.45574
-2.522
-4.93374
-4.08575
-3.36999
-3.9645
-3.49124
-4.1353
-3.32043
-7.45573
1.77079e-09
6.66983
-6.66984
3.44691e-09
6.79068
-6.79068
-6.27924e-10
-6.64684
6.64684
1.2069e-13
-6.69619
6.69619
8.35563e-14
-6.70645
6.70645
7.56504e-16
-6.70564
6.70564
-1.63879e-14
-6.69664
6.69664
-6.24568e-16
-6.69532
6.69532
8.1237e-15
-6.70649
6.70649
-1.89067e-14
-6.71027
6.71027
1.3824e-14
-6.70933
6.70933
9.43516e-15
-6.70327
6.70327
-6.00902e-15
-6.70437
6.70437
6.00903e-15
-6.70455
6.70455
-2.7092e-15
-6.65282
6.65282
-8.9814e-15
-6.37664
6.37664
-2.09384e-10
-5.55389
5.55383
0.000126183
-4.4373
4.43701
0.00723911
-2.17656
1.51812
-0.00834325
-1.44937
1.68892
-0.0763328
-0.973277
0.692985
0.113781
-0.763854
0.17168
0.767768
0.00431231
0.036323
0.00844172
-0.34746
-0.0574854
-0.359635
2.06771
1.26583
-3.33358
0.475112
-0.36666
-0.336555
0.587019
0.784257
-0.737063
1.14322
-0.731485
1.11649
-0.778593
1.11862
-0.818121
1.24537
-1.13314
0.704674
-0.542605
0.760954
-0.40177
0.418208
-0.364925
0.149639
-1.31395
-0.838839
-0.223564
-0.161093
-0.0612472
0.234733
-0.357728
-0.0250587
-1.44686
1.44569
-0.000188574
-1.81253
1.81254
-1.24112e-07
2.28517
-2.28517
1.03403e-09
2.80432
-2.80432
4.01688e-13
-3.55054
3.55054
2.7726e-14
-4.50692
4.50692
1.32605e-15
-5.72963
5.72963
-1.42943e-15
-6.53303
6.53303
-4.50992e-16
1.09848
-9.97774
-0.785902
0.0663495
-4.11511
6.70451
3.34062
7.4049
4.06631
3.38942
7.45777
7.43939
3.40908
4.04666
3.07862
4.37712
6.64291
-6.64291
6.38768
-6.38768
6.57634
-6.57634
-6.56587
6.56587
-6.52339
6.52339
-6.5139
6.5139
-6.50329
6.50329
-6.59554
6.59554
-6.72297
6.72297
-6.74563
6.74563
-6.73434
6.73434
-6.72221
6.72221
-6.71845
6.71845
-6.71287
6.71287
-6.71174
6.71174
-6.72131
6.72131
-6.72169
6.72169
-6.71732
6.71732
-6.71265
6.71265
-6.70677
6.70677
-6.67597
6.67597
-6.55698
6.55698
-6.4767
6.4767
-0.0128781
-6.19075
6.19075
-4.46275
-2.99299
-3.51308
-3.94266
-3.45343
-4.0023
-0.113794
-2.50716
-4.94858
-7.02461
0.35478
-7.02461
8.08062e-11
-1.00143
-0.233937
6.66492
-6.66492
-3.02996e-10
6.67748
-6.67748
9.31059e-13
6.70697
-6.70697
9.87806e-15
6.70945
-6.70945
-8.46545e-15
6.69814
-6.69814
-8.83495e-15
6.69541
-6.69541
8.82622e-15
6.69771
-6.69771
-6.36462e-15
6.7074
-6.7074
-3.09475e-15
6.70485
-6.70485
-4.72713e-15
6.70353
-6.70353
-8.95631e-15
6.69721
-6.69721
1.61658e-14
6.70108
-6.70108
-6.29013e-15
6.69077
-6.69077
-6.13083e-15
6.55285
-6.55285
-2.24471e-13
6.04681
-6.04681
-2.81851e-07
5.02051
-5.02081
0.00266257
3.87401
-3.66666
0.0160643
2.67234
-2.03969
-0.0103297
0.837548
-1.22598
0.000701113
0.559344
-0.864734
0.502536
0.0186462
-0.503293
0.582906
0.254018
0.30082
0.203963
0.724966
0.316915
0.584659
0.636252
0.476586
0.422232
-0.251688
0.412163
0.159837
-0.734591
-1.61609
1.32249
-1.27639
-0.00047909
1.62582
-1.62589
-1.30215e-05
-2.03818
2.03818
1.31118e-08
0.246988
-2.59944
2.59944
2.63554e-11
0.204882
3.07029
-3.07029
2.54911e-14
3.99718
-3.99718
5.02442e-15
5.08862
-5.08862
3.01092e-15
6.40825
-6.40825
-2.73873e-15
0.922704
7.32793
7.45242
6.6155
0.00768167
-0.0748586
0.0233462
0.015514
0.00263587
0.00316304
-0.0654448
-0.0505333
-0.00308773
0.000903726
0.00399146
-0.00165683
-0.00240994
-0.00248525
-0.0093385
-0.00225931
0.00783229
0.00489518
-0.00158152
0.0183004
0.0786241
-0.0112966
0.422868
-7.59883
-7.41793
-6.64246
-0.125761
0.0306363
0.0107845
0.00299736
-0.00749339
-0.00122756
0.00238734
0.000911257
-0.00541482
-0.00579891
-0.00606249
-0.00329107
-0.0137818
-0.0999747
-0.32983
-0.533143
-0.547493
-0.534895
-0.681022
-0.562361
-0.527982
-0.596381
2.66393
1.06808
0.178992
0.225647
0.314271
0.265966
0.446636
0.581706
0.678623
0.00685325
0.00745574
-0.0268105
-0.076892
-0.0195807
0.0103928
0.00813353
0.00542235
0.00798291
0.0036149
-0.000225931
0.00188276
-0.00346428
-0.000225931
0.00745574
0.0125015
0.0403664
0.0915775
-0.136914
-7.83274
-7.43389
-7.32274
-0.00381071
-0.00150621
-9.03726e-05
0.0087812
0.00286933
0.00447344
-0.000256056
0.00716203
0.00347181
-0.0379489
-0.176204
-0.492984
-0.582562
-0.482694
-0.547064
-0.695561
-0.538588
-0.350427
0.247546
0.0269611
-0.285653
-7.92673
-0.000519642
0.0187071
-0.0180745
0.124782
0.641005
0.509739
0.186659
0.173774
0.480255
3.70844
3.69646
4.53098
2.08452
5.4756
3.86599
3.58644
6.22449
-6.2168
-4.16595
-3.76078
-3.78698
-6.53401
6.56097
6.56647
-6.64133
6.552
-6.67776
6.60141
-6.57807
0.0674029
-4.24375
-3.35508
-6.51609
6.51872
6.49267
-6.4895
6.50163
-6.56707
-6.75987
6.70933
6.74473
-6.74782
6.73215
-6.73125
-6.72123
6.72523
6.7195
-6.72116
6.71114
-6.71355
6.71528
-6.71777
6.71604
-6.72538
6.72869
-6.73095
-6.72937
6.7372
-6.71604
6.72093
6.70783
-6.70941
6.71543
-6.69713
-6.60684
6.68546
-6.35379
6.3425
-4.34112
-3.49162
-8.50707
-7.73536
-6.63335
6.62047
-0.0668757
0.0423998
6.71787
-6.71839
-5.73448
-3.73036
-3.68757
-2.14484
-4.49762
6.71163
-6.71544
-6.52038
6.40659
-0.295895
-0.234743
-2.3167
1.20789
-7.6355
7.76028
-6.70861
6.7194
0.00926319
-6.71449
6.71749
-0.0028618
-6.70471
6.72342
0.0146855
-6.70689
6.70539
6.70488
-6.70497
-6.70345
6.71223
-6.71774
6.72061
-6.70723
6.71171
-6.71156
6.7113
-6.6969
6.70406
-6.70259
6.70607
-6.71223
6.67428
-6.60907
6.43286
5.43321
-5.9262
-4.98501
4.40301
2.83017
-2.45813
2.49453
-3.094
-1.60952
1.12807
0.662991
-0.977729
-1.02911
0.65373
0.368634
6.40342
-6.15588
0.186619
0.839753
-0.582266
-0.494817
0.772817
-1.19374
0.864666
-0.500485
0.457605
0.364338
2.49324
-2.24625
1.73945
-1.56052
3.75158
-3.27132
-2.01089
2.23654
0.482349
-1.34352
1.51187
0.394893
-3.09661
3.36257
0.654968
-2.84701
3.0519
0.51556
5.30295
-4.72124
-1.78658
1.97322
0.449963
6.65397
-5.97535
-4.20914
4.71888
1.09381
6.51985
-6.513
0.00376552
-5.26834
5.90934
1.38564
5.78904
1.05062
-0.597108
-0.678005
1.08283
1.55917
-1.57949
2.5253
-2.44044
4.33386
-4.43828
4.12149
-3.38765
-1.53771
0.825943
0.356359
-1.97661
-1.065
-0.948637
-6.90077
6.66683
-0.348763
3.60037
3.72757
7.46636
8.25855
-6.6698
6.70043
0.0536211
7.56012
-7.54776
-7.87932
0.723662
-0.348931
0.254662
0.400284
-1.84646
6.7308
0.00135559
6.73893
3.68735
3.75204
7.27379
0.329
-7.52454
6.73976
0.00497049
6.75015
6.51044
0.0505333
6.52595
-0.857711
-0.000903726
1.1881
7.27446
-6.50795
6.51541
-6.49349
6.46668
-6.68117
6.60428
6.7488
-6.76838
0.0189029
0.017698
-6.72681
6.73223
-6.71905
6.72703
-6.71408
6.71769
-6.71122
6.71099
-6.72809
6.72997
6.72289
-6.72635
6.71913
-6.71935
-6.71476
6.72221
-6.71024
6.72274
6.70956
-6.66919
6.57543
-6.48386
6.37345
-6.51036
-7.1249
-0.382328
-0.17954
3.67138
-7.40174
-3.65136
-3.9669
-3.46699
-8.14897
-7.32199
0.0107694
-7.15457
-0.000828415
1.78493
6.59025
-6.60833
-6.69575
-0.0111459
-6.69698
6.71047
-6.71797
0.0079076
-0.00497049
6.70482
-6.70244
6.71595
-6.71504
6.71571
-6.72112
6.71529
-6.72109
6.70508
-6.71114
6.71031
-6.7136
6.70177
-6.71555
6.60393
-6.7039
6.33973
-0.906512
6.0099
4.89059
-5.4236
-4.48632
3.971
-3.18736
3.12983
-2.41347
1.93811
-0.682272
0.541373
-1.53491
0.00308773
-0.0064767
0.369281
4.85805
1.11859
0.412629
-0.0875108
0.0129534
3.8934
3.56437
7.60184
7.31641
2.52515
0.526752
-0.00158152
2.83942
-3.74248
4.18911
8.55452
0.9764
0.292956
0.340447
1.03544
1.93256
-0.240696
2.05927
-1.14164
2.39885
-0.751447
-1.0756
-0.878331
-0.818725
0.221639
-0.487934
0.917794
0.59316
-0.657263
-1.13222
-0.864874
-1.01252
-1.03559
-0.59917
-0.108296
-0.000828415
0.0134053
-0.0064767
0.00805822
0.102723
-0.00203338
0.0125015
-0.000150621
-0.167867
0.201606
0.0462406
-0.00240994
0.00617546
0.0178486
0.00233462
-0.0120497
0.00406677
-0.00293711
0.000451863
-0.000979036
0.0256056
-0.0143843
0.0128028
-7.53105e-05
0.000979036
-0.155591
-0.100389
0.0259068
-0.0590434
0.0134806
0.0110706
-0.271042
-0.0412701
-0.00753105
-0.00707918
-0.00979036
-0.00941381
0.0921047
-0.0125768
0.00557297
0.00979036
-1.02054
-0.944347
6.72974
-6.74232
6.78608
-6.73245
-6.7494
6.7671
-6.7381
6.75158
-6.50728
6.51805
-6.84519
6.78615
-5.56318
7.34812
2.99133
-4.22492
-3.17682
-6.47331
6.37292
6.69759
-6.85318
-0.147609
-6.75414
6.77305
-6.49312
6.54365
3.0122
-2.41904
6.58131
-6.85235
-6.75362
6.75264
-6.74955
6.76062
6.75746
-6.75701
0.0193548
-6.73261
6.74541
-6.73554
6.73961
-6.7384
6.76401
6.75068
-6.76273
-0.00293711
-0.952349
1.62626
6.75475
-6.76122
6.74684
-6.74691
0.0112966
6.75189
-6.74571
0.0192795
6.73908
-6.75347
-0.0236475
6.74232
-6.74473
0.00391614
6.74383
-6.74586
0.98565
-1.70018
-6.58733
6.78894
1.46384
-2.56441
-6.0814
5.91353
-3.21244
-4.10954
1.06404
-0.990479
6.43784
-6.43867
-0.0354712
-2.00145
-6.14752
-6.22637
-7.00523
6.76514
-6.76378
0.0157399
6.77192
-6.76695
0.0177733
-6.74398
6.73901
-0.0142337
-3.89061
-3.26396
-7.10306
-6.44078
6.60428
-6.53687
0.111158
-6.74827
6.75384
-0.00444332
-6.74887
6.74601
-0.00986567
-6.72199
6.72989
4.36386
-5.38439
-6.74066
6.75045
-6.73374
6.74624
0.0201079
-6.67605
6.76815
0.110029
6.80167
-6.69894
0.214334
-6.73547
6.74353
6.7378
-6.74428
-6.72394
6.73735
-6.73615
6.73532
-6.96614
6.36697
-6.78246
6.67416
-0.201154
1.25369
-1.15688
-6.1799
5.14431
-1.81604
6.58176
-6.36012
0.500363
3.89125
-4.90318
3.53377
-4.28909
-3.20638
1.7916
6.74993
-6.74684
0.00421739
-5.70198
5.8886
-6.75158
6.75068
-0.00557297
-4.92463
6.11273
0.420909
6.75196
-6.75354
0.00240994
-5.41776
6.53635
2.84079
0.834365
1.80424
-1.4094
3.8207
-3.16574
1.86914
-1.3699
-3.06316
3.57872
0.757548
-2.77802
3.30477
0.800701
-6.48762
6.40011
0.280532
6.53898
-6.53522
0.0317057
6.70866
-5.32302
1.78403
2.0251
1.46941
-1.14834
0.49333
0.653483
4.93073
-3.95433
-2.58558
3.3487
1.45539
-1.07627
0.476583
-1.41856
4.31324
-3.39545
1.14751
1.53528
-6.81688
5.91037
-1.67257
6.46623
-6.815
-0.538997
-0.414885
-6.66385
5.9124
-0.750318
-2.59467
1.29272
-1.76037
3.45182
-1.64816
0.63116
-0.486636
5.55791
-4.4641
1.60359
1.64862
2.06218
-1.61221
2.3889
-1.90655
6.49726
-6.6768
-0.355917
2.12469
-2.57537
-1.38912
-1.23895
-6.74835
6.75761
0.00233462
-2.20979
0.705473
-0.864851
3.58621
3.68758
-0.947365
0.428818
-0.0138571
4.47736
3.12448
-1.11204
6.75678
-0.00203338
6.77463
3.21531
4.25105
6.80151
7.09184
0.00926319
-6.49877
6.52467
0.0192795
0.0036149
-0.303878
0.000677794
-6.80453
6.80551
6.74624
-6.74917
-1.05578
1.54956
0.512609
-0.0183758
0.786782
-6.7668
6.76913
-0.000677794
-6.725
6.77124
-1.49311
-0.485376
6.69103
-6.75791
0.0135559
0.0860046
0.00557297
6.47587
0.0677794
6.48883
-6.73313
0.0111459
-6.73328
6.73532
-6.74646
6.77719
-6.7625
0.00240994
0.0171708
-0.00700387
-6.74322
0.00775698
-6.75301
6.74804
-6.75746
-0.0152127
0.002184
6.73547
-6.74255
6.73705
-6.74458
-6.75874
6.71747
-0.0845737
-0.556047
0.0447344
-1.36468
3.7446
-1.50656
2.78377
0.0277896
-1.17871
0.45026
6.50389
-0.615287
6.20799
-0.910595
-1.09398
1.82058
0.839188
-6.61279
6.65519
0.0782476
0.118313
1.6693
-1.42288
0.779239
0.659905
1.00532
1.96227
0.552718
1.39319
-0.0141584
0.235142
-1.28655
-1.19679
-0.800914
0.776688
6.55969
-6.79444
-0.198217
-4.71444
-3.02093
-7.30911
-7.13047
-1.12841
-0.018677
0.013104
-0.00881133
-2.39794
0.0390108
0.038559
0.0079076
0.0722981
-0.00489518
-0.0463913
-0.0165683
-0.0139324
-0.00926319
-0.00519642
-1.82044
0.864649
6.81748
-6.82238
-6.78721
6.82622
-6.81432
6.82223
-6.78404
6.79534
-6.81424
6.81131
6.7909
-6.80483
-6.82102
6.85958
6.80347
-6.7979
7.46869
2.31725
-1.54057
-6.79331
6.80905
-6.49598
6.51526
-7.49738
1.27101
-8.03638
-6.79745
6.8168
6.7796
-6.79617
6.81319
-6.80392
0.019882
-6.51149
6.20762
-6.77169
6.78886
0.031781
6.45712
-7.5129
-1.79876
2.31135
0.518494
6.86756
-6.88594
0.0465419
6.80061
-6.80129
0.0165683
-6.78472
6.804
6.7851
-6.80874
-0.0291452
6.80061
-6.79669
0.0134053
-3.39633
1.27912
-6.55804
6.98685
-5.31898
3.82592
6.7805
-6.78977
-6.42323
6.37684
2.93109
-4.13782
-6.78239
6.77538
-0.00278649
6.87472
-7.02232
-0.0112213
6.79391
-6.79323
-0.00278649
6.81643
-6.79865
0.0125015
-6.80272
6.78849
-0.0273377
6.61964
-7.10502
6.80242
-6.80686
-0.988028
1.75203
-6.8037
6.79383
-0.0152127
3.49802
-4.82877
-1.81999
-1.43825
6.79941
-6.797
-0.00188276
6.80069
-6.79707
0.00323835
6.7857
-6.79956
-0.023045
0.684414
-1.35482
-6.79835
6.80054
-0.00745574
6.47181
-6.40403
0.0485753
6.91516
-6.80513
6.97044
-6.7561
0.4124
6.78992
-6.80513
6.786
-6.7912
-6.78118
6.79428
-0.000677794
6.74978
-6.83435
-6.80182
6.82961
-6.79978
6.78111
-0.0500062
2.73062
-1.54737
-6.79052
6.79828
-0.000602484
-6.80212
6.84685
0.0153633
4.04711
3.2693
7.17159
6.95688
6.8159
-6.81349
0.0188276
3.79136
-2.99065
-6.70941
6.98994
0.205748
6.49252
-6.46081
-0.00346428
-6.77854
6.78969
0.0103175
6.81409
-6.81612
0.0122756
3.28213
-1.64991
6.69405
-7.04996
-0.328278
6.8031
-6.81725
-0.0112213
-6.80792
6.80234
-0.0140831
6.79918
-6.79496
0.0144596
-6.80603
6.80837
-0.00369021
1.7578
-2.43051
-6.35161
4.53557
6.70406
-6.90522
-0.130287
-0.285577
-1.50091
2.05351
0.810496
-6.78894
6.80905
0.0134806
6.22283
-6.2583
-0.288665
6.58884
-6.47768
0.184812
0.114959
-0.0140077
-4.81189
6.59592
1.6743
-3.21487
0.0609262
-2.87571
1.03303
2.75832
-0.647896
0.0107694
-0.0064767
-5.16976
0.0198067
-3.27747
2.05647
-0.00594953
-2.52568
-0.0330314
-1.15753
-6.69985
6.77809
-0.842348
0.00610015
0.0111459
-5.64603
-1.86687
-7.3186
6.86206
-6.78977
-0.00655201
3.57815
3.22336
-1.06846
1.53483
2.10922
-3.64405
0.041722
1.73052
-0.0839712
-4.13289
5.73647
0.743677
1.31003
1.10565
-6.80588
6.81944
0.0346428
-0.00421739
0.558583
-1.66966
1.01009
0.897487
-0.806681
-6.50155
6.58756
-0.00632608
0.105962
-6.78216
-0.0229697
-6.79097
0.0364503
-0.00497049
-1.26437
1.72427
-0.87285
0.00308773
2.01131
1.20453
6.60751
-6.10715
2.67645
-3.70255
-0.0086607
-0.586443
5.77654
-6.39183
-3.82284
-3.28022
2.0243
6.62205
-6.50374
0.14437
2.88206
4.07482
6.46021
-3.94853
0.957874
-3.19098
-5.46212
4.7118
1.1454
-2.59731
0.0137065
6.96057
-4.93547
2.14868
2.53322
6.24557
-4.59695
2.11268
1.99897
0.879702
-1.97993
0.126475
5.64173
-6.05662
-2.39465
0.933323
6.86161
-7.05983
0.161767
-1.61305
1.01238
-2.33125
-1.70209
-1.70244
-3.42821
4.96349
2.30827
-2.78302
-3.66182
-3.46865
-6.25913
-7.29148
0.00316304
-1.79312
0.00594953
-1.69435
0.329257
-1.84679
-3.82344
0.632457
-2.67593
4.45296
2.71863
6.98618
6.79346
-0.898454
2.57275
-6.83322
6.89415
4.33766
-3.30462
6.7665
-7.41439
-6.8778
6.87185
0.274356
-7.37568
7.0474
-6.85724
6.87607
-0.463813
-2.31259
0.617722
-1.56869
6.57747
-7.41981
-0.798216
6.84459
-6.86756
6.92329
-6.87675
0.0900713
-6.85122
6.86779
-6.85521
6.85461
-0.0106188
-3.34675
0.560948
-6.85868
6.85212
-0.00406677
6.83465
-6.84113
-1.48902
0.744589
4.50183
-2.96701
3.60337
1.37065
-6.84745
6.86086
6.91561
-6.87389
0.885726
-6.51594
6.84519
1.96141
6.82825
-6.87826
-4.69036
2.93917
-6.85077
6.88541
-1.50938
2.69347
3.49289
-6.01856
-6.84738
6.86726
-7.00651
6.99529
0.0408936
0.118539
6.84888
-6.85167
0.0014309
6.86041
-6.84791
0.0130287
6.86184
-6.87585
6.83638
-6.86372
6.85446
-6.84369
0.00278649
-6.85295
6.87276
2.28259
-4.0701
0.536338
-1.40146
-0.990085
-0.847793
6.87118
-6.86003
-6.86252
6.85506
-0.0103928
6.85898
-6.85574
0.00602484
6.83608
-6.85913
6.84218
-6.84286
-6.87125
6.86493
-0.0161918
-6.31177
6.36035
-1.2473
2.95146
-1.99378
0.727988
-1.37668
-6.35477
7.23447
-2.00173
1.12545
-6.84271
6.8458
-0.000527173
6.58326
-6.56956
0.0673276
-1.10685
3.09034
7.28252
-6.87012
0.92775
-6.86244
6.84723
-0.0260574
6.87411
-6.86816
0.0168695
-6.85386
6.84519
-0.0256056
-8.44999
6.8705
-6.86734
0.00233462
-6.86365
6.87901
-0.00180745
6.98136
-6.87539
0.111234
-6.86312
7.06887
0.0524914
-6.84248
6.8397
-0.00783229
5.26774
-4.43338
-6.84941
6.84444
-0.0036149
-7.24005
4.45702
-3.74715
-7.0517
6.46525
-1.27516
-0.594576
6.30123
-6.30469
-0.268331
6.87931
-6.86703
0.0285427
6.85996
-6.86184
0.00873601
6.84527
-6.87442
-0.0325341
6.88255
-6.87645
0.015514
-2.08939
2.15019
-1.12408
6.87389
-6.88511
-0.00256056
3.09124
-6.8757
6.86161
-0.0284674
6.86734
-6.85288
0.0236475
-6.87524
6.87155
-0.0136312
-6.83104
6.86282
0.0401405
-6.86673
6.88021
-0.00180745
-5.6528
5.36414
1.19239
-2.05567
6.44484
-6.26003
0.133074
1.55105
-2.02567
0.0462406
2.28756
6.53401
-4.53505
-0.038333
2.65846
7.0587
-0.292205
-4.21972
6.33241
2.31429
-1.27489
-6.39785
6.67221
0.00233462
-2.49951
0.930822
-1.68898
-0.0231203
-0.0132546
6.95545
-8.82232
6.77312
-2.2465
0.0203338
5.88182
0.00512111
-0.024024
-6.78005
7.71337
0.288816
-6.80151
-0.0767414
-6.9318
0.0201832
-2.34771
0.01092
-0.458942
-0.0042927
3.88268
-3.73147
6.84994
-6.85416
-5.20307
3.77754
-2.26052
-0.547661
1.01031
-3.64857
0.343943
-2.69069
6.28323
0.0771179
6.19926
1.74362
1.51819
-0.90203
-4.3653
-6.85627
6.89272
-1.71673
-2.30653
-3.16752
0.0325341
1.08255
6.40147
-6.2571
0.141433
-3.13126
-5.31873
-0.105435
0.00459394
6.85258
-6.84226
-7.53105e-05
-3.0674
-2.95117
-4.88733
0.119584
4.75774
0.905952
-5.11373
-5.17074
-2.12074
7.04371
-6.88195
0.645863
6.68576
-4.53708
2.15072
2.4491
-1.99347
6.75121
4.46674
5.47605
-2.55864
2.68386
0.440208
0.0114472
-8.302
-0.00918788
0.0136312
-4.77536
2.08467
-4.1429
0.0173214
0.0205598
1.73242
-2.28282
6.87253
-6.91087
8.03766
-5.72337
-1.85535
-7.17445
6.88225
3.10588
3.22653
1.40225
-7.37425
6.89083
-6.89136
0.415111
5.41415
-6.8891
6.89144
6.89648
-6.89505
-7.08544
6.90168
-6.85544
7.5925
-8.39072
-2.14985
0.772982
-1.21903
-3.2559
6.48242
4.78176
-0.158679
6.89317
-6.8833
6.90364
5.96655
-5.83347
-6.9742
6.88955
-6.90439
6.92171
-6.88744
6.89889
6.9007
-6.88014
-6.87607
1.08816
-4.44814
6.87999
-6.90401
7.13356
6.90589
-6.89497
6.8955
-6.89302
6.89904
-6.89927
-6.89467
-6.88805
6.90168
-6.90424
3.5588
6.91267
-7.01969
7.08702
-6.90642
-3.87224
4.21618
-2.15796
0.882801
-1.3851
-6.90853
6.88247
5.93537
-6.2037
-1.08432
2.84955
-1.14707
5.68812
-5.79356
-0.515575
6.8885
-6.89633
-6.89934
2.10274
-5.84987
-1.08459
2.53433
1.31797
7.37222
-7.96679
0.490271
-6.89656
6.91501
-1.25822
2.25059
-2.50999
1.60747
-4.5568
2.20749
6.88654
-6.89987
6.89068
6.91019
-6.93218
-6.84211
-2.35436
0.590437
-4.95475
-3.43596
-7.01043
-7.80126
-2.49074
-7.00079
-1.1385
2.54074
6.40689
-5.99178
-2.75757
1.49511
-1.02668
-1.78757
1.09737
-1.56333
-2.99195
-3.83489
5.33752
-3.12981
3.08499
-5.69852
-1.10952
5.63255
-2.07375
3.84498
4.40868
-6.20016
0.476791
-4.04944
-5.81804
-1.62731
3.89815
0.318036
-5.8276
5.90472
0.138948
0.111158
-5.841
5.98244
0.565883
0.148964
-2.89429
3.4533
-0.194405
4.45356
2.3399
6.90266
6.80664
-0.676021
5.2688
6.64381
-5.99795
0.652038
-3.23147
0.964034
-2.76728
2.7154
-3.85392
1.32165
4.31589
2.26277
0.452619
-2.13821
6.91998
-0.250558
-2.25809
-3.59179
-4.91745
1.78723
-3.23616
6.32154
-2.37964
0.752197
-3.38519
1.26898
0.561719
-1.94688
-1.81796
-0.625271
-0.0320001
1.87357
-0.814461
-4.7252
5.04324
4.95754
-5.47311
-1.11152
2.60275
0.728344
2.43347
1.56883
-2.24505
-5.2094
2.73747
-5.97431
-4.06369
4.1583
-1.31035
6.36818
-1.41064
-8.13617
-4.31634
2.00046
2.31587
-2.75004
2.85321
1.54417
5.37581
5.95284
6.02785
7.16911
-4.5669
4.78877
-4.6398
0.701894
-2.4835
1.65152
-0.995193
5.28386
-2.65188
1.62435
-1.08323
5.31903
-5.20787
-0.154085
1.63748
-0.880229
4.29172
0.751523
-5.76005
5.89899
-5.6952
6.26109
-7.6459
-1.26021
-3.65866
-4.24569
4.99361
-2.8038
0.558603
-2.05177
0.332654
0.332646
8.02131
4.42953
-3.47756
0.732595
-3.14316
-0.971279
-4.18779
-4.28358
3.31231
0.691124
-0.180505
2.27254
-2.45307
0.220737
5.07261
2.44006
-1.76242
1.0778
5.40526
6.15678
3.19987
2.95692
1.62128
2.52445
-1.96592
-2.80361
1.80558
-1.18007
-4.23569
4.92681
1.44112
-3.52461
0.391655
-1.34203
4.5419
-5.5985
3.65158
-0.124211
-2.45454
4.5782
-3.51418
0.294615
-4.65426
-0.944255
-2.79022
0.82428
-3.58655
3.97699
2.49246
-2.61922
0.0360667
-0.815367
-2.56951
-5.36346
1.12777
-2.05116
-3.10197
4.22972
2.05537
-4.10653
1.87056
2.67134
4.80835
0.118463
3.00444
-1.5634
1.82414
-3.3498
3.38525
-4.03798
0.935973
-1.98263
-2.41424
3.39793
0.253646
-2.90177
1.33835
-2.0775
4.02761
0.20208
1.32042
4.14603
3.19098
0.457663
-4.60336
-2.96595
-1.14058
3.23004
-1.40607
2.0504
-3.38873
7.45574
2.65055
4.80518
3.58199
3.87374
4.00787
3.44786
3.27917
4.17657
7.45574
-6.51743
6.51743
-5.49931
5.49931
4.07815
-4.07815
3.08697
-3.08697
2.44388
-2.44388
-2.04412
2.04412
-1.64693
1.64693
1.31065
-1.31189
0.0402775
-0.166245
-0.0318569
-1.34514
0.474158
-1.58054
1.04619
-2.31552
1.84296
-2.96667
2.73749
-2.91293
2.88354
-2.69218
2.87155
-1.61485
1.88344
-1.15201
1.29309
-0.792806
1.06253
-0.527703
0.56706
-0.328848
0.713919
-0.347396
0.681951
0.303558
-0.291653
0.0491554
0.301403
0.0301983
0.270834
1.40441
-0.568372
-3.68126
4.16334
3.48241
-3.37768
3.08275
-7.38618
3.75896
-3.89847
4.96916
-5.03413
6.20562
-6.20541
6.60184
-6.60184
6.70299
-6.70299
6.72285
-6.72285
6.72193
-6.72193
6.71441
-6.71441
6.70819
-6.70819
6.71802
-6.71802
6.71374
-6.71374
6.70251
-6.70251
6.69152
-6.69152
6.68652
-6.68652
6.64841
-6.64841
6.54184
-6.54184
6.46293
-6.46293
6.82669
-6.82669
-7.45574
-3.01686
-4.43888
-3.52077
-3.93497
-3.39395
-4.06179
-3.54411
-3.91162
-7.45574
6.36502
-6.36502
6.42135
-6.42135
-6.556
6.556
-6.70504
6.70504
-6.7253
6.7253
-6.7262
6.7262
-6.72711
6.72711
-6.72131
6.72131
-6.70896
6.70896
-6.70903
6.70903
-6.7082
6.7082
-6.70617
6.70617
-6.70226
6.70226
-6.70527
6.70527
-6.72726
6.72726
-6.74963
6.74963
-6.66445
6.66445
-6.52151
6.52151
-6.47226
6.47226
-6.49078
6.49078
-6.45983
6.45983
-6.39958
6.39958
-6.32525
6.32525
-6.75836
6.75836
10.1063
0.938308
0.0262805
-10.4726
-1.09072
-3.21922
8.02441
4.23652
7.81851
3.51918
3.93655
3.29898
4.15676
7.30685
7.43593
2.57743
4.87831
6.38587
0.13156
6.38587
-1.01854
0.886555
-4.81425
4.81425
-3.46229
3.46229
-2.7279
2.7279
2.22744
-2.22744
1.84453
-1.84453
-1.45793
1.4577
1.21938
-1.19033
0.197601
-1.18229
-1.34819
-1.3306
-0.426188
0.0705517
1.37642
0.633767
0.52577
0.54433
0.271078
0.465621
0.411057
-0.17098
0.963848
-0.781016
-2.52742
3.17855
3.55738
-3.92589
-5.01921
5.72507
-2.55105
3.31394
-4.17715
4.35737
-5.50915
5.76391
-6.46261
6.46261
-6.66721
6.66721
-6.71312
6.71312
-6.71937
6.71937
-6.71327
6.71327
-6.71463
6.71463
-6.71405
6.71405
-6.71438
6.71438
-6.7068
6.7068
-6.69494
6.69494
-6.69268
6.69268
-6.67108
6.67108
-6.61151
6.61151
-6.46981
6.46981
-6.59875
6.59875
0.183321
-6.43801
6.43801
-3.88459
-3.57115
-4.06224
-3.39349
-4.05019
-3.40554
7.39293
-3.06958
-4.38616
-6.66001
0.29499
-6.66001
-0.238659
6.42594
-6.42594
6.65888
-6.65888
6.72455
-6.72455
6.72809
-6.72809
6.72741
-6.72741
6.71988
-6.71988
6.71295
-6.71295
6.70391
-6.70391
6.70489
-6.70489
6.70354
-6.70354
6.70241
-6.70241
6.69819
-6.69819
6.70918
-6.70918
6.73765
-6.73765
6.72372
-6.72372
6.58342
-6.58342
6.48627
-6.48627
6.47964
-6.47964
6.4877
-6.4877
6.43724
-6.43724
6.3303
-6.3303
6.50344
-6.50344
6.33346
-6.33346
0.895539
-6.61368
6.75399
0.685062
0.615866
0.359073
0.216435
0.199588
0.189043
0.122728
-0.550368
-0.214385
-0.596042
-0.635727
-0.438934
-0.256982
-0.0653695
-0.0101293
0.00347181
0.0086607
-0.0002184
-0.00585915
0.0036375
0.00693609
0.00757623
-0.00115978
0.0154386
0.0369021
0.0720345
-0.135822
0.388685
-7.58301
-7.44414
0.00459395
0.102874
0.0195054
0.00278649
0.00120497
-0.00722981
-0.00835946
-0.0050458
-0.00414208
-0.00466925
-0.00376552
-0.00406677
0.00391614
0.0103928
-0.0259068
-0.0810341
-0.0352453
0.00738043
-0.00308773
-0.0225931
-0.0692856
0.178185
-0.424902
-0.00396886
0.000640139
0.0042927
0.0034191
0.0061604
0.0226685
0.0696622
0.00688338
-0.227942
-7.81956
-7.45528
-7.31716
0.000753105
-0.00188276
-0.000301242
0.0014309
-0.00399146
0.00512111
0.00331366
0.00263587
-0.000150621
0.00707918
0.0180745
0.0119744
-0.0592693
-0.0619052
-0.0140077
0.0111459
-0.0278649
-0.0376552
-0.0050458
0.254926
7.38442
0.14674
0.284018
0.375317
0.7361
0.00643905
-0.00113719
-0.00256056
-0.00973011
-0.0357725
-0.139234
-0.433587
-0.492328
-0.369921
-0.330775
-0.154211
-0.533071
-0.234547
-0.114816
-8.01002
0.0461653
0.130061
4.78515
3.03336
-1.42527
1.57232
5.69171
-5.00665
-3.66934
4.2852
7.82145
-7.68989
0.99005
-2.0425
-6.70856
6.715
-3.00998
3.36905
-4.29282
5.02892
1.39889
1.35958
-2.37913
2.59557
3.83224
-3.45692
0.822262
2.18985
-1.99026
-4.09463
-3.48838
1.75912
-1.57006
0.333639
-0.393824
1.37109
-1.25048
-2.73351
3.01752
0.635545
0.638392
-0.614073
-4.51772
-2.09596
-1.76088
1.95848
0.428969
0.388409
-5.87189
6.75844
1.94956
1.7518
-1.97435
0.554409
-4.30399
-3.70603
-1.04311
0.83738
-1.93425
1.26346
0.986203
-1.60886
1.04711
-1.7791
-0.681651
-4.37683
3.18144
-1.64056
1.31825
-0.308097
-0.876045
-4.42338
4.11061
-2.21497
2.06743
-1.31137
-1.39721
-6.06565
5.67426
-3.54434
3.07636
-1.05166
-1.09466
-6.63752
6.38054
4.54098
-5.113
-0.954214
-6.71734
6.65197
-6.52857
6.09506
-0.852852
-0.542461
-6.72849
6.71836
6.55911
-6.69835
-0.158227
-6.72655
6.73002
6.69723
-6.733
-0.0312538
-6.71571
6.72437
6.72828
-6.73801
0.00173214
6.72189
-6.72211
0.01333
6.73273
-6.73529
0.0170202
6.72422
-6.72535
0.00210869
-6.72407
6.72771
-6.71871
6.72565
-6.70441
6.71199
6.70069
-6.70185
-6.68599
6.70143
6.69359
-6.65669
-6.49929
6.57133
6.31203
-6.44785
-4.25745
-3.56211
-8.56145
-7.65674
2.3266
-2.14328
0.336344
-4.03459
6.7546
-6.70843
-5.47688
-3.84663
-3.59751
-3.58335
-3.73382
-7.42998
-8.25154
6.25612
-6.25152
6.73923
-6.73848
4.00614
4.01827
8.79129
-6.41939
6.18073
-0.163273
-6.72907
6.74857
0.0101669
6.73404
-6.73592
-6.73072
6.73042
-6.72643
6.72786
-6.71212
6.70813
-6.71099
6.71611
-6.70949
6.7128
-6.70587
6.70851
-6.70467
6.70451
-6.70105
6.70813
-6.7134
6.73148
-6.7549
6.76687
-6.7607
6.70143
-6.55645
6.49455
-6.46804
6.45403
-6.49312
6.50426
-6.4767
6.44884
6.43355
-6.4712
-6.24971
6.24467
-6.52482
6.77975
3.52634
3.85808
6.72362
-6.72759
-0.000451863
3.77283
-1.09839
5.81662
-1.48648
0.282819
0.835675
-1.43139
1.86203
-0.416119
1.39117
-0.801082
-0.745112
1.34224
-0.793102
1.42775
-0.730258
0.87588
0.85488
-0.425589
-0.602808
1.14947
0.366872
0.580511
0.381529
-0.695914
-0.456422
-6.6228
6.72568
0.131793
-1.87327
-7.74062
7.79109
-7.57284
3.48446
3.95147
6.59117
0.102422
6.66083
1.04432
-1.4272
-0.921378
3.04781
4.25903
6.57415
7.7435
-0.601259
-7.35194
6.70024
0.000451863
6.7064
-0.00527173
0.82828
0.452285
0.299559
-0.019656
-1.21064
7.36619
-6.52089
-0.831051
3.84392
-7.3323
-3.61136
0.319385
-0.949263
0.0401405
0.161541
-0.000979036
-0.297959
-0.31781
0.841369
-0.0810341
6.71931
-6.72516
6.72037
-6.71973
6.70968
-6.70539
6.69884
-6.69542
0.0204091
-6.67914
6.7018
-6.39932
6.4062
-6.74883
-6.5667
0.315174
-6.43664
-7.27785
4.72686
2.66607
-7.20887
7.76022
-1.09712
-6.72854
6.73133
-6.73358
6.73479
6.72304
-6.73027
6.72184
-6.7302
6.70534
-6.71039
6.70866
-6.7128
6.70933
-6.714
6.7125
-6.71626
6.70022
-6.70429
6.70429
-6.70037
6.73411
-6.72372
6.7549
-6.7808
6.57784
-6.65888
6.46292
-6.49816
6.45569
-6.44831
6.55668
-6.55977
-6.46013
6.43754
6.37322
-6.44251
6.32969
-6.15151
6.52415
-0.00828415
0.580259
1.08352
1.15671
-0.496589
0.96558
-0.765126
4.88072
8.83219
0.473446
0.609217
0.756174
0.393433
-0.0265846
0.0799797
-0.0979789
-0.0391614
0.063562
-0.0123509
-0.0935356
-0.182854
1.05353e-14
0.0207104
0.00323835
-0.00444332
0.00662732
-0.000150621
-0.00233462
-0.00677794
-0.00459394
-0.00768167
-0.436801
0.172009
-0.197841
-0.110932
0.0222919
0.0559557
-0.0441319
0.62824
-0.164327
-0.0793772
0.0431529
0.0311032
0.00384083
-0.0117484
-0.00549766
-1.24223e-14
0.0057236
-0.0416467
-0.00301242
0.00527173
0.00165683
-0.0101669
0.00798291
0.0202585
0.0165683
0.045111
0.289042
-0.022066
-0.00240994
-0.00316304
0.00549766
-0.00715449
-0.00112966
-6.6759
6.77832
6.43219
-6.37624
6.76514
-6.72003
0.0892429
-6.71867
6.73524
-3.0229
3.84516
-2.32325
0.762501
5.71426
2.04596
-6.76491
6.76665
-6.77757
6.74631
-2.161
2.49734
6.15121
-6.98226
-2.41024
-2.65261
1.96737
-3.12132
-4.21098
1.81828
-1.48482
-6.75204
6.76002
6.73509
-6.75716
-2.19465
2.64693
-6.33643
5.39518
2.79935
-2.13885
-6.81146
6.65323
4.26665
-3.43837
1.24375
-1.01062
0.630156
-0.745273
-1.37878
4.69092
-5.19233
-6.73494
6.74827
-6.74511
6.76213
6.75113
-6.74902
0.0161918
-6.73178
6.75204
6.75994
-6.75829
0.0281661
6.74398
-6.73871
0.0253043
-6.72199
6.7424
6.76732
-6.7726
0.0222166
6.8775
-6.58846
-6.53846
6.34061
6.761
-6.76198
0.0119744
-6.42993
6.60194
6.73532
-6.73486
0.01333
6.524
2.2673
7.36536
7.98155
6.75603
-6.59449
0.326094
-1.13816
-1.54514
2.07204
-1.30579
1.62307
0.51247
0.475534
6.76574
-6.76687
6.76386
-6.77101
6.75542
-6.76371
-1.57412
0.685219
5.73158
-5.89485
5.43553
-6.53266
-2.81601
-0.801078
-6.76808
6.77824
-0.00421739
-6.75392
6.75942
0.0118237
5.93868
-6.37548
-1.04358
6.76582
-6.7735
-6.76152
6.75693
-0.026434
-6.24527
6.20362
0.35667
-0.171858
-6.73193
6.73765
6.7369
-6.7369
6.73622
-6.74172
6.73848
-6.75023
-6.72093
6.72477
-6.72553
6.75663
-6.74925
6.7924
-6.90311
6.82373
-5.75523
6.38347
1.61014
6.40772
-6.50125
-6.4099
6.39755
0.0222919
6.74541
-6.72312
0.0253796
6.00066
-5.92068
-0.537792
0.462783
6.37503
-6.41419
-6.44658
6.33564
-0.0715449
-6.56451
6.46653
-0.223898
-6.60352
6.4392
-0.195807
-6.23578
6.55096
0.641721
-6.77696
6.8171
0.00128028
-1.53102
0.765475
1.04087
-1.4865
-0.500749
3.49145
-2.3364
-6.7604
6.89219
0.0567088
5.73971
3.09247
7.68927
6.5316
-6.84941
-0.279854
1.37453
-0.999451
-0.536539
-6.45102
6.42444
0.015514
1.15881
-0.692641
1.83467
-1.35978
6.75226
-6.75271
0.000225931
6.70994
-6.79097
-0.0676288
6.75301
-6.77267
-0.0118991
0.0192795
-1.57069
0.614731
-1.0998
-0.969261
5.11464
2.62886
8.20711
6.3602
0.213957
8.98906
0.656105
0.397169
-0.823141
-4.40016
5.79906
-5.15327
6.90507
2.536
2.5049
0.0102422
-6.3001
-0.549315
2.96778
-2.32939
0.773137
-2.69163
3.32718
1.15353
0.997788
0.183833
-0.0263587
0.485933
1.05202
-0.381202
0.684761
-6.84256
-0.137743
-3.86072
5.2203
1.93834
1.78192
2.10347
-1.71508
0.618663
0.000150621
1.40147
1.42535
1.94174
-1.54726
-4.04714
2.60972
2.28917
-3.42982
-1.92357
3.48917
-4.74067
-1.70854
-3.91823
2.7365
-1.76845
-1.6867
1.35867
0.00173214
-0.643594
5.92166
-6.77447
-0.920896
0.01333
6.7381
8.78406
3.69368
-6.815
-3.51519
6.74925
-6.75942
1.9274
0.569942
2.35636
-0.00594953
0.303727
-6.73991
0.00798291
-6.74225
-0.144816
6.73336
-6.73637
-0.00150621
0.00271118
-0.00112966
-0.0115978
-3.183
-4.24698
-6.69819
-7.06299
-0.0144596
-0.0111459
-1.37894
-6.47542
0.0991839
-6.41186
6.75731
-6.76047
-6.75927
6.75686
-6.73765
6.73087
-0.00534704
6.74789
-6.74804
-6.74134
6.74797
-6.73667
6.73223
6.72899
-6.72575
6.75994
-6.73923
6.82094
-6.82094
0.448741
6.64472
-6.82757
-6.43852
-0.0627336
-6.48265
-0.0851008
-0.00956443
-0.0762142
-0.720955
0.851347
-0.25839
0.0716956
-4.82725
-2.82949
-7.23749
-7.04047
0.0344169
0.00805822
-0.0028618
0.0109953
0.00278649
0.0531692
0.0308773
-0.0118991
-1.32796e-14
-0.00233462
0.00534704
-0.0166436
-0.0262834
-0.0118237
0.00625077
-0.0179992
-0.388376
6.40222
-6.79059
6.77041
-6.78841
6.79828
-6.80987
-6.77998
6.79331
-6.79798
6.80995
6.51398
-7.06329
-6.72809
6.91192
-6.79948
6.8217
-6.7921
6.82027
6.81966
-6.82561
0.0201832
6.80423
-6.82087
1.36326
-1.60631
6.79963
-6.76522
6.81025
-6.8101
0.0122756
-7.23041
6.97202
-0.828189
-3.08216
4.32591
-3.89222
1.85954
6.13569
-6.03651
6.78495
-6.79677
-1.52175
-7.09206
6.17117
6.19865
-6.27487
5.63955
-7.01875
-1.45251
6.80091
-6.81206
0.777902
-2.01815
-6.77064
6.79594
-2.42748
2.91342
-1.07547
2.43527
6.80656
-6.81612
-6.80837
6.81108
6.77614
-6.77764
-0.00384083
-6.87863
6.74089
7.21376
-6.91004
-6.81944
6.81522
-0.0211622
-2.78641
-4.02858
6.41532
-5.75922
0.896763
-1.61653
6.31418
-6.30394
6.7985
-6.81296
-0.00986567
6.78909
-6.81552
-6.81138
6.8232
-0.00481987
6.8583
-6.76906
0.130212
1.98653
-0.97033
1.10769
-6.83427
6.80792
5.24605
-6.28963
-1.99143
-6.81899
6.82433
-0.0147609
-6.93617
6.93896
0.0358478
6.78811
-6.79346
-1.44621
1.32562
-6.79346
6.80445
-0.00851008
-6.78193
6.78193
-6.7976
6.79474
-0.0271871
-6.77041
6.77847
-6.75987
6.79075
0.0397639
1.34049
-0.745046
6.49831
-6.56105
6.82192
-6.79654
0.052868
-6.40101
6.32947
-0.086833
6.61535
-6.83925
-6.38791
6.1921
0.110405
-6.46879
7.11051
0.744971
3.74316
5.04091
-6.83646
6.83774
-0.0212376
-6.59072
5.04523
1.54966
-1.01202
6.81206
-6.81033
0.0199573
-6.78065
6.78864
0.00745574
-1.64138
2.9487
-6.94769
6.66784
-0.433713
-0.210794
-1.79323
1.5865
-6.44138
6.45689
0.173967
-1.65099
0.830721
6.78856
-6.78969
0.01092
6.77892
-6.84655
-0.0553532
6.81515
-6.82704
-0.0104682
6.81018
-6.80995
-0.000150621
-6.87878
6.93549
-0.0410442
-1.56965
1.06545
-0.675185
-0.382286
-6.1677
6.18999
-0.032007
-6.8104
6.8821
0.128555
-1.02616
1.15859
-2.51766
0.72491
-1.69689
-0.927463
4.12219
4.86686
4.4507
-5.25178
-2.61229
1.16355
-1.2432
-4.48271
6.98761
2.06732
-1.44864
-0.31392
-5.00626
7.54227
3.20085
3.05956
-0.892128
0.780588
0.00670263
0.627075
0.00112966
-6.77945
6.79873
-2.35655
-6.34084
-0.220208
-6.42594
0.0115978
5.14981
-3.36788
2.06765
-6.78818
6.80438
6.66385
-6.30718
2.85773
1.46818
-4.06722
6.00556
2.92039
2.63767
4.01126
6.79519
-6.78186
4.31706
-5.90345
-2.2695
0.162143
0.152956
0.641286
-6.61331
6.93941
-0.0191289
-1.97364
-0.0120497
0.298606
-6.81236
6.81002
-0.96161
0.0245512
1.3513
1.83382
4.2343
-2.32606
2.0053
0.0217647
0.0546001
-0.0232709
-0.105661
5.52734
2.45422
-0.00768167
-1.24016
1.75275
0.827066
0.65164
-3.46375
-3.23443
-6.25017
-5.84673
0.0384083
-0.784344
7.86535
0.01333
-0.0108447
6.77772
-6.804
-5.89576
5.7239
0.768092
-0.565732
0.0109953
-0.235948
0.0138571
-6.79677
6.80302
-6.7805
-0.0079076
-6.7924
-0.00203338
0.0203338
0.00820884
6.83608
-6.78291
-0.598492
0.002184
0.0254549
0.00625077
-6.2287
-0.610542
-6.7665
0.0708672
1.63856
2.79138
-2.01825
0.3639
0.00625077
2.03703
0.876388
2.60697
7.13747
-4.61111
-2.42937
-6.60254
-6.45795
-0.0378059
0.632231
7.49512
-0.022066
-0.0139324
0.0991839
8.06771
-6.83804
6.87645
-6.83345
6.84437
6.90183
-6.80264
6.82682
-6.86462
-6.80905
6.87991
0.0927825
-1.5146
1.21765
-6.84384
6.8656
6.88134
-6.86139
0.0433035
-2.19199
0.33437
-3.40911
-3.22553
-2.45241
3.4502
1.55885
1.43195
1.00974
-1.79462
7.08415
-7.0587
6.75076
-6.64035
-3.24074
0.984724
-6.85069
6.90356
-6.83932
6.85318
-6.81161
6.85137
0.0683066
-6.87065
6.87178
7.56079
-8.38898
6.83081
-6.858
6.84625
-6.85476
-2.66366
4.13183
6.83405
-6.84798
-5.33868
6.68998
-1.95054
0.699873
3.0731
-4.51273
-2.4569
-1.05063
-3.22443
0.397964
-0.876985
-3.86533
6.87313
-6.87795
6.85506
-6.86493
-0.0155893
4.11301
3.38212
-6.89317
6.87404
5.62577
-5.65777
-6.92495
6.81929
6.28059
-6.12764
2.26308
4.8744
-7.37154
5.91903
6.84655
-6.8403
0.013104
6.85197
-6.87313
6.86899
-6.85672
0.0251537
5.95171
-5.78957
2.91989
-1.06111
-2.22078
1.1862
-1.56439
-2.2469
-6.86741
6.88759
6.37609
-6.88127
6.86003
-0.0292958
-6.80039
7.09899
6.96637
-6.83616
0.165984
6.85619
-6.83164
0.0158905
-6.99765
5.02382
-6.84904
6.86003
-0.00278649
6.87072
-6.88549
-7.10313
7.13898
0.457662
-6.82727
6.8476
0.0240994
-6.13494
5.89899
-0.509174
-6.84587
6.83796
-0.0118237
-1.1659
1.76765
1.93519
1.02498
-6.8592
6.85717
-0.028392
-6.86914
6.87735
0.00158152
-6.83879
6.8455
5.25012
-5.84861
-3.13887
0.902144
2.96619
-1.11278
1.99457
6.84286
-6.8467
0.00353959
6.87901
-6.86741
0.0222919
-6.17749
6.09066
0.1031
5.33718
6.86726
-6.86508
0.0165683
-7.47577
8.22074
-0.391614
-6.86297
6.8763
0.0101669
6.86109
-6.87313
-0.00384083
-6.8586
6.86485
-0.0014309
-6.84617
6.85363
0.0138571
2.35477
-1.71348
0.906111
3.85206
4.0133
6.85273
-6.90808
-0.0404417
6.87743
-6.8879
0.0100163
6.87871
-6.87886
0.0173214
-6.92691
6.88586
-0.0668757
6.98023
-6.85167
0.177582
0.287309
-7.44195
6.54983
-6.87547
6.8522
-0.0486506
-1.42932
0.0448097
-1.60747
0.0927407
4.94677
2.12135
-0.896986
1.03568
6.77629
-6.98708
-0.148663
4.27817
-6.5479
-2.7218
7.23417
0.293937
-0.172838
0.0148362
-6.55382
-0.0865317
-6.77403
0.00316304
-3.48849
2.88206
0.0201832
-2.33402
3.89287
-0.875032
-0.088791
-0.00707918
-0.000376552
4.64553
-2.57788
1.98187
-0.000602484
-1.1547
1.98166
-3.88888
6.80927
3.59314
4.47457
7.60643
7.53413
4.1514
-3.06647
-1.04641
1.79781
0.0100916
-0.0138571
-0.0200326
-2.55091
-0.0118991
-2.34773
-4.24337
-2.0068
6.15347
-0.0628089
-6.20807
0.4185
6.83503
-6.85709
-0.00233462
6.86139
-6.86907
-1.52293
1.73459
-0.725339
6.6884
0.410593
7.32063
0.0674029
4.56743
-5.13316
-2.03511
2.47342
-6.71679
-3.98453
-3.83473
0.893484
-0.029597
-5.99999
6.76808
1.32064
1.63492
-0.0117484
-6.55081
0.42317
-6.37684
7.138
-0.588175
-6.88059
6.86975
-0.00346428
1.05953
3.3465
-2.9826
2.32215
-1.41605
1.16742
1.57979
6.70429
-1.98689
-4.68318
1.0334
-1.96158
-0.761687
-0.028392
7.22182
-7.83236
0.844983
-2.8856
3.64525
-0.0115978
-0.0157399
2.14966
1.19683
3.02605
-1.68165
1.77321
-4.00875
1.10339
6.84685
-6.93564
-6.88707
6.9019
-3.10038
5.73806
3.70889
3.16018
6.91425
-6.87095
-6.75339
5.87836
6.91516
6.8656
0.935054
6.88323
-6.89482
-0.927577
6.88217
-6.89791
-6.89452
6.89392
3.73096
3.87548
-6.89573
6.89889
-6.90266
-1.55064
6.88458
-6.88496
6.90055
5.01522
-3.22495
2.58268
-5.75688
3.31088
-3.16232
-3.23798
2.67405
-1.78056
1.25799
-4.72453
5.01846
6.10007
-5.6769
5.55302
-5.61583
7.37621
4.34858
0.888366
-4.24575
6.15716
-5.73866
1.43263
-0.18564
-6.90763
-6.93994
7.3976
6.89264
-6.89543
-6.84286
-6.89686
-8.46286
-6.87683
6.90198
4.29729
-2.49948
7.05268
-6.88669
-6.90522
6.89528
6.8946
-6.87984
7.29043
6.88616
-6.91546
6.95357
-6.88202
1.18973
-1.91514
6.89882
-6.87472
6.88277
5.23912
-5.7483
-1.51427
-0.729834
6.89708
-6.90055
-6.90296
6.88293
2.34223
-7.75201
7.66548
-1.87365
6.89746
6.90718
-5.59835
5.70145
0.501718
6.91041
-0.986166
2.96708
6.89882
6.8888
6.80942
-0.282791
-7.31212
4.96439
-1.0266
-1.74881
0.821138
7.09673
-6.99152
-2.11253
4.45477
8.21946
-3.1594
6.81394
2.11215
-1.06634
1.12331
2.18476
1.93028
5.73519
-5.38184
8.22405
4.41944
-2.43757
1.91997
-3.49847
0.085628
-0.559115
-6.83089
1.15398
2.35006
-1.52907
0.668341
4.62725
-3.48169
1.44843
1.24548
1.09578
-2.55234
-2.33664
1.30992
-3.46544
1.31093
-2.26393
-3.05162
0.873253
-5.9859
-1.59937
-1.16924
-2.00799
1.24621
-0.698158
-0.668998
4.49423
-1.33405
2.05665
2.23815
-2.83567
6.54456
-5.22542
5.31105
-4.54054
6.7787
2.73684
-0.860895
0.99456
2.66267
-1.40469
1.49341
4.92447
-6.79813
2.12918
2.32559
-6.01964
0.34972
-3.49168
6.63734
-5.10763
5.60935
4.38473
6.37292
-5.21894
1.26529
1.55976
1.6192
-2.17836
2.09566
-2.09047
4.27522
2.17564
-1.30455
-2.39351
3.38083
-1.68492
3.8141
-0.374283
0.383933
2.51819
-1.38648
2.03183
5.21051
-8.10371
5.6647
-0.353658
4.71188
-2.79191
2.62141
0.96082
1.10791
5.47906
-3.17927
2.5903
2.48023
-1.81218
1.17505
2.41641
-0.923007
-6.41771
0.0900776
5.35457
-3.91171
3.52242
4.65825
-3.22562
3.85155
-3.49423
1.48949
2.32461
1.71823
-2.03454
1.36552
-0.316338
-0.812864
2.16209
5.02946
-6.54373
-1.7646
3.01008
1.75782
3.24731
0.400453
4.30368
-3.92119
-1.76867
1.60539
4.74795
-5.10161
-3.19967
0.41631
-2.33642
-4.25651
-3.13115
-6.02531
-0.212422
-2.43833
4.49498
2.77218
1.70307
-2.3521
2.4421
-3.36387
-0.136462
0.378064
-4.83531
4.10548
3.2376
-0.912989
-1.19832
2.30436
-2.61843
-0.518417
-2.86488
-3.88515
-5.64743
4.33193
-0.177055
-2.43825
-1.32208
2.92747
1.92524
2.00446
3.92639
-1.33608
4.06074
-4.2378
6.035
2.12511
-4.56336
-3.52235
-0.502622
1.30927
1.92832
-1.69738
-0.654756
3.23451
2.63236
-1.45783
1.43317
0.909858
3.65836
-3.79562
3.35124
-6.57686
-0.886555
-1.0978
0.629747
3.0134
-2.51026
-4.71685
3.38076
4.81144
-4.4275
-2.09544
-5.29267
4.19487
-0.544721
-0.290171
3.93957
0.822158
2.41235
-0.264879
-5.20486
0.777355
-2.56312
3.19276
2.82661
-2.37371
4.30203
3.36569
-0.953351
2.71091
-4.29292
3.7482
-0.829729
2.26193
-1.86035
-2.02541
0.147761
-4.6868
3.80024
1.73481
-1.34172
2.24975
0.489663
-4.28545
-0.491928
4.2899
4.50763
-4.7978
0.21471
0.639687
3.34868
3.78728
3.56339
3.71112
2.98693
-1.25229
2.15688
0.919437
2.38139
-2.87332
-3.6472
-0.638359
-1.56021
2.47914
0.618051
-0.429798
4.17799
4.15812
3.28131
2.02896
1.30466
)
;

boundaryField
{
    bullet
    {
        type            calculated;
        value           uniform 0;
    }
    topWall
    {
        type            calculated;
        value           nonuniform List<scalar> 
50
(
7.44682e-15
1.67223e-15
1.67223e-15
1.67223e-15
-1.67223e-15
1.7185e-15
1.7185e-15
1.67223e-15
1.7185e-15
1.67223e-15
-1.67223e-15
1.67223e-15
0
2.86416e-15
1.67223e-15
1.67223e-15
1.67223e-15
2.29133e-15
-1.67223e-15
1.67223e-15
1.7185e-15
-1.67223e-15
-1.67223e-15
-1.67223e-15
-1.67223e-15
0
5.15549e-15
1.0311e-14
9.16532e-15
1.7185e-15
1.7185e-15
1.31751e-14
5.72833e-14
1.93045e-13
6.10067e-13
1.83765e-12
5.25402e-12
1.4346e-11
3.73235e-11
9.23274e-11
2.16108e-10
4.56757e-10
2.94013e-10
-3.51181e-10
-7.16238e-09
-3.02496e-08
-1.00047e-07
-2.88098e-07
-7.32128e-07
-1.84915e-06
)
;
    }
    bottomWall
    {
        type            calculated;
        value           nonuniform List<scalar> 
50
(
1.08838e-14
1.26023e-14
8.59249e-15
7.44682e-15
2.86416e-15
6.87399e-15
2.34861e-14
6.98856e-14
2.13667e-13
6.43864e-13
1.91097e-12
5.48373e-12
1.50678e-11
3.94945e-11
9.86813e-11
2.34754e-10
5.29912e-10
9.33501e-10
3.02623e-10
-1.49346e-09
-1.6821e-08
-6.63359e-08
-2.03635e-07
-5.54175e-07
-1.51081e-06
8.01966e-15
1.7185e-15
-1.67223e-15
-1.67223e-15
-1.67223e-15
1.67223e-15
1.67223e-15
-1.67223e-15
-1.67223e-15
-1.67223e-15
-5.01669e-15
-1.67223e-15
1.7185e-15
5.72833e-16
-1.67223e-15
1.67223e-15
-1.67223e-15
-1.67223e-15
0
1.67223e-15
-1.67223e-15
0
5.72833e-15
4.58266e-15
8.59249e-15
)
;
    }
    inlet
    {
        type            calculated;
        value           nonuniform List<scalar> 
30
(
-7.45574
-7.45574
-7.45574
-7.45574
-7.45574
-7.45574
-7.45574
-7.45574
-7.45574
-7.45574
-0.150621
-0.150621
-0.150621
-0.150621
-0.150621
-0.150621
-0.150621
-0.150621
-0.150621
-0.150621
-7.45574
-7.45574
-7.45574
-7.45574
-7.45574
-7.45574
-7.45574
-7.45574
-7.45574
-7.45574
)
;
    }
    outlet
    {
        type            calculated;
        value           nonuniform List<scalar> 
30
(
7.45574
7.45574
7.45574
7.45574
7.45574
7.45574
7.45574
7.45574
7.45574
7.45574
0.150621
0.150621
0.150621
0.150621
0.150621
0.150621
0.150621
0.150621
0.150621
0.150621
7.45574
7.45574
7.45574
7.45574
7.45574
7.45574
7.45574
7.45574
7.45574
7.45574
)
;
    }
    defaultFaces
    {
        type            empty;
        value           nonuniform 0();
    }
}


// ************************************************************************* //
