/*--------------------------------*- C++ -*----------------------------------*\
  =========                 |
  \\      /  F ield         | OpenFOAM: The Open Source CFD Toolbox
   \\    /   O peration     | Website:  https://openfoam.org
    \\  /    A nd           | Version:  6
     \\/     M anipulation  |
\*---------------------------------------------------------------------------*/
FoamFile
{
    version     2.0;
    format      ascii;
    class       volScalarField;
    location    "0.0002";
    object      T;
}
// * * * * * * * * * * * * * * * * * * * * * * * * * * * * * * * * * * * * * //

dimensions      [0 0 0 1 0 0 0];

internalField   nonuniform List<scalar> 
3704
(
300
300
300
300
300
300
300
300
300
300
300
300
300
300
300
300
300
300
300
300
300
300
300
300
300
300
300
300
300
300
300
300
300
300
300
300
300
300
300
300
300
300
300
300
300
300
300
300
300
300
300
300
300
300
300
300
300
300
300
300
300
300
300
300
300
300
300
300
300
300
300
300
300
300
300
300
300
300
300
300
300
300
300
300
300
300
300
300
300
300
300
300
300
300
300
300
300
300
300
300
300
300
300
300
300
300
300
300
300
300
300
300
300
300
300
300
300
300
300
300
300
300
300
300
300
300
300
300
300
300
300
300
300
300
300
300
300
300
300
300
300
300
300
300
300
300
300
300
300
300
300
300
300
300
300
300
300
300
300
300
300
300
300
300
300
300
300
300
300
300
300
300
300
300
300
300
300
300
300
300
300
300
300
300
300
300
300
300
300
300
300
300
300
300
300
300
300
300
300
300
300
300
300
300
300
300
300
300
300
300
300
300
300
300
300
300
300
300
300
300
300
300
300
300
300
300
300
300
300
300
300
300
300
300
300
300
300
300
300
300
300
300
300
300
300
300
300
300
300
300
154.439
18.6558
38.1322
133.741
187.071
183.585
218.162
174.917
225.921
375.31
405.104
478.589
565.935
596.726
555.364
103.138
21.5502
51.5442
284.622
305.08
227.359
232.92
228.507
309.131
412.761
410.923
436.89
465.993
470.365
459.182
91.3129
32.9761
99.6428
336.549
288.111
230.123
226.261
285.636
347.779
381.381
400.013
419.994
435.981
444.882
408.643
87.9432
57.5412
191.866
244.75
230.623
227.672
227.095
301.047
338.246
359.612
390.561
418.725
416.464
438.327
372.914
95.5612
101.506
201.931
215.895
228.749
225.904
241.353
294.324
332.664
361.068
399.472
437.119
395.422
445.098
352.173
513.842
631.482
598.911
571.733
537.507
512.733
380.027
230.847
262.058
188.354
222.936
54.4085
132.161
113.846
182.655
456.421
533.378
505.255
480.778
459.142
435.6
396.824
286.387
283.167
270.872
380.896
85.9362
195.754
131.361
137.121
413.4
523.226
488.96
461.666
441.206
405.367
387.536
337.497
269.481
254.882
296.037
181.75
155.4
164.771
133.403
377.776
542.218
477.122
452.199
436.642
402.202
388.372
339.684
282.962
237.145
266.118
197.874
142.863
190.9
138.581
357.076
570.363
455.892
443.789
434.353
408.125
387.01
327.632
288.455
228.626
276.276
190.817
141.563
183.559
163.011
300
300
300
300
300
300
300
300
300
300
300
300
300
300
300
300
300
300
300
300
300
300
300
300
300
300
300
300
300
300
300
300
300
300
300
300
300
300
300
300
300
300
300
300
300
300
300
300
300
300
300
300
300
300
300
300
300
300
300
300
300
300
300
300
300
300
300
300
300
300
300
300
300
300
300
300
300
300
300
300
300
300
300
300
300
300
300
300
300
300
300
300
300
300
300
300
300
300
300
300
300
300
300
300
300
300
300
300
300
300
300
300
300
300
300
300
300
300
300
300
300
300
300
300
300
300
300
300
300
300
300
300
300
300
300
300
300
300
300
300
300
300
300
300
300
300
300
300
300
300
300
300
300
300
300
300
300
300
300
300
300
300
300
300
300
300
300
300
300
300
300
300
300
300
300
300
300
300
300
300
300
300
300
300
300
300
300
300
300
300
300
300
300
300
300
300
300
300
300
300
300
300
300
300
300
300
300
300
300
300
300
300
300
300
300
300
300
300
300
300
300
300
300
300
300
300
300
300
300
300
300
300
300
300
300
300
300
300
300
300
300
300
300
300
300
300
300
300
300
300
300
300
300
300
300
300
300
300
300
300
300
300
300
300
300
300
300
300
300
300
300
300
300
300
300
300
300
300
300
300
300
300
300
300
300
300
300
300
300
300
300
300
300
300
300
300
300
300
300
300
300
300
300
299.979
298.747
296.079
279.364
311.578
460.347
130.747
123.768
300
146.385
218.381
238.637
244.247
263.368
303.547
353.934
423.708
492.769
563.475
363.866
466.389
343.846
222.202
301.434
300.006
300
300
300
300
300
300
300
300
300
527.749
300
300
300
300
300
300
300
300
300
300
300
300
300
300
300
300
300
300
300
300
300
300
300
300
300
300
300
300
300
300
300
300
300
300
300
300
300
300
300
300
539.432
300
300
300
300
300
300
300
300
300
300
300
300
300
300
300
300
299.996
299.507
297.768
290.786
276.024
384.524
218.3
148.382
132.234
194.448
219.407
251.905
285.539
322.44
390.843
501.032
587.119
436.006
315.857
333.273
300.093
300
300
300
300
300
300
300
300
300
300
300
300
300
300
300
300
300
300
300
300
300
300
300
300
300
300
300
300
300
300
300
300
300
300
300
300
300
300
300
300
300
300
300
300
300
300
300
300
300
300
300
300
300
299.998
299.922
300.689
292.382
273.402
292.125
300.001
334.174
300.258
300
300
300
300
300
300
300
300
300
300
300
300
300
300
300
300
300
300
300
300
300
300
300
300
300
300
300
300
300
300
300
300
300
300
300
300
300
300
300
300
299.988
296.575
298.26
285.235
284.972
312.056
300
300
300
300
300
300
300
300
300
300
300.004
304.651
300
300
300
300
300
300
300
300
300
300
300
300
300
300
300
300
300
300
300
300
300
300
300
300
300
300
300
300
300
300
300
300
300
300
300
300
300
300
300
300
300
300
300
300
300
300
272.713
300
300
300
300
300
300
300
300
300
300
300
300
300
300
300
300
300
300
299.997
297.644
298.322
284.324
277.145
218.409
167.258
300
300
235.101
165.085
322.216
210.436
189.104
227.154
300
300.136
300
300
300
302.284
300.452
300
300
300
300
300
300.001
300.003
300
300
300
300
300
300
300
300
257.356
294.988
378.567
473.564
446.149
354.914
300.659
308.431
318.372
295.479
300
300
300
300
300
300
300
300
300
300
194.564
187.007
160.734
300
300
300
300
300
313.434
300
300
300
300
300
300
300
300
300
300
300
300
300
300
300
300
300
300
300
300
300
300
300
300
300
300
300
300
196.677
300
300
300
300
300
300
300
300
300
300
300
300
300
300
300
300
300
300
300
300
300
300
300
300
300
300
300
299.944
299.225
291.836
283.92
266.387
300
300
250.121
300
300
300.036
300
300
300
300
300
300
300
300
300
300
300
383.972
283.486
487.231
525.67
405.359
310.762
311.342
300
289.453
298.868
299.173
300
311.338
300
300
279.497
296.593
300.645
299.996
300
300
300
300
300
300
300
300
300
300
300
300
300
300
300
300
300
300
300
300
300
300
300
300
300
300
300
300
300
300
300
300
300
300
300
300
300
300
300
300
300
300
300
300
300
241.218
300
300
300
300
300
300
300
300
300
300
300
300
300
300
300
300
300
300
300
300
300
300
300
300
300
300.462
300
300
300
300
300
300
300
300
300
300
322.087
300
295.623
300
300
202.903
300
300
300
300
300
300
300
300
300
300
300
300
300
300
300
300
300
300
300
300
300
300
300
300
300
300
300
300
300
300
300
300
300
300
300
300
219.888
300
300
300
300
299.999
299.854
299.509
300
300
300
300
300
300
194.627
300
300
300
300
300
300.836
300
420.146
300
300
300
300
300
300
300
300
300
300
300
306.226
312.237
300.597
300
447.738
369.495
319.884
300
300
300
300
300
300
300
300
300
300
300
330.901
422.275
379.914
312.163
300
300
300
300.003
300
300
300
296.191
299.332
296.223
300
300
269.839
245.94
300
315.54
300
300
300
321.441
300
300
300
300
300
300
300
300
300
300
300
300
300
300
300
300
361.666
300
300
300
300
300
300
300
300
300
300
300
300
300
300
300
300
300
300
300
300
300
300
300
300
300
300
300
221.952
300
299.99
298.535
299.095
300
291.143
300
300
284.926
254.882
290.708
300
300
300
232.955
215.118
242.781
414.898
300.06
300.003
432.116
300
312.435
312.51
307.807
300
300
300
300
300
300
299.417
300
300
300
296.175
300
300
300
300
300
300
300
300
300
300
304.654
300
300
300
300
300
300
300
300
300
300
300
300
300
300
300
300
300
300
300
300
300
300
300
300.001
300
300
300
300
300
300
300
300
300
294.844
300
300
300
300
299.702
300
300
300
300
300
300
300
300
300
300
300
300
373.274
300
300
299.965
299.999
299.575
300
300
300
300
300
300
227.511
300
300
300
300
300
300
300
300
300
300
300
300
300
300
300
376.058
300
300
300
300
300
300
300
300
300
300
300
300
300
300
300
300
300
300
358.32
300
300
300
300
300
300
300
300
300
300
265.086
300
300
300
300
300.002
300.017
300
300
300
300
300
300
281.385
300
300
300
300
294.174
300
300
300
300
300
300
299.032
300
300
300.438
300
300
300
300
300
300
300
300
300
263.075
300
300
378.688
300
300
300.21
300
300
300
300
301.437
358.327
248.795
300
300
300
300
300
300
300
300.956
302.045
300
339.391
305.165
300
299.359
300
300
300
300
326.683
300
300
300
300
300
300
300
300
300
300
300
300
300
300
300
300
300
310.263
300
300
300
300
300
321.44
296.953
297.285
298.213
300
300
300
300
300
300
300
300.073
300
301.142
300
299.813
300
300
300
300
300
300
300
300
300
300
300
300
300
308.231
300.391
300.092
300
300
300
300
300
300
300
300
293.633
300
300
300
302.257
300
300
300
300
300
300
300
300.405
300
300
299.864
300
338.337
300
300
300
300
300
300
300
300
300
300
300
300
300
300
299.574
276.584
306.52
277.608
300
300
300
300
300
300
300
300
300
300
336.019
300.276
300.198
300
300.315
300
300
300
300
316.338
300
300
300
300
300
300
300
300
300
300
300
300
300
300
300
300
300
300
300
300
300
300
300
300
300
300
300
300
300
300
300
300
300
300
300
300
300
305.083
300
300
300
300.001
300
300
300
300
300
300
300
300
300
300
300
300
300
300
300
301.278
300
300
300
300
300
300
300
300
300.153
300
300
300.013
300.014
300
300
300
300
300.059
300
300
300
300
300
300
300
300
300
300
299.856
300
300
300
299.519
300
299.987
299.99
301.19
310.289
300
300
300
300
310.299
321.712
300.479
300
300
299.647
298.778
300
319.498
300
300
300
300
300
300
300
300
300
317.121
300
300.213
300
300
300
300
300
300
300
300
300
300
316.684
325.107
300
300
300
300
300
300
300
300
300
300.322
300
300
300
300
300
300
300
300
300
300
300
300
301.83
300
300
300
300.019
300.017
300
300
300
300
300
300
300
300
300
300
300
300
300.975
300
300
300
300
300
300
300
300
300
300
300
300
300
300
300.036
300.022
300
300
300
300
300
300
305.371
300
300
300
300
300
300
300
300
312.718
305.388
300
300
300
300
300
300
300
300
300
300
303.714
300.049
300
299.992
300
300
300
300
300
300
300
300
299.371
304.042
300
300
300
300
300
300
300.001
300
300.606
300.342
300
305.455
299.995
299.833
299.998
299.995
300
300
300
300
300
300
300
300
300
300.032
300
300
300
300
300
300
300
300
306.654
306.658
300
300
300
300.043
300
300
300
299.073
300.723
300
300.002
300
300
300
300
300
300.001
300.001
300.004
301.526
300
300.005
300.003
300.002
303.69
302.166
300
300
301.698
302.611
303.094
300.015
300
300
302.115
301.362
300
300
300
299.794
300
300
300
300
300
300
300
300
300.56
300.294
300
300.026
300.017
300
300
300.001
300
300
300
300
300
300.004
300.004
300
300.003
300.002
302.01
300
300
300
300
300.045
300.119
300
300.001
300.002
300
300
300.001
300
300
300
300
300.75
300.909
300
300
300
300
300.001
300
300.053
300.023
300
300.001
300.034
300
300
300
300.258
300.137
300
300.015
300
300
300
300.018
300.046
300.046
300.025
300
300
300
300
300
300
300
300.001
300
300.003
300.005
300
300
300.002
300
300
300
300
300
300
300.005
300
300.014
300.001
300.001
300
300
300.001
300.005
300
300
300
300
300
300
300
300
300
300
300
300
300
300
300
300
300.005
301.029
219.102
340.652
584.148
431.665
437.181
443.843
473.99
432.865
337.493
296.359
248.596
252.427
200.913
155.288
165.888
335.029
170.443
295.672
247.533
253.118
283.31
304.777
299.887
299.896
300
300
300
300
300
300
300
300
300
300
300
300
300
300
300
300
300
300
300
300
300
300
300
300
300
300
300
300
300
300
300
300
300
300
300
300
300
300
300
300
300
300
300
300
300
300
300
300
567.071
300
300
300
300
300
300
300
300
300
300
300
300
482.246
300
300
300
300
300
300
300.053
333.265
300
447.176
451.347
464.498
481.951
480.05
382.396
300.11
264.811
225.201
230.678
176.731
143.392
219.258
251.977
262.048
298.976
298.137
299.657
299.885
300
300
300
300
300
300
300
300
300
300
300
300
300
300
300
300
300
300
300
300
300
300
300
300
300
300
300
300
300
300
300
300
300
300
300
300
300
300
300
300
300
300
300
300
300
300
300
300
332.431
300
300
300
300
300
300
300
300.011
305.887
249.41
249.135
292.024
300.1
299.846
299.834
300
300
300
300
300
300
300
300
300
300
300
300
300
300
300
300
300
300
300
300
300
300
300
300
300
300
300
300
300
300
300
300
300
300
300
300
300
300
300
300
300
300
300
300
300
300
300
300
300
300
300
300
300
300
300
300
300
300
300
300
300
300
300
300
300
300
300
300
300
300
300
300
300
300
300.498
300
300
300
300
300
300
300
300
300
299.996
299.743
299.473
300.729
273.995
259.488
238.601
262.794
300
300
300
300
300.434
300
300
300
292.086
300
300
300
300
300
300
300
300
300
300
300.014
299.997
446.387
303.873
300
300
300
192.549
300
300
300
300.001
300
300
300
397.553
300
275.431
295.922
195.066
268.665
280.922
300.328
284.644
279.12
292.202
299.628
297.779
298.519
298.286
299.971
299.451
300.203
299.23
300
299.735
299.69
300
300
299.999
300
300
300
300
300
300
300
300
300
300
300
300
300
300
300
300
300
300
300
300
300
300
300
300
300
300
300
300
300
300
300
300
300
300
300
300
300
300
300
300
300
300
300
300
300
300
300
300
300
300
300
300
300
300
300
300
300
300
300
300
300
300
300
300
300
300
300
320.741
300
491.558
482.48
444.939
345.545
288.767
258.244
243.937
211.974
179.377
196.316
156.772
233.446
257.262
300
300
300
300
300
300
300
300
300
292.03
277.487
300
300
300
222.864
300
300
300
300
300
300
314.382
300
299.908
300
300
300
300
300.157
356.661
300
300
300
176.994
300
300
300
300
300
300
300
300
300
300
300
300
300
300
300
300
300
300
300
300
300
300
300
300
300
300
300
300
300
300
300
300
300
300
300
300
300
300
300
340.652
453.117
447.508
483.134
400.955
300
300
571.558
270.533
247.566
230.196
300
300
300
300
300
300
300
300
300
300
300
300
300
300
300
300
300
300
300
300
300
300
300
300
300
300
300
300
300
300
300
300
300
300
300
300
300
300
300
300
300
300
300
300
300
300
300
300
300
300
300
300
300
300
300
300
300
215.634
300
300
300
300
300
300
275.417
300
299.997
300
300
300
299.992
412.77
300
300
300
200.882
224.134
236.438
299.416
300
300
300
300
300
300
300
300
300
300
300
300
300
300
300
300
300
300
300
300
300
300
300
300
309.204
434
300.108
300.151
301.127
300
300
300
298.26
300
300
300
300
300
300
300
300
300
300
300
300
300
300
300
300
300
300
300
300
300
300
300
300
300
300
300
300
300
300
300
300
300
300
300
300
300
300
300
300
300
300
300
300
300
310.075
339.481
317.254
435.334
300
300
300
300
300
300
233.79
259.123
300
300
261.09
300.219
300
300
300
300
300
300
300
304.664
302.273
303.323
300
300
300
300
300
239.034
300.601
300
300
300
300
300
300
300
300
300
300
300
300
300
300
290.923
287.442
300
300
300
300
300
300.001
300.008
300
415.359
344.725
299.94
299.654
298.86
299.793
299.773
299.645
299.463
299.903
299.275
435.891
300
240.011
300
300
300
300
300
300
300
300
300
300
300
300
300
300
377.689
300
300
300
300
300
300
300
300
300
300
300
300
300
300
300
300
300
300
300
300
300
300
300
285.113
300
300
300
300
300
300
309.299
357.896
300
300
300
300
300
300
300
300
300
300
300
300
300
300
300
300
300
300
300
300
300
300
300
300
300
300
300
300
300
300
300
300
300
300
294.701
300
300
300
300
300
300
299.582
300
300
297.767
300
300
300
300
300
284.74
300
300
392.65
300
300
300
300
300
300
300
300
300
300
301.286
300
300
300
300
300
300
300
300
271.873
271.531
300
300
300
300
300
300
300
300
324.29
300
300
300
300
300
300
300
300
317.982
300
300
300
300
300
300
300
300
300
300
300
300
300
299.999
377.786
300
300
300
300
367.32
300
300
300
282.881
300
300
301.287
300
300
300
300
300
300
300
300
300
300
305.079
300.865
307.909
300
300
300
300
292.867
297.009
300.502
301.054
300
300
300
300
292.425
300
300.01
312.605
300
300
300
300
317.599
300
370.353
300
300
298.791
300
300
300
300
300
300
300
300
300
300
300
300
300
299.89
299.998
300
300
300
300
300
300
300
300
300
296.069
300
300
352.874
299.665
300.153
300
300
300
300
300
300
300.171
300
300.036
300
300
300
300
300.695
300
300
300
300
300
300
300
300
300
300
300
300
300
300
300
300
300
300
300
300
300
300
300
300
388.074
300
300
300
300
300
300
300
300
300
300
300
300
300
300
300
300
300
300
300
300
300
300
307.353
300
300
300
297.345
295.024
298.251
300
300
300
300.222
300
300
299.175
300
300
300
300
300
300
300
300
300
300
300
323.615
299.279
299.735
293.742
298.271
327.511
297.484
300
300
300
300
300
300
300
300
300
300
300
300
300
300
300
300
347.578
299.002
308.861
298.802
300
300
300
300
300
300
300
300
300
300
300
300
300
300
300
300
300
300
300
300
300
352.538
337.013
341.985
300
300
300
300
300
300
300
300
317.35
312.949
300
300
300
300
300
300
300
300
300
300
300
300
300
300
300
300
300
300
300
300
300
300
300
300
300
300
300
300
300
300
300
300
300
300
300
300
300
300
300.3
300
304.458
310.324
300
300
300.001
300.001
300
300
300
300
300
300
300
300.213
300
300
300
300
300
300
300
300
300
300
299.998
300
300
300
300
299.665
300.002
300
300
300
300
299.536
300
300
300
300
300
300
300
300
300
300.13
300
300
300
300
300
300
300
300
300
300
300
300
300
300
300
300
300
300
300
300
300.455
300
300
300.003
299.791
300
301.381
300
299.996
299.988
300
300
300
300
300
300
300
300
300
300
300.266
299.73
300
300
300
300
300
300
300
300
300
300.053
300
300.377
300
300
300
300
300
300
300
300
299.793
299.81
299.995
300.001
300.002
300
300
300
300
300
300
300
300.207
300
300
300
300
300
300
300
300
300
300
300
300
300
300
300
300
300
300
300
300.025
300
300
300
300
300
300
300
300
300
300
300
300
300
300
300
300
300
300
300
300
300
300
300
304.857
300
300
300
300
300
300
300
300
300
300
300
300.076
300
300.052
300
300
300
300
299.981
300
303.51
307.203
300
300
300
300
300
300
300
300
300
300.024
300
300.033
300.085
300.034
299.995
300
308.952
300
301.017
302.413
300.504
300.26
300
319.821
300.004
300.017
300
300.014
300
300
300
300
300
300
323.755
314.553
300
300
300
300
300
300
299.982
300
300
300
300
300
300
300
300.007
304.553
300
300.152
306.274
300
302.397
300
302.212
303.448
300
300
300
300
300
304.341
300.459
300
300
300
300.023
300.075
300
300.001
300.004
300.029
300
300
300.061
300
300.001
300
300.002
300.001
300.002
300.021
300
300
300
300
300.051
300.029
300
300
300
300.664
302.402
300.001
300.358
300
301.442
300
300
300
300.002
300.045
300.016
300
300
300.285
300.201
300.492
300.038
300
300
300
300
300
300
300
300
300
300
300
300
300
300
300.001
300
300.029
300.058
300.528
300.006
300
300
300
300.007
300
300.001
300
300
300
300
300
300
300
300
300.005
300
300
300.003
300
300
300
300
300
300.023
300.013
300.001
300
300.005
300.158
300
300.001
300
300
300
300
300
300
300
300
300
300
300.003
300.006
300.032
300
300
300.012
300.004
300.016
300
300.178
300
300
300
300
300.001
300
300
300.002
)
;

boundaryField
{
    bullet
    {
        type            zeroGradient;
    }
    topWall
    {
        type            inletOutlet;
        inletValue      uniform 300;
        value           nonuniform List<scalar> 
50
(
300
300
300
300
300
300
300
300
300
300
300
300
300
300
300
300
300
300
300
300
300
300
300
300
300
300
300
300
300
300
300
300
300
300
300
300
300
300
300
300
300
300
300
300
300
300
300
300
300
300
)
;
    }
    bottomWall
    {
        type            inletOutlet;
        inletValue      uniform 300;
        value           nonuniform List<scalar> 
50
(
300
300
300
300
300
300
300
300
300
300
300
300
300
300
300
300
300
300
300
300
300
300
300
300
300
300
300
300
300
300
300
300
300
300
300
300
300
300
300
300
300
300
300
300
300
300
300
300
300
300
)
;
    }
    inlet
    {
        type            fixedValue;
        value           uniform 300;
    }
    outlet
    {
        type            inletOutlet;
        inletValue      uniform 300;
        value           nonuniform List<scalar> 
30
(
300
300
300
300
300
300
300
300
300
300
300
300
300
300
300
300
300
300
300
300
300
300
300
300
300
300
300
300
300
300
)
;
    }
    defaultFaces
    {
        type            empty;
    }
}


// ************************************************************************* //
