/*--------------------------------*- C++ -*----------------------------------*\
  =========                 |
  \\      /  F ield         | OpenFOAM: The Open Source CFD Toolbox
   \\    /   O peration     | Website:  https://openfoam.org
    \\  /    A nd           | Version:  6
     \\/     M anipulation  |
\*---------------------------------------------------------------------------*/
FoamFile
{
    version     2.0;
    format      ascii;
    class       volScalarField;
    location    "0.0007";
    object      alphat;
}
// * * * * * * * * * * * * * * * * * * * * * * * * * * * * * * * * * * * * * //

dimensions      [1 -1 -1 0 0 0 0];

internalField   nonuniform List<scalar> 
3704
(
0.390605
0.389431
0.388609
0.388253
0.388296
0.388485
0.388702
0.388977
0.389285
0.389624
0.389738
0.389508
0.394669
0.393581
0.393112
0.392929
0.392853
0.389489
0.390343
0.393318
0.393868
0.388827
0.388985
0.389267
0.389601
0.389929
0.39022
0.3905
0.390779
0.391104
0.391396
0.391648
0.392465
0.39287
0.392849
0.39283
0.392813
0.392799
0.392787
0.392777
0.392769
0.392761
0.392752
0.392743
0.392733
0.392722
0.392715
0.392716
0.392696
0.39273
0.390611
0.389435
0.388605
0.388244
0.388284
0.388472
0.388691
0.388965
0.389272
0.38962
0.389737
0.389501
0.393236
0.394489
0.394489
0.394381
0.394313
0.391239
0.392691
0.394579
0.390396
0.388791
0.388961
0.389243
0.389582
0.389923
0.390238
0.390564
0.39092
0.391399
0.391924
0.392582
0.394083
0.394232
0.394172
0.394111
0.394058
0.394015
0.393979
0.393949
0.393923
0.393897
0.393872
0.393845
0.393814
0.393781
0.393762
0.393762
0.393705
0.393805
0.390624
0.389442
0.388598
0.388225
0.388259
0.388444
0.388663
0.388935
0.38924
0.3896
0.389718
0.389474
0.390587
0.39279
0.393917
0.394496
0.394816
0.39286
0.393878
0.393512
0.38922
0.38873
0.388911
0.389192
0.389536
0.389895
0.390246
0.390644
0.391119
0.391839
0.392717
0.393843
0.395172
0.395229
0.395132
0.395032
0.394945
0.394876
0.394818
0.394768
0.394727
0.394686
0.394646
0.394603
0.394553
0.3945
0.39447
0.394472
0.394377
0.394545
0.39064
0.389451
0.388586
0.388198
0.388221
0.388398
0.388613
0.388879
0.389175
0.389539
0.389655
0.389407
0.389318
0.390656
0.392203
0.393431
0.394265
0.393383
0.393438
0.391566
0.388818
0.388647
0.388833
0.389108
0.389451
0.389821
0.390199
0.390658
0.391242
0.392185
0.393374
0.394775
0.395726
0.395743
0.395617
0.395488
0.395377
0.395288
0.395214
0.395151
0.395098
0.395046
0.394995
0.394939
0.394875
0.394807
0.394771
0.394776
0.394648
0.394883
0.390657
0.389459
0.388572
0.388165
0.38817
0.388331
0.388536
0.388788
0.389068
0.389418
0.389524
0.389282
0.388885
0.389428
0.390832
0.392299
0.393423
0.393127
0.392557
0.390247
0.388584
0.388544
0.388728
0.388989
0.389317
0.389677
0.390056
0.390534
0.391162
0.392206
0.393536
0.39499
0.395692
0.395683
0.395543
0.395402
0.39528
0.395183
0.395103
0.395034
0.394976
0.394919
0.394863
0.394801
0.394728
0.394652
0.394615
0.394628
0.39447
0.394771
0.00777677
0.000627692
0.00488956
0.00268302
0.000967824
0.00517772
0.0159275
0.0250225
0.0374995
0.0414032
0.0519241
0.0587433
0.0708754
0.0758523
0.145677
0.0114821
0.0011864
0.00494521
0.00850113
0.00554349
0.0308774
0.0521057
0.0633736
0.107605
0.18955
0.250532
0.383011
0.514023
0.64765
1.31485
0.0147137
0.00205818
0.0153743
0.0195877
0.019337
0.0561333
0.0903274
0.117745
0.164523
0.275297
0.369815
0.526356
0.709981
1.0669
2.46659
0.0200892
0.00608975
0.0238989
0.0289645
0.0272545
0.0675648
0.114972
0.161991
0.202818
0.33083
0.441
0.564509
0.755813
1.34478
3.43977
0.0220508
0.0127343
0.0299326
0.0326924
0.0363227
0.0756828
0.132391
0.187067
0.23922
0.379855
0.461533
0.555704
0.746991
1.56506
4.38548
0.134045
0.0680599
0.0740223
0.0599975
0.0507019
0.0386772
0.0177262
0.0272194
0.0307748
0.0117621
0.00248516
0.00131018
0.00396356
0.00553686
0.00259544
1.08479
0.531931
0.554998
0.410085
0.203591
0.158457
0.0797985
0.0659084
0.0433999
0.0245177
0.0111998
0.00457356
0.00777466
0.0256475
0.0131925
2.12698
0.872928
0.768973
0.575264
0.347235
0.22569
0.147063
0.0996815
0.0631069
0.0524865
0.0193896
0.00924191
0.0113124
0.039906
0.0177375
3.08681
1.06137
0.815954
0.606225
0.429962
0.290694
0.180571
0.127888
0.0769253
0.0743984
0.0250828
0.0170518
0.0206644
0.0448833
0.0194505
4.12713
1.15957
0.809245
0.583421
0.457884
0.343827
0.207665
0.141411
0.0945971
0.0890209
0.0315367
0.0249315
0.025379
0.0573098
0.0202633
0.392732
0.3927
0.392713
0.392708
0.392715
0.392728
0.392739
0.392748
0.392756
0.392765
0.392774
0.392783
0.392794
0.392807
0.392821
0.39219
0.391652
0.391567
0.391402
0.39107
0.390653
0.390254
0.389898
0.389735
0.393972
0.393052
0.392868
0.392875
0.392952
0.393017
0.393032
0.393017
0.393003
0.392992
0.392968
0.392925
0.392871
0.392836
0.392835
0.392856
0.392877
0.392887
0.392922
0.393082
0.393556
0.392553
0.387768
0.388355
0.389338
0.390628
0.393809
0.393715
0.393753
0.39374
0.393761
0.393798
0.393831
0.393859
0.393884
0.393909
0.393937
0.393967
0.394001
0.394039
0.394075
0.39376
0.392538
0.392134
0.391785
0.391312
0.390777
0.390304
0.389918
0.389876
0.394479
0.394526
0.39438
0.394514
0.394748
0.394882
0.394855
0.394776
0.39473
0.394709
0.39465
0.394522
0.394356
0.394248
0.394271
0.394397
0.394566
0.394677
0.394703
0.394808
0.394713
0.388461
0.387763
0.388354
0.38934
0.390635
0.394551
0.394394
0.394458
0.394435
0.394467
0.394526
0.39458
0.394624
0.394665
0.394705
0.394749
0.394798
0.394853
0.394913
0.394977
0.394893
0.393753
0.392986
0.392365
0.391671
0.390952
0.390364
0.389921
0.389773
0.392524
0.394441
0.395183
0.395816
0.396314
0.396501
0.396383
0.396214
0.396137
0.396118
0.396037
0.395832
0.395553
0.395365
0.3954
0.395611
0.395874
0.395904
0.395468
0.394706
0.393066
0.387606
0.387755
0.388351
0.389345
0.390647
0.394893
0.394671
0.394761
0.394726
0.394765
0.394842
0.394911
0.394967
0.395019
0.39507
0.395127
0.395188
0.395258
0.395335
0.395419
0.395425
0.394662
0.393699
0.392843
0.391948
0.39106
0.390367
0.389875
0.389598
0.390749
0.39325
0.395103
0.396458
0.397296
0.397546
0.397342
0.397093
0.396992
0.396979
0.396885
0.396621
0.39625
0.395987
0.396006
0.396227
0.396441
0.396156
0.394961
0.393135
0.390572
0.387494
0.387743
0.388347
0.38935
0.390662
0.394786
0.394501
0.394614
0.394565
0.394605
0.394692
0.394772
0.394834
0.394891
0.394947
0.395008
0.395074
0.39515
0.395235
0.395327
0.395371
0.394875
0.393886
0.392929
0.391946
0.390986
0.390253
0.389748
0.389417
0.389853
0.392125
0.394579
0.396414
0.397471
0.397761
0.397509
0.397217
0.397105
0.397096
0.396997
0.396708
0.396293
0.395991
0.39599
0.396187
0.396311
0.395753
0.394047
0.391668
0.389048
0.387466
0.387731
0.388343
0.389357
0.390678
0.391271
0.391391
0.391371
0.391398
0.391365
0.391239
0.389581
0.387646
0.387363
0.387353
0.387446
0.387565
0.387458
0.387374
0.387338
0.387401
0.387368
0.387374
0.387448
0.387542
0.387587
0.387583
0.387564
0.387593
0.387611
0.387622
0.387632
0.387655
0.387709
0.387727
0.387399
0.386819
0.386686
0.386686
0.386686
0.437546
0.928995
0.372018
0.936407
0.342017
0.309844
0.377996
0.313666
0.244753
0.249856
0.313687
0.821247
0.2357
0.25572
0.322411
0.350262
0.259437
0.154264
0.0893176
0.0265144
0.0952601
0.0216609
0.0372318
0.0393244
0.0186138
0.0197166
0.387515
0.0281007
0.0344038
0.0447002
0.102478
0.167916
0.215825
0.310612
0.392357
0.438398
0.516185
0.708694
1.52796
7.25621
3.14276
0.377659
0.386698
0.386696
0.386717
0.386778
0.386974
0.387667
0.389656
0.390315
0.387161
1.17333
0.329218
0.390773
0.391351
0.390751
0.391388
0.390787
0.390813
0.391391
0.391389
0.388352
0.387405
0.387355
0.387369
0.387532
0.387527
0.387409
0.387344
0.387371
0.387376
0.387372
0.387402
0.387497
0.387571
0.387589
0.387562
0.387581
0.387603
0.387617
0.387626
0.387641
0.387678
0.387732
0.387265
0.387833
0.38669
0.386686
0.386686
0.3873
0.386714
0.456196
0.397509
0.0366554
0.382794
0.277414
0.286113
0.307144
0.284523
0.355779
0.793023
0.248116
0.272779
0.28322
0.373274
0.370105
0.284681
0.35747
0.287583
0.248604
0.147703
0.04
0.0846237
0.0963807
0.0229767
0.0304502
0.0464281
0.0255854
0.0188214
0.0316482
0.0813933
0.168116
0.199899
0.278862
0.38889
0.401397
0.410682
0.494061
0.695349
0.0841941
0.386819
0.386693
0.386694
0.386704
0.386709
0.38674
0.386847
0.387213
0.388432
0.39035
0.390784
0.390816
0.390785
0.387428
0.387275
0.387256
0.38736
0.387441
0.38734
0.38726
0.387269
0.387309
0.387275
0.387267
0.387326
0.387385
0.387387
0.38735
0.387351
0.387378
0.387395
0.387406
0.387419
0.387447
0.3875
0.387534
0.386686
0.386686
0.386691
0.342987
0.519128
0.322178
0.294224
0.387543
0.661191
0.238216
0.244603
0.286393
0.500444
0.314286
0.304047
0.477801
0.329213
0.29106
0.179345
0.0618473
0.032856
0.0766429
0.0214309
0.0367576
0.38834
0.630694
0.3878
0.386696
0.386699
0.386727
0.386808
0.387077
0.388001
0.387427
0.387396
0.387301
0.387218
0.38729
0.387284
0.387266
0.387291
0.387361
0.387395
0.387373
0.387338
0.387367
0.387387
0.387401
0.387411
0.38743
0.387473
0.387505
0.386686
0.386686
0.386686
0.343559
0.35941
0.339578
0.28113
0.264189
0.528034
0.294796
0.248589
0.273187
0.346901
0.271287
0.203804
0.117992
0.0294254
0.0585999
0.0208714
0.0560897
0.0330574
0.387903
0.38728
0.38889
0.386698
0.312063
0.29952
0.459626
0.388992
0.387409
0.386903
0.386765
0.327925
0.386756
0.390099
0.39004
0.390236
0.390204
0.387222
0.386701
0.387294
0.386705
0.38679
0.49182
0.386711
0.386702
0.386686
0.386706
0.386703
0.386651
0.386756
0.386652
0.386481
0.386789
0.386706
0.3867
0.386699
0.386698
0.386698
0.386699
0.386699
0.386699
0.386701
0.386708
0.386708
0.386686
0.386687
0.386686
0.386731
0.38675
0.386714
0.552567
0.387771
0.386686
0.386876
0.447915
0.386925
0.387039
0.38684
0.335043
0.388948
0.583554
0.530763
0.545213
0.591212
0.514319
0.600752
0.348582
0.311311
0.320188
0.275727
0.280754
0.319329
0.304372
0.356607
0.313266
0.3458
0.263353
0.105435
0.133602
0.135129
0.0570348
0.0729382
0.0323361
0.0200624
0.387839
0.387476
0.0600036
0.0347384
0.271921
0.0421912
0.0436123
0.0564989
0.386694
0.387785
0.386755
0.386696
0.386693
0.383536
0.385952
0.386725
0.386738
0.386708
0.386715
0.387055
0.386768
0.386701
0.387946
0.386895
0.386965
0.386706
0.386701
0.387364
0.387622
0.390279
0.10858
0.198471
0.260477
0.320886
0.40769
0.210329
0.113526
0.237949
0.107323
0.235566
0.399574
0.427634
0.390155
0.389634
0.38951
0.475439
0.510655
0.389585
0.38673
0.423781
0.0258947
0.0306661
0.0324336
0.38961
0.386451
0.386511
0.390188
0.389653
0.160075
0.600459
0.386784
0.387041
0.3867
0.386705
0.397261
0.559104
0.387188
0.388919
0.386705
0.386694
0.386563
0.386553
0.386951
0.386693
0.386775
0.386702
0.3867
0.386699
0.386698
0.386698
0.386699
0.3867
0.3867
0.386703
0.386713
0.386705
0.386739
0.0318638
0.386497
0.386686
0.386686
0.386686
0.38669
0.386686
0.3867
0.386686
0.386692
0.388405
0.466583
0.352299
0.323692
0.360876
0.313809
0.454445
0.290043
0.274965
0.274724
0.297273
0.273022
0.375448
0.361454
0.32117
0.284748
0.289339
0.157418
0.122519
0.122407
0.142721
0.071368
0.0641488
0.386695
0.386694
0.09453
0.390031
0.388323
0.386854
0.504088
0.3867
0.390152
0.389563
0.389619
0.386703
0.386805
0.386699
0.386806
0.389473
0.386846
0.215635
0.171511
0.274247
0.323903
0.493482
0.124601
0.117312
0.386698
0.0656266
0.116608
0.12606
0.386705
0.125786
0.386777
0.386696
0.0732678
0.14097
0.120991
0.115714
0.225604
0.338108
0.403601
0.604083
0.396891
0.300605
0.315595
0.386698
0.26397
0.3042
0.293945
0.386701
0.386702
0.386696
0.386695
0.386695
0.386695
0.386694
0.386694
0.386695
0.386696
0.386701
0.386694
0.386695
0.386695
0.386695
0.386695
0.386682
0.386534
0.386658
0.386699
0.386699
0.386698
0.386713
0.316066
0.269716
0.279173
0.308225
0.301089
0.272854
0.459383
0.317001
0.322131
0.326595
0.127991
0.0496926
0.466646
0.42423
0.385093
0.386741
0.386685
0.387005
0.388236
0.38889
0.386686
0.386557
0.385516
0.385272
0.386052
0.386687
0.386695
0.391094
0.386686
0.387137
0.387431
0.387262
0.386686
0.386687
0.386686
0.386687
0.386686
0.103526
0.386686
0.38669
0.386691
0.386686
0.386686
0.386687
0.386687
0.386686
0.386686
0.448497
0.345991
0.386687
0.0708651
0.386687
0.386686
0.0382918
0.386648
0.386552
0.386692
0.386687
0.386815
0.389011
0.387409
0.384464
0.385344
0.389247
0.443755
0.386686
0.386686
0.386686
0.38669
0.386688
0.510662
0.471635
0.388588
0.387666
0.467838
0.179375
0.433688
0.487504
0.50263
0.403428
0.398675
0.386687
0.386686
0.357083
0.345225
0.317379
0.399127
0.35947
0.315082
0.302082
0.0509949
0.287017
0.238861
0.386687
0.386687
0.128878
0.112618
0.122645
0.386686
0.386686
0.387449
0.485226
0.396573
0.387124
0.0410152
0.385321
0.38652
0.388247
0.388944
0.387813
0.38704
0.386733
0.144931
0.386712
0.386721
0.386701
0.386706
0.387473
0.388323
0.386686
0.386685
0.387513
0.38729
0.387847
0.252745
0.162151
0.386291
0.386828
0.205703
0.161461
0.293336
0.386768
0.386748
0.386795
0.34177
0.330334
0.38696
0.386744
0.386939
0.386687
0.386687
0.386686
0.2851
0.288813
0.248347
0.305607
0.386932
0.386872
0.387013
0.386696
0.386692
0.386323
0.386293
0.121639
0.119195
0.114896
0.446032
0.432777
0.0692622
0.0557698
0.389085
0.344152
0.386687
0.386687
0.38899
0.340118
0.386686
0.386686
0.389098
0.388626
0.388567
0.38771
0.386677
0.386679
0.387132
0.386325
0.386686
0.388781
0.3867
0.368516
0.386729
0.386814
0.13506
0.386686
0.386699
0.386687
0.14865
0.339676
0.386738
0.38498
0.386655
0.446603
0.386687
0.386687
0.449838
0.442148
0.540376
0.421947
0.386722
0.477712
0.480399
0.392424
0.302748
0.430268
0.322285
0.437633
0.374321
0.355248
0.289001
0.336187
0.0471429
0.401195
0.117004
0.118569
0.111624
0.386686
0.0831475
0.387196
0.387026
0.073647
0.067077
0.09309
0.386702
0.386715
0.386694
0.048636
0.0464793
0.0603425
0.149635
0.386791
0.387195
0.190708
0.386686
0.188959
0.304481
0.207111
0.386693
0.386827
0.386772
0.386686
0.386686
0.386686
0.105521
0.299385
0.326281
0.37947
0.089073
0.386686
0.387555
0.386686
0.386686
0.396863
0.386686
0.500116
0.425769
0.55205
0.341062
0.385896
0.38677
0.386686
0.386688
0.386732
0.386699
0.445493
0.390394
0.494974
0.388468
0.386692
0.392109
0.386646
0.386686
0.386687
0.387551
0.422426
0.376066
0.377441
0.38595
0.344127
0.349436
0.346528
0.386724
0.386695
0.37692
0.379866
0.388903
0.387243
0.386686
0.386701
0.3867
0.386686
0.386686
0.0999984
0.386686
0.288094
0.390479
0.386684
0.174727
0.641344
0.48021
0.386496
0.38478
0.386686
0.386686
0.396841
0.389894
0.409458
0.686506
0.365295
0.318428
0.143855
0.385915
0.386503
0.215959
0.256161
0.199413
0.38887
0.389128
0.38173
0.382765
0.386704
0.386704
0.0515518
0.32046
0.366467
0.386686
0.386685
0.386756
0.386686
0.386686
0.388592
0.33063
0.412061
0.391349
0.344589
0.386686
0.381965
0.384424
0.168602
0.491585
0.39056
0.38678
0.386743
0.389042
0.388542
0.388589
0.383053
0.383497
0.386702
0.386716
0.386706
0.386676
0.386649
0.384855
0.363501
0.386686
0.386686
0.213507
0.387651
0.385395
0.386693
0.38669
0.386849
0.386228
0.386686
0.386686
0.386866
0.386816
0.0574366
0.320185
0.331805
0.302303
0.352278
0.38714
0.38677
0.350208
0.320023
0.386394
0.386013
0.386688
0.386687
0.0666332
0.386774
0.387181
0.386691
0.389177
0.101502
0.386697
0.370015
0.386686
0.386751
0.386686
0.388042
0.146993
0.386696
0.317844
0.39355
0.386714
0.384863
0.386686
0.508818
0.34605
0.336815
0.386686
0.546343
0.38816
0.0582405
0.386693
0.386738
0.157595
0.386678
0.386834
0.38808
0.386693
0.394895
0.386686
0.386735
0.396912
0.143732
0.049082
0.38658
0.33291
0.386686
0.34688
0.325647
0.386686
0.323862
0.392995
0.391318
0.35845
0.196135
0.349593
0.386686
0.156014
0.377018
0.386905
0.38721
0.386686
0.120208
0.386694
0.38669
0.388113
0.387784
0.386707
0.386715
0.386686
0.386686
0.386686
0.386566
0.387648
0.387381
0.388027
0.386951
0.386879
0.387043
0.386686
0.26808
0.386694
0.386687
0.38669
0.386773
0.386737
0.246908
0.137128
0.137916
0.14709
0.386772
0.386796
0.331114
0.386686
0.386686
0.386686
0.392859
0.173456
0.387392
0.39332
0.386371
0.154844
0.386724
0.386737
0.388082
0.387722
0.387752
0.386691
0.372453
0.386695
0.376434
0.386675
0.386701
0.379322
0.416521
0.363786
0.388365
0.387702
0.379771
0.375783
0.340592
0.387852
0.379072
0.390282
0.335887
0.326414
0.0869732
0.323085
0.315199
0.392018
0.0673997
0.386691
0.38669
0.386692
0.386686
0.386687
0.386697
0.385823
0.3895
0.302667
0.386692
0.238828
0.386687
0.123843
0.330629
0.391169
0.39241
0.383898
0.390579
0.386686
0.386686
0.390822
0.384583
0.386687
0.386809
0.386686
0.386686
0.379577
0.18519
0.0641467
0.0675105
0.0677794
0.402776
0.338628
0.337826
0.396989
0.381232
0.387195
0.390202
0.467984
0.424444
0.386678
0.149898
0.388978
0.3878
0.386686
0.392083
0.354941
0.340375
0.386331
0.385978
0.194122
0.386686
0.386686
0.38668
0.386682
0.390218
0.40717
0.523871
0.322902
0.386686
0.362301
0.370846
0.386687
0.386687
0.386686
0.386686
0.386687
0.386686
0.391857
0.388882
0.387737
0.441588
0.409043
0.341825
0.337806
0.386914
0.387033
0.386828
0.386579
0.386364
0.386688
0.386688
0.377121
0.383457
0.386697
0.386681
0.386685
0.386689
0.280284
0.387446
0.386674
0.386678
0.386694
0.386689
0.386689
0.386686
0.386686
0.386688
0.386689
0.395893
0.396237
0.472277
0.479805
0.383788
0.383265
0.374804
0.386684
0.386678
0.409632
0.376643
0.386753
0.386956
0.386766
0.388185
0.375832
0.386827
0.386874
0.388587
0.386702
0.644791
0.386884
0.386769
0.438763
0.386672
0.342928
0.381863
0.0865803
0.421936
0.387842
0.386687
0.386894
0.386695
0.386686
0.386686
0.297854
0.318843
0.421654
0.23477
0.377405
0.3688
0.386687
0.149972
0.394713
0.295603
0.282536
0.408239
0.282115
0.386698
0.386704
0.386664
0.38666
0.18753
0.117759
0.394263
0.353813
0.386686
0.180604
0.151576
0.386686
0.095579
0.38669
0.386685
0.386686
0.386595
0.386686
0.396939
0.370991
0.325356
0.30879
0.080174
0.38753
0.15233
0.386686
0.386686
0.38674
0.386716
0.387221
0.387057
0.38743
0.387278
0.387449
0.387085
0.090504
0.0942918
0.396537
0.386686
0.392032
0.386686
0.393629
0.386711
0.386719
0.386686
0.399576
0.393841
0.391777
0.386814
0.386731
0.328397
0.386784
0.386709
0.386686
0.448325
0.386694
0.386763
0.344694
0.386686
0.391568
0.386686
0.400126
0.361308
0.387043
0.386834
0.386749
0.38677
0.320586
0.372867
0.340255
0.386617
0.386686
0.336611
0.386686
0.386839
0.387329
0.340867
0.148436
0.386711
0.36244
0.462477
0.520147
0.399929
0.386686
0.386686
0.380306
0.401636
0.386739
0.391976
0.382256
0.320096
0.386697
0.387156
0.386921
0.386686
0.309753
0.378475
0.386686
0.385153
0.382364
0.194435
0.386261
0.385301
0.386686
0.386763
0.386686
0.366049
0.386895
0.353055
0.132364
0.192008
0.386847
0.386781
0.386686
0.386687
0.38486
0.555928
0.387764
0.386686
0.420386
0.386698
0.293355
0.388381
0.386749
0.304522
0.386686
0.385271
0.386686
0.386686
0.402193
0.381098
0.392377
0.397094
0.149741
0.0799385
0.368272
0.366138
0.37305
0.334975
0.386942
0.363575
0.386704
0.386693
0.407884
0.395503
0.386702
0.286592
0.298665
0.233582
0.341316
0.342028
0.374917
0.335173
0.311846
0.386719
0.386707
0.386727
0.386865
0.386963
0.366788
0.387077
0.386693
0.386549
0.386566
0.386339
0.38668
0.386688
0.386644
0.386686
0.146347
0.142939
0.387438
0.387233
0.387233
0.388863
0.386691
0.386715
0.386701
0.169473
0.166135
0.386695
0.386732
0.387029
0.386697
0.386731
0.38669
0.364856
0.371169
0.355639
0.386799
0.1442
0.373896
0.386763
0.386731
0.38673
0.153579
0.293228
0.386693
0.383859
0.200111
0.291839
0.188199
0.386963
0.36031
0.375551
0.189562
0.200835
0.382409
0.386741
0.38669
0.227441
0.387075
0.386712
0.386708
0.386699
0.386939
0.386689
0.386634
0.386689
0.415623
0.400134
0.377404
0.38799
0.387037
0.385568
0.384368
0.386706
0.386698
0.38669
0.386478
0.386687
0.38678
0.368077
0.35107
0.386689
0.386786
0.386753
0.188111
0.386692
0.373926
0.371493
0.386849
0.287394
0.29384
0.386588
0.377927
0.358999
0.386629
0.385917
0.386708
0.386701
0.386709
0.386693
0.386699
0.329407
0.327648
0.386692
0.38669
0.386687
0.386677
0.386739
0.371665
0.391724
0.387982
0.385447
0.38681
0.354609
0.386686
0.380133
0.386688
0.405736
0.3552
0.386678
0.348341
0.386672
0.380388
0.386707
0.390438
0.398618
0.402966
0.391714
0.386699
0.386546
0.386631
0.386968
0.386675
0.386684
0.384898
0.386812
0.383125
0.387035
0.390199
0.386926
0.386742
0.387933
0.386689
0.386713
0.386701
0.387156
0.386692
0.387599
0.391899
0.386687
0.382788
0.379634
0.385864
0.38669
0.386683
0.387043
0.387731
0.386683
0.386688
0.386759
0.38671
0.391235
0.391353
0.391369
0.391443
0.391358
0.391271
0.389656
0.387674
0.386976
0.386777
0.386716
0.386696
0.386699
0.368141
3.233
7.38254
1.17154
0.786553
0.528287
0.448126
0.345006
0.220573
0.170942
0.127489
0.107359
0.0608109
0.0459783
0.0403626
0.0618854
0.01899
0.0640152
0.0157698
0.15742
0.152713
0.166384
0.152786
0.10232
0.0848871
0.109372
0.396395
0.264828
0.49504
0.368318
0.257942
0.357471
1.10245
0.581625
0.333435
0.400957
0.418389
0.369995
0.437198
0.348593
0.757092
0.38669
0.386686
0.386686
0.386686
0.386688
0.387551
0.387755
0.387749
0.387685
0.387643
0.387621
0.387602
0.387585
0.387578
0.387534
0.387476
0.387518
0.387505
0.387409
0.387275
0.387329
0.387483
0.387501
0.387551
0.387603
0.387379
0.387039
0.387067
0.387234
0.388298
0.390631
0.39035
0.424231
0.386686
0.38741
0.390701
0.391319
0.390718
0.391435
0.39139
0.390858
0.390777
0.391394
0.389001
0.388439
0.0426789
0.388012
0.387219
0.386846
0.386739
0.386703
0.386692
0.386759
0.0762743
0.386695
0.717657
0.502754
0.416142
0.387641
0.278312
0.209918
0.162427
0.128451
0.100448
0.0577831
0.0563507
0.0493296
0.0838726
0.180725
0.144509
0.175117
0.128917
0.102494
0.0746842
0.178998
0.292697
0.25473
0.328672
0.297542
0.282674
0.247753
0.272376
0.380091
0.350444
0.345901
0.446247
0.483421
0.378912
0.517229
0.386699
0.412518
0.386686
0.386686
0.386686
0.39083
0.386702
0.387514
0.387719
0.387507
0.387722
0.387659
0.387631
0.387611
0.387593
0.387581
0.387569
0.387486
0.3875
0.387522
0.387465
0.387341
0.387261
0.387425
0.387499
0.387512
0.387599
0.387535
0.387168
0.387032
0.38712
0.387565
0.389413
0.706
0.386691
0.390784
0.387419
0.386903
0.386755
0.386709
0.386694
0.386768
0.331135
0.00483835
0.182064
0.195895
0.140994
0.0980141
0.081162
0.127699
0.356167
0.23892
0.664485
0.311671
0.276981
0.312445
0.845237
0.412006
0.338292
0.340769
0.376268
0.414979
0.372789
0.337247
0.40215
0.386686
0.386686
0.387515
0.387453
0.38742
0.387399
0.387379
0.387363
0.387355
0.387303
0.387318
0.387378
0.387363
0.387261
0.38712
0.387204
0.387289
0.387296
0.387381
0.387394
0.387117
0.386949
0.387051
0.387333
0.388834
0.356525
0.438241
0.366289
0.372894
0.357351
0.430191
0.658537
0.42098
0.87504
0.386686
0.386686
0.386686
0.387409
0.387388
0.38737
0.387359
0.387339
0.387284
0.387356
0.387382
0.387321
0.387183
0.387132
0.387265
0.387285
0.387326
0.387419
0.387293
0.386966
0.386992
0.387129
0.387864
0.390903
0.387231
0.386726
0.386806
0.387081
0.291523
0.27251
0.289675
0.348576
0.256119
0.253051
0.0870719
0.0974646
0.129589
0.141736
0.14301
0.180241
0.0950835
0.150331
0.386686
0.387434
0.387482
0.390053
0.387592
0.387381
0.386897
0.388965
0.325911
0.368757
0.386754
0.387067
0.38721
0.386971
0.386708
0.386805
0.386776
0.386694
0.386686
0.386764
0.386837
0.216226
0.349386
0.386725
0.386738
0.386716
0.0626815
0.386693
0.386695
0.386693
0.386703
0.387968
0.388443
0.387643
0.0877892
0.386687
0.173549
0.237469
0.0791196
0.172545
0.186883
0.132875
0.168398
0.158692
0.159507
0.12843
0.141303
0.216954
0.11682
0.234766
0.134003
0.119067
0.12529
0.312756
0.165189
0.209869
0.308967
0.317183
0.274807
0.321789
0.388033
0.319272
0.297777
0.280285
0.40356
0.37247
0.233905
0.260923
0.260467
0.316258
0.3126
0.404644
0.249533
0.478242
0.45927
0.348254
0.325173
0.313159
0.371037
0.389009
0.648939
0.432506
0.392014
0.386686
0.386686
0.386686
0.386699
0.386696
0.386846
0.386704
0.386719
0.386686
0.386686
0.386686
0.386686
0.386712
0.386699
0.389928
0.389379
0.386707
0.386703
0.386701
0.386694
0.386698
0.386698
0.386698
0.386698
0.386698
0.3867
0.386701
0.38667
0.386725
0.386666
0.386687
0.386598
0.386686
0.386704
0.386701
0.386696
0.386724
0.386915
0.387807
0.390378
0.381429
0.338366
0.390099
0.304224
0.390279
0.126099
0.135997
0.157522
0.174525
0.150639
0.104996
0.0698465
0.0726857
0.0717554
0.0831451
0.0712353
0.139616
0.143251
0.386711
0.386698
0.38962
0.386702
0.389424
0.386717
0.390135
0.658036
0.464215
0.0890221
0.114979
0.390228
0.389787
0.38963
0.0911964
0.386794
0.386839
0.371536
0.346743
0.386845
0.386703
0.106641
0.307357
0.144228
0.388858
0.386747
0.386686
0.386686
0.385564
0.145595
0.386696
0.438105
0.277683
0.0914838
0.322999
0.388266
0.354047
0.330502
0.456887
0.360924
0.564248
0.383006
0.440897
0.430925
0.387746
0.386709
0.386718
0.386726
0.39019
0.386686
0.389562
0.386699
0.386699
0.386698
0.386697
0.386698
0.386698
0.386699
0.386701
0.386698
0.386664
0.386661
0.386705
0.386603
0.386664
0.386699
0.386704
0.386697
0.386702
0.386782
0.387208
0.389768
0.376468
0.174444
0.174799
0.0277515
0.160824
0.161799
0.390049
0.389507
0.160852
0.125359
0.100686
0.0819823
0.386708
0.387032
0.386745
0.386696
0.386694
0.386699
0.386676
0.386675
0.386655
0.386692
0.38669
0.386661
0.386694
0.386696
0.386695
0.386694
0.386694
0.386693
0.38724
0.429693
0.386833
0.386693
0.403788
0.386697
0.386696
0.38746
0.386658
0.386606
0.386685
0.386671
0.3867
0.386684
0.386696
0.386696
0.386694
0.413497
0.429439
0.316861
0.295936
0.378811
0.413841
0.355138
0.441603
0.518856
0.386704
0.386694
0.386694
0.386693
0.386694
0.386694
0.386694
0.392187
0.386685
0.415254
0.391934
0.339697
0.386768
0.121894
0.388978
0.411748
0.295687
0.386695
0.38669
0.386686
0.167546
0.386686
0.386806
0.317374
0.386687
0.386701
0.268356
0.171148
0.325215
0.38683
0.386795
0.09965
0.111411
0.109243
0.203802
0.239293
0.259527
0.264602
0.261164
0.301345
0.297277
0.331057
0.68049
1.13025
0.850786
0.276954
0.255138
0.386687
0.386819
0.369027
0.25688
0.388692
0.762136
0.714094
0.38879
0.388153
0.388427
0.393252
0.387923
0.163162
0.207584
0.387417
0.387199
0.375606
0.386686
0.386686
0.711479
0.377701
0.386687
0.386687
0.386686
0.386687
0.386686
0.386686
0.386686
0.386686
0.386738
0.386689
0.386686
0.386687
0.386687
0.386847
0.386884
0.386711
0.386686
0.386684
0.386667
0.386382
0.386436
0.38722
0.386024
0.386967
0.387405
0.387756
0.386624
0.386677
0.386683
0.54238
0.41979
0.387006
0.386893
0.387172
0.38669
0.386687
0.386688
0.386735
0.386767
0.3866
0.386597
0.386688
0.386687
0.386686
0.386686
0.397747
0.341734
0.302532
0.186591
0.386687
0.386686
0.388937
0.388286
0.362048
0.395514
0.116117
0.122548
0.386701
0.386713
0.0978775
0.113153
0.338117
0.283031
0.39748
0.384356
0.293779
0.419149
0.726727
0.362065
0.384097
0.382125
0.389055
0.38853
0.389157
0.388637
0.386687
0.112136
0.398687
0.387156
0.387537
0.387896
0.387329
0.386694
0.328133
0.386713
0.386706
0.386733
0.386748
0.386722
0.389833
0.311977
0.386697
0.142075
0.142011
0.322552
0.325073
0.386944
0.387039
0.386879
0.386697
0.386729
0.524254
0.163765
0.134097
0.241524
0.1107
0.187157
0.123514
0.153749
0.180949
0.115845
0.109276
0.144437
0.173338
0.276216
0.0967987
0.323812
0.330064
0.364744
0.389133
0.388598
0.386686
0.386686
0.247302
0.386693
0.386692
0.259468
0.386687
0.386686
0.386686
0.198692
0.385477
0.561227
0.984805
0.353653
0.386686
0.386686
0.386686
0.386686
0.276021
0.260799
0.315174
0.386686
0.386686
0.386686
0.386686
0.386687
0.386684
0.38668
0.386327
0.387248
0.38634
0.386833
0.386193
0.114858
0.386713
0.386675
0.386653
0.386679
0.386686
0.386686
0.431227
0.127543
0.386641
0.386317
0.386686
0.386686
0.386686
0.386865
0.386209
0.386354
0.386681
0.386745
0.386056
0.38714
0.387028
0.386686
0.386686
0.386686
0.386686
0.386687
0.386668
0.386533
0.386862
0.386587
0.386521
0.3865
0.386686
0.396605
0.33605
0.376602
0.386739
0.309878
0.403886
0.357199
0.348314
0.386686
0.142297
0.383541
0.366802
0.345624
0.385994
0.387041
0.386777
0.0926119
0.386702
0.385623
0.12741
0.353299
0.386689
0.345069
0.350078
0.390812
0.0980465
0.445814
0.386696
0.139461
0.386686
0.345662
0.422456
0.389833
0.365962
0.386686
0.386686
0.386686
0.386686
0.386686
0.463034
0.386693
0.380333
0.362038
0.386686
0.386686
0.386686
0.386787
0.38674
0.0922691
0.0929986
0.35555
0.386686
0.386686
0.386686
0.386686
0.387724
0.386059
0.386643
0.213505
0.385726
0.38551
0.386675
0.388872
0.388004
0.389106
0.384669
0.383556
0.0997508
0.386927
0.386871
0.38678
0.386688
0.38669
0.386767
0.386692
0.386793
0.386686
0.386686
0.388101
0.386686
0.386686
0.314231
0.123668
0.359985
0.464041
0.386663
0.386645
0.154191
0.367159
0.361544
0.373743
0.0917935
0.386712
0.386733
0.402426
0.483562
0.486467
0.366368
0.364272
0.364396
0.358276
0.522182
0.523943
0.386686
0.386686
0.455764
0.434133
0.457428
0.386762
0.386735
0.388609
0.387565
0.115112
0.0743931
0.38927
0.390448
0.388145
0.386686
0.386686
0.386686
0.0990391
0.387223
0.386722
0.199156
0.387692
0.388089
0.387433
0.381147
0.0822664
0.386666
0.108339
0.390073
0.387731
0.0787701
0.386937
0.386779
0.323723
0.386849
0.386806
0.356638
0.386695
0.386753
0.386982
0.387087
0.386907
0.386736
0.724482
0.252238
0.297816
0.386704
0.3867
0.386693
0.386715
0.360616
0.337276
0.384506
0.386711
0.386686
0.0874803
0.468491
0.386686
0.136961
0.120603
0.12089
0.374406
0.386689
0.386686
0.362143
0.387993
0.393214
0.387075
0.386754
0.38767
0.386686
0.386686
0.386686
0.56346
0.407824
0.387733
0.386686
0.386686
0.386683
0.386687
0.386687
0.386686
0.386484
0.386755
0.387504
0.386133
0.384392
0.384321
0.388253
0.387632
0.386686
0.385593
0.386553
0.386899
0.386686
0.385871
0.386817
0.386894
0.38503
0.10406
0.386703
0.386699
0.492815
0.386693
0.386692
0.387601
0.386686
0.386686
0.386686
0.386683
0.386693
0.387715
0.386678
0.387541
0.38886
0.387771
0.456623
0.387077
0.386645
0.386651
0.389985
0.388153
0.266361
0.40426
0.418263
0.398094
0.076812
0.0941803
0.0642274
0.386715
0.386723
0.386708
0.390147
0.386686
0.386596
0.0975874
0.386688
0.386723
0.391459
0.390271
0.370167
0.387088
0.380119
0.390582
0.386737
0.382039
0.386686
0.0901848
0.184993
0.239058
0.0908818
0.0614295
0.0776237
0.0701918
0.386686
0.376038
0.379623
0.387397
0.378755
0.386701
0.402295
0.3867
0.387365
0.380058
0.387292
0.386565
0.386686
0.379714
0.398722
0.386663
0.104537
0.081485
0.0820772
0.0779532
0.394666
0.3872
0.386686
0.386686
0.386687
0.386687
0.386687
0.394612
0.386025
0.370732
0.385843
0.388093
0.386687
0.38472
0.386013
0.382317
0.386736
0.386638
0.386581
0.392316
0.388257
0.0818631
0.0876485
0.0797265
0.383852
0.380328
0.386686
0.386687
0.38524
0.386473
0.386301
0.386287
0.13082
0.116163
0.386806
0.386704
0.398231
0.380072
0.386692
0.386694
0.387142
0.386693
0.386688
0.386686
0.386686
0.386686
0.386686
0.387586
0.377098
0.389916
0.388628
0.385488
0.385823
0.386692
0.386697
0.387407
0.360759
0.357871
0.358093
0.367029
0.390291
0.414389
0.386686
0.386686
0.384363
0.38451
0.384586
0.373453
0.386686
0.386604
0.386999
0.392175
0.438857
0.387041
0.282279
0.269755
0.339061
0.376417
0.340085
0.362757
0.38719
0.38667
0.386686
0.385399
0.386209
0.386221
0.386686
0.106961
0.386686
0.405428
0.386714
0.386471
0.397458
0.374268
0.382996
0.38678
0.386753
0.386686
0.386763
0.386989
0.387464
0.38722
0.387254
0.143058
0.387401
0.386722
0.390299
0.374732
0.387037
0.160887
0.386691
0.372638
0.386686
0.386697
0.386713
0.386342
0.386777
0.408642
0.394261
0.390481
0.386686
0.386686
0.386687
0.386686
0.386686
0.386686
0.386686
0.386686
0.386692
0.386509
0.386686
0.386686
0.386686
0.401761
0.386703
0.386712
0.386734
0.394553
0.386689
0.407552
0.405573
0.386697
0.3867
0.386722
0.150864
0.375072
0.456346
0.386686
0.387728
0.387826
0.38669
0.386831
0.38677
0.386914
0.386686
0.387093
0.385579
0.386688
0.386694
0.386692
0.408403
0.174936
0.361677
0.39454
0.386858
0.386913
0.386812
0.382278
0.386159
0.369648
0.380237
0.386967
0.390759
0.407123
0.386769
0.386687
0.387044
0.386686
0.393235
0.386701
0.409047
0.387712
0.211258
0.210207
0.302355
0.289359
0.331567
0.386692
0.386694
0.386797
0.386709
0.386702
0.386958
0.386999
0.111358
0.386757
0.386825
0.386731
0.386686
0.376477
0.385922
0.369304
0.386702
0.383332
0.392586
0.386711
0.386686
0.435716
0.386806
0.407758
0.386686
0.386686
0.386686
0.386743
0.387648
0.389335
0.36724
0.386686
0.386492
0.38651
0.386836
0.376022
0.374745
0.386705
0.35908
0.386791
0.383999
0.38483
0.386687
0.382535
0.376654
0.393126
0.423868
0.386694
0.386699
0.38286
0.386686
0.381013
0.126965
0.386686
0.386686
0.390465
0.378088
0.385425
0.390211
0.38072
0.33961
0.395571
0.384061
0.386686
0.387036
0.378608
0.389869
0.381446
0.385382
0.386699
0.386686
0.181391
0.385342
0.285452
0.265724
0.396018
0.386703
0.384912
0.383397
0.386911
0.386735
0.38672
0.386072
0.386694
0.387686
0.38673
0.389127
0.394084
0.256984
0.257838
0.386691
0.0665366
0.386782
0.0728951
0.0791344
0.114782
0.413198
0.386763
0.0812355
0.386729
0.386942
0.386798
0.386935
0.386778
0.386752
0.386826
0.386834
0.386695
0.386795
0.0850909
0.0912032
0.386695
0.386704
0.386867
0.38586
0.386695
0.386686
0.246806
0.384847
0.386696
0.386686
0.38672
0.386705
0.386748
0.386686
0.387097
0.11115
0.386698
0.402534
0.0977377
0.386692
0.111417
0.386693
0.285032
0.261537
0.386797
0.381452
0.386704
0.386711
0.386703
0.0930428
0.407799
0.386756
0.380811
0.386694
0.390396
0.394698
0.386706
0.366319
0.387375
0.332414
0.386692
0.387019
0.338955
0.386691
0.386741
0.385578
0.386838
0.386752
0.38687
0.345527
0.386601
0.38669
0.386691
0.38669
0.330079
0.373446
0.385091
0.386692
0.386708
0.164133
0.173058
0.368896
0.253713
0.381942
0.250809
0.38674
0.386764
0.386723
0.387106
0.37784
0.374233
0.386949
0.38669
0.401564
0.380742
0.385124
0.387088
0.384334
0.386732
0.38704
0.386857
0.386692
0.386691
0.386697
0.386692
0.387099
0.386716
0.386885
0.386508
0.386969
0.386691
0.386851
0.386693
0.392365
0.396563
0.402473
0.384261
0.38693
0.387122
0.386871
0.387724
0.386691
0.38679
0.386694
0.386691
0.386698
0.386864
0.386758
0.386694
0.386705
0.386704
0.383858
0.386693
0.386697
0.387292
0.386707
0.386694
0.38672
0.386777
0.386755
0.394484
0.390141
0.386879
0.387178
0.388318
0.393853
0.386732
0.385793
0.386987
0.386768
0.386696
0.386718
0.38669
0.38671
0.386733
0.38673
0.386475
0.386805
0.388296
0.389726
0.399951
0.38709
0.387082
0.396359
0.390292
0.398657
0.387505
0.394869
0.38681
0.386691
0.386857
0.386691
0.38706
0.386935
0.38712
0.388319
)
;

boundaryField
{
    bullet
    {
        type            compressible::alphatWallFunction;
        Prt             0.85;
        value           nonuniform List<scalar> 
30
(
0.0130186
0.00699261
0.00754472
0.00622493
0.00533861
0.00419064
0.00206184
0.00304647
0.00337312
0.0014113
0.000338041
0.000185317
0.000526858
0.000715194
0.000357116
0.000982138
8.90341e-05
0.000629767
0.000365158
0.000138962
0.00066662
0.00186579
0.00279913
0.00406044
0.00444245
0.00546784
0.00612203
0.00727165
0.00772407
0.0140447
)
;
    }
    topWall
    {
        type            calculated;
        value           nonuniform List<scalar> 
50
(
0.390628
0.389338
0.388355
0.387768
0.392015
0.392015
0.392015
0.392015
0.392015
0.392015
0.392015
0.392015
0.392015
0.392015
0.392015
0.392015
0.392015
0.392014
0.392014
0.392015
0.392015
0.392015
0.392015
0.392015
0.392015
0.392015
0.389735
0.389898
0.390254
0.390653
0.39107
0.391402
0.391567
0.391652
0.39219
0.392015
0.392015
0.392015
0.392015
0.392015
0.392015
0.392015
0.392015
0.392015
0.392015
0.392015
0.392015
0.392015
0.392015
0.392015
)
;
    }
    bottomWall
    {
        type            calculated;
        value           nonuniform List<scalar> 
50
(
0.389929
0.39022
0.3905
0.390779
0.391104
0.391396
0.391648
0.392465
0.392015
0.392015
0.392015
0.392015
0.392015
0.392015
0.392015
0.392015
0.392015
0.392015
0.392015
0.392015
0.392015
0.392015
0.392015
0.392015
0.392015
0.390605
0.389431
0.388609
0.388253
0.388296
0.388485
0.388702
0.388977
0.389285
0.389624
0.389738
0.389508
0.392015
0.392015
0.392015
0.392015
0.392015
0.389489
0.390343
0.392015
0.392015
0.388827
0.388985
0.389267
0.389601
)
;
    }
    inlet
    {
        type            calculated;
        value           uniform 0.392015;
    }
    outlet
    {
        type            calculated;
        value           nonuniform List<scalar> 
30
(
0.386683
0.386686
0.386686
0.386686
0.386686
0.386686
0.386686
0.386688
0.386702
0.387551
0.39273
0.393805
0.394545
0.394883
0.394771
0.392732
0.393809
0.394551
0.394893
0.394786
0.387399
0.386819
0.38669
0.386686
0.386686
0.386686
0.386686
0.386686
0.386692
0.386851
)
;
    }
    defaultFaces
    {
        type            empty;
    }
}


// ************************************************************************* //
