/*--------------------------------*- C++ -*----------------------------------*\
  =========                 |
  \\      /  F ield         | OpenFOAM: The Open Source CFD Toolbox
   \\    /   O peration     | Website:  https://openfoam.org
    \\  /    A nd           | Version:  6
     \\/     M anipulation  |
\*---------------------------------------------------------------------------*/
FoamFile
{
    version     2.0;
    format      ascii;
    class       volScalarField;
    location    "0.0007";
    object      epsilon;
}
// * * * * * * * * * * * * * * * * * * * * * * * * * * * * * * * * * * * * * //

dimensions      [0 2 -3 0 0 0 0];

internalField   nonuniform List<scalar> 
3704
(
247679
231821
219575
212176
209471
208895
209295
210051
212112
216586
219976
220139
244514
251048
253363
254456
255128
234838
242366
251945
229475
212503
212696
214364
217300
220778
224155
227489
230625
234381
239161
245758
257272
260051
260149
260198
260235
260262
260283
260299
260313
260324
260334
260342
260347
260348
260353
260366
260353
260407
247708
231858
219579
212122
209346
208719
209086
209821
211851
216256
219599
219764
223964
229559
233101
235247
236767
228888
232777
230816
214903
212056
212439
214087
216979
220399
223710
226953
229960
233450
237740
243195
249471
250310
250504
250645
250748
250826
250885
250931
250970
251003
251031
251052
251063
251065
251079
251118
251076
251247
247769
231934
219585
212012
209096
208370
208673
209368
211337
215611
218863
219032
217561
218390
220228
221845
223344
221124
222203
218514
211986
211486
211934
213538
216348
219660
222850
225932
228719
231776
235289
239131
242004
242512
242780
242994
243152
243270
243359
243429
243489
243538
243580
243610
243622
243619
243640
243708
243622
243937
247870
232051
219594
211847
208725
207855
208068
208706
210586
214677
217798
217971
215439
213517
213378
213888
214882
214718
214823
212525
210620
210729
211191
212731
215424
218590
221622
224510
227050
229651
232393
234855
236149
236544
236860
237122
237313
237457
237566
237650
237723
237782
237831
237863
237869
237854
237880
237978
237828
238334
248022
232217
219601
211625
208236
207181
207282
207849
209617
213482
216440
216609
214037
211280
210130
209903
210469
210864
210867
209787
209487
209772
210220
211678
214229
217221
220078
222772
225097
227359
229582
231257
231960
232304
232635
232913
233115
233268
233382
233470
233548
233608
233656
233682
233671
233635
233664
233799
233549
234326
1.20714e+08
2.72948e+07
5.42924e+07
4.72464e+07
5.48114e+07
5.69275e+07
7.14071e+07
8.66375e+07
1.20514e+08
1.71262e+08
2.33778e+08
3.33812e+08
4.45679e+08
2.88976e+08
3.5871e+08
8.3189e+07
2.64191e+07
4.65387e+07
4.04518e+07
3.74224e+07
3.61786e+07
4.20861e+07
5.91211e+07
7.42153e+07
9.54423e+07
1.18413e+08
1.36461e+08
1.75938e+08
2.03205e+08
1.91529e+08
6.97623e+07
3.21787e+07
3.55596e+07
4.88495e+07
4.59828e+07
4.39726e+07
4.0676e+07
5.15081e+07
6.0211e+07
7.34103e+07
8.62903e+07
1.01985e+08
1.48646e+08
2.47022e+08
1.84398e+08
7.13249e+07
3.61705e+07
3.10978e+07
3.64284e+07
3.33081e+07
3.65469e+07
3.69666e+07
4.54954e+07
4.86047e+07
5.75381e+07
6.49566e+07
8.28829e+07
1.32583e+08
3.18583e+08
2.02098e+08
6.7461e+07
3.1205e+07
2.78186e+07
3.09111e+07
2.75092e+07
3.04728e+07
3.28992e+07
3.94853e+07
4.07955e+07
4.68078e+07
5.22976e+07
7.16177e+07
1.22452e+08
3.8631e+08
2.28877e+08
3.10485e+08
4.862e+08
6.02929e+08
4.24566e+08
2.95092e+08
1.96061e+08
1.64934e+08
1.27897e+08
1.12385e+08
8.03487e+07
5.95121e+07
6.76103e+07
6.74455e+07
9.15627e+07
1.61194e+08
1.94702e+08
2.4792e+08
2.10752e+08
1.45932e+08
1.38644e+08
1.06326e+08
9.04065e+07
7.91715e+07
7.6913e+07
4.70804e+07
3.93386e+07
3.57505e+07
5.27313e+07
5.92838e+07
7.53869e+07
1.90849e+08
2.34342e+08
1.60797e+08
1.00094e+08
8.83864e+07
7.68546e+07
6.92229e+07
6.22235e+07
6.02615e+07
4.90774e+07
4.33277e+07
2.85938e+07
5.85142e+07
6.02081e+07
6.18134e+07
2.09603e+08
2.42315e+08
1.36955e+08
8.10902e+07
6.39048e+07
5.76127e+07
5.67384e+07
5.33256e+07
4.92838e+07
4.73688e+07
4.03005e+07
3.38959e+07
5.30913e+07
5.89577e+07
6.06318e+07
2.38144e+08
2.51872e+08
1.26186e+08
7.1148e+07
5.25955e+07
4.67696e+07
4.58596e+07
4.59146e+07
4.29212e+07
4.39395e+07
3.7801e+07
3.46307e+07
4.31942e+07
6.41625e+07
5.8705e+07
260417
260367
260371
260355
260353
260356
260353
260346
260336
260323
260309
260293
260273
260248
260143
255860
245473
238500
232468
227657
225021
223142
221472
221088
250323
254735
256085
256782
257351
258045
258715
259063
259092
258977
258862
258832
258855
258779
258364
257477
256096
254583
253318
251596
247465
216667
209501
218735
231706
247730
251276
251117
251134
251083
251079
251089
251085
251065
251036
251000
250960
250913
250858
250789
250656
249421
243043
237046
231461
226923
224459
222682
221040
219830
229595
236313
239260
240988
242531
244492
246402
247399
247479
247148
246818
246732
246801
246590
245423
242932
239088
234982
231816
228041
221749
204740
209466
218732
231727
247758
243984
243695
243733
243644
243639
243662
243661
243633
243590
243536
243474
243402
243319
243214
243054
242459
239152
234545
229674
225587
223409
221803
220239
218568
220040
223913
226591
228598
230732
233644
236533
238050
238170
237664
237159
237031
237144
236844
235119
231447
225856
220129
216290
212582
208274
203715
209397
218726
231769
247817
238396
237936
238013
237877
237874
237918
237928
237900
237849
237783
237708
237620
237517
237391
237209
236783
235005
231611
227467
223865
221990
220571
219113
217329
216065
216773
218224
219943
222282
225741
229240
231087
231232
230610
229989
229834
229983
229645
227606
223274
216773
210403
206799
204228
202638
203468
209291
218715
231834
247916
234401
233702
233845
233649
233648
233724
233757
233736
233686
233616
233536
233442
233333
233199
233011
232645
231464
228796
225183
221965
220321
219054
217701
215963
214025
213136
213623
214972
217272
220873
224564
226521
226670
226001
225333
225164
225327
224986
222872
218385
211711
205367
202224
200617
200642
203207
209148
218698
231920
248065
256263
257684
257375
257678
257308
256095
235965
207547
194892
192213
192075
192228
192115
191999
191957
192025
191999
191981
192073
192182
192213
192172
192149
192193
192225
192248
192269
192305
192378
192403
192042
191366
191241
191241
191241
262988
511635
309758
759967
482409
447642
476302
414030
350144
277541
287938
476944
200402
174891
188857
193432
186629
376279
653218
3.30501e+06
8.79507e+06
8.27822e+06
1.32846e+07
1.78431e+07
4.3776e+07
1.93076e+07
191671
1.65766e+07
1.55487e+07
1.3843e+07
1.85923e+07
2.23589e+07
2.34975e+07
2.6565e+07
3.21765e+07
4.17191e+07
6.21332e+07
1.15738e+08
4.34987e+08
2.97627e+08
3.93035e+08
202256
191291
191365
191701
192903
197204
209809
236328
244717
191721
660498
3.56132e+08
249288
257148
248990
257567
249389
249677
257600
257674
219839
199365
192919
192028
192177
192192
192052
191957
191993
192019
191980
192017
192132
192210
192197
192144
192173
192210
192237
192257
192283
192337
192408
192346
192547
191243
191241
191241
196620
191281
369220
326692
3.73642e+08
335423
256658
404246
440377
407246
418186
732929
315971
289903
249640
275120
239527
174771
195383
175980
252767
491517
899253
7.34294e+06
1.22084e+07
8.66374e+06
2.16589e+07
1.25975e+07
1.36043e+07
1.38055e+07
1.41204e+07
1.57428e+07
1.91047e+07
2.05314e+07
2.29787e+07
2.83335e+07
3.20914e+07
4.51816e+07
7.22041e+07
1.44714e+08
4.55385e+06
191574
191307
191331
191476
191571
192125
194396
202038
220788
244852
249356
249709
249432
202840
193563
191944
191935
192046
191948
191853
191849
191894
191849
191826
191892
191958
191945
191885
191884
191921
191948
191967
191988
192028
192096
192140
191241
191241
191252
304825
527622
459571
431000
426254
749396
328635
255938
239267
328287
237747
187821
243671
185336
223873
389172
792283
5.80728e+06
1.37623e+07
7.93337e+06
5.30098e+06
191968
8.15553e+07
191503
191289
191412
191883
193545
199398
214840
192018
192006
191903
191822
191879
191875
191826
191853
191931
191964
191920
191869
191904
191935
191958
191976
192004
192061
192106
191241
191241
191241
433842
332567
429221
319580
268188
392894
225613
175295
167692
193252
175854
279240
619345
1.30705e+06
7.83686e+06
9.85291e+06
6.30506e+06
1.09232e+07
213113
191867
227216
191250
453524
426886
419549
228046
205611
195665
191277
262829
192452
241039
240484
243539
242193
201997
191253
191896
191276
192904
240307
191370
191303
191241
191252
191250
191222
191261
191225
191178
191277
191250
191248
191248
191247
191247
191248
191248
191248
191249
191256
191254
191241
191241
191241
191738
192167
191495
342686
192619
191241
191564
257233
195876
198427
194069
4.20784e+07
227109
360503
301131
321951
305607
302616
325794
220850
201430
185728
154904
154148
167499
167341
196858
171993
185075
250809
1.19939e+06
5.34903e+06
1.1367e+07
9.00064e+06
5.63448e+06
6.49224e+06
1.55072e+07
212225
206583
9.23147e+06
1.01099e+07
3.62502e+07
9.15837e+06
8.42045e+06
8.26956e+06
191321
191582
192358
191285
191301
215635
196103
191818
192052
191536
191658
198658
191284
191284
213692
195281
196863
191252
191249
204490
208884
244010
1.12107e+07
1.37008e+07
1.50991e+07
1.69262e+07
1.80037e+07
1.51556e+07
1.40815e+07
3.82005e+07
7.47847e+06
2.69555e+07
201914
210293
241647
234722
233440
272068
271352
235128
191277
222565
7.95475e+06
9.72214e+06
8.355e+06
235440
191165
191177
242019
234930
1.23149e+06
350702
191274
191367
191259
191256
196850
326486
201377
226784
191251
191245
191202
191199
191336
191242
191275
191249
191248
191247
191247
191247
191247
191248
191248
191252
191260
191251
191287
6.66911e+06
191187
191241
191241
191241
191243
191241
191248
191241
191246
220122
246368
220331
215380
226734
198405
253233
186419
156711
151662
160761
153953
190289
189831
171960
192782
176368
497355
3.01202e+06
8.34062e+06
1.4468e+07
5.16855e+06
5.63748e+06
191245
191245
9.55774e+06
240367
219092
191462
243729
191250
241625
233953
234563
191457
191282
191395
193386
233029
194275
1.30908e+07
1.20286e+07
1.48622e+07
1.65711e+07
1.5612e+07
5.58256e+06
9.89069e+06
191247
1.04834e+07
9.08903e+06
4.0899e+06
191254
6.97259e+06
192831
191354
5.58197e+06
1.22828e+07
6.95755e+06
1.91909e+06
328866
184887
204726
265750
200577
162729
167390
191248
147881
168009
183845
191249
191251
191246
191245
191245
191245
191245
191245
191245
191246
191247
191245
191246
191245
191245
191246
191246
191200
191234
191248
191241
191246
191252
172455
156772
157649
166247
160494
150484
244800
205566
171719
189925
715106
5.60887e+06
219480
206343
190716
191266
191240
191258
217368
225977
191241
191185
190838
190861
190969
191250
191329
201497
191241
191385
191498
191447
191241
191241
191241
191241
191241
8.10584e+06
191241
191243
191243
191241
191241
191241
191241
191241
191241
212667
784200
191241
4.54483e+06
191241
191241
7.03487e+06
191221
191198
191244
191241
191291
192063
191522
190511
190807
193200
212484
191241
191241
191241
191287
191261
233338
219581
192492
191748
227019
411186
214436
226031
230225
198781
196410
191241
191241
179854
178359
167263
198699
189079
173624
166511
5.82655e+06
241649
288057
191242
191241
982260
1.95426e+06
2.62341e+06
191241
191241
205866
241770
196020
199806
6.76175e+06
190737
191176
217582
226593
211593
193729
191904
1.00437e+07
191573
191716
191413
191482
191631
192285
191241
191241
206703
203050
212036
424710
1.20638e+06
201262
193723
1.09648e+07
1.1054e+07
573874
192548
192195
193102
192476
205001
191351
191266
191348
191241
191241
191241
7.18646e+06
8.03459e+06
1.05716e+07
5.3528e+06
195891
194716
197694
191276
191289
191106
191120
3.92653e+06
2.93446e+06
4.1027e+06
222036
212151
4.95494e+06
4.8513e+06
228099
879722
191241
191241
227038
336011
191241
191241
228248
221899
221237
191555
191236
191239
191385
191119
191241
191974
191247
192511
191274
191243
9.13153e+06
191241
191246
191241
575142
179139
192066
190673
191231
211684
191245
191243
219075
217767
246994
209285
191255
225181
225842
192797
164148
205306
168261
208275
187906
186969
161968
183223
5.66734e+06
197236
1.28696e+06
2.09958e+06
2.78547e+06
191241
5.06459e+06
201422
198078
4.5199e+06
6.73514e+06
7.24136e+06
191454
191670
191343
6.39424e+06
6.19015e+06
6.08651e+06
9.62688e+06
191392
191437
1.13972e+07
191241
836295
359860
601268
191277
193863
192741
191241
191241
191241
2.21086e+06
168666
171468
189736
4.90696e+06
191241
191539
191241
191241
196054
191242
233196
201972
249030
175160
222245
191272
191241
191242
191263
191245
225670
192161
236533
220109
191267
192850
191222
191241
191241
191439
205806
187622
188113
190934
177283
181246
181707
191269
191264
187834
189091
192027
191457
191241
191246
191246
191241
191241
4.74772e+06
191241
281729
194833
191241
490800
268596
224347
191374
190708
191241
191241
194725
192561
203263
295697
187098
173492
7.36686e+06
190980
191349
377824
303276
402613
191979
192077
189497
189873
191248
191247
4.9044e+06
174865
192545
191244
191242
191270
191241
191241
194446
174643
202750
194073
176247
191241
191415
191134
7.98339e+06
230596
203015
191277
191262
227625
220937
221477
190067
190178
191418
191254
191249
191236
191229
192027
186162
191241
191241
7.49647e+06
191464
190702
191244
191243
191292
191078
191241
191241
191310
191288
3.96962e+06
204146
174228
162539
180279
191491
191311
183694
175735
191124
191015
191257
191248
4.13491e+06
191273
200723
191276
192038
4.74578e+06
191362
187622
191241
196739
191241
191697
1.30785e+06
191245
220916
218373
191623
190670
191241
232206
182131
184636
191241
251331
215997
4.19049e+06
191302
191260
7.58964e+06
191239
193778
192047
191307
194186
191241
191260
203971
6.80681e+06
5.06115e+06
191197
180510
191241
184654
173619
191241
174545
198461
225054
186111
7.5182e+06
408054
191241
723605
189491
195538
201212
191241
6.26661e+06
191327
191279
215420
210408
191491
191596
191241
191241
191241
191202
208598
204471
214372
196189
194811
198197
191241
2.94272e+06
191244
191241
191243
192655
191993
3.15416e+06
2.69588e+06
1.59692e+06
3.54856e+06
192569
193086
188554
191241
191241
191241
193260
513850
191596
195592
191134
809960
191752
191952
215038
209592
209979
191264
186196
191328
189084
191238
191427
188385
201193
434641
192643
191730
188487
187927
177136
191737
188730
192370
174676
171114
4.75373e+06
169908
166479
193276
4.32802e+06
191280
191267
191296
191241
191241
191366
190831
197385
167938
191286
331000
191241
5.56259e+06
189307
193097
193057
190357
192636
191241
191241
192345
190598
191242
191315
191241
191241
188853
537523
5.15654e+06
4.73939e+06
5.50441e+06
197046
173930
174419
195416
189513
191468
198838
217676
203245
191238
5.53578e+06
192776
192004
191241
194691
181349
175622
191098
190999
4.32859e+06
191241
191241
191239
191240
192699
197827
233202
174754
191241
182856
185099
191241
191241
191241
191241
191241
191241
193318
192178
209887
210090
199301
180360
180960
195462
197832
193723
191192
191130
191242
191242
187946
189971
191247
191241
191241
191242
1.17329e+06
205291
191237
191238
191260
191242
191242
191241
191241
191242
191242
194648
194742
221260
221965
189987
190017
186972
191247
191241
209912
188089
192251
196251
191274
216350
189446
193629
194680
192661
191442
281259
191381
191297
212714
191236
177430
193045
4.50153e+06
203348
211145
191241
191383
191327
191241
191241
164950
171395
204198
355970
188068
185842
191241
4.09341e+06
194006
255636
266398
277436
1.13543e+06
191373
191444
191234
191229
4.27783e+06
5.50463e+06
196993
182253
191241
592935
1.27688e+06
191241
5.72613e+06
191282
191258
191241
191210
191241
194960
186425
192989
213789
5.08011e+06
206581
3.70525e+06
191241
191241
192070
191662
201361
198450
205203
202221
205474
198821
4.46923e+06
5.12749e+06
194924
191241
193169
191241
193588
191544
191668
191241
195751
197230
193089
193388
191851
170995
192846
191263
191241
211708
191335
192400
178057
191241
210248
191241
197493
182831
191447
191345
192165
192581
172151
189126
174960
191220
191241
175047
191241
191296
191497
176141
3.75417e+06
191250
183222
215873
233253
195655
191241
191241
189162
198750
192005
192944
189239
169470
191353
191511
191384
191241
164161
189767
191241
190553
189777
2.55788e+06
191020
190780
191241
191267
191241
184660
191326
182493
3.53431e+06
2.44343e+06
194114
192810
191241
191242
189861
249357
191749
191241
203074
191246
805015
192114
191266
259061
191241
190876
191241
191241
197489
189245
192912
194190
1.53242e+06
4.64766e+06
185448
183894
187518
173216
195972
183312
191260
191332
239145
199087
191416
792552
276840
398732
216851
211139
188293
173034
229761
191666
191505
191808
194468
196374
184602
191551
191305
191179
191202
191129
191255
191282
191234
191241
4.53147e+06
3.40669e+06
205315
201533
201538
192740
191280
191650
191443
995340
1.14668e+06
191255
191268
197926
191253
191878
191258
185887
192914
196139
191296
4.14775e+06
186855
191282
191269
191266
4.15014e+06
638391
191315
190050
1.61004e+06
634893
1.58031e+06
191399
192390
188855
1.09451e+06
1.13597e+06
189717
192089
191251
428471
198747
191583
191512
191400
195949
191256
191226
191263
255798
225053
187871
192026
191482
190736
190473
191253
191375
191281
191124
191271
192784
193515
213308
191263
191288
191274
998440
191315
186973
185990
194165
333973
373040
191208
189743
195020
191222
190985
191254
191250
191255
191250
191391
460133
450960
191308
191275
191259
191250
191273
185379
193954
192331
190758
191291
294999
191249
188862
191254
279600
311106
191244
219587
191234
189226
191252
205814
198183
207395
194305
191249
191125
191219
191345
191238
191245
190550
191312
189820
191379
192804
191345
191283
191948
191249
191257
191249
191289
191247
191224
194305
191244
200036
189256
191577
191248
191240
191437
191725
191242
191244
191277
191256
256084
257176
257354
258191
257233
256263
236329
209926
197292
192919
191705
191366
191291
208305
4.33464e+08
3.22337e+08
2.5814e+08
1.23978e+08
6.29997e+07
4.58403e+07
3.47059e+07
2.9186e+07
2.98493e+07
2.92181e+07
3.27197e+07
2.7367e+07
2.60036e+07
2.56603e+07
4.37788e+07
4.11812e+07
8.46292e+07
5.45737e+07
7.91922e+07
4.0646e+07
1.91837e+07
6.8071e+06
2.91684e+06
1.4545e+06
578452
325530
164148
247446
208251
182456
269649
567766
363521
288982
304601
270129
262148
261541
217890
367681
191250
191241
191241
191241
191242
192203
192449
192432
192349
192288
192254
192221
192192
192172
192117
192059
192146
192151
192031
191838
191851
192027
192058
192132
192213
191944
191601
192417
198455
218119
247804
244854
3.89628e+08
191252
192014
248462
256795
248634
258102
257590
250187
249275
257720
228143
220875
2.48568e+08
214977
202178
194447
192138
191479
191308
191516
6.73995e+06
191290
1.50647e+08
7.10233e+07
4.82429e+07
3.76482e+07
2.85057e+07
2.61963e+07
2.69736e+07
2.77018e+07
2.92297e+07
2.36343e+07
2.45983e+07
2.35571e+07
9.24795e+07
5.70483e+07
2.62815e+07
1.02715e+07
4.2909e+06
2.24294e+06
897093
353346
182414
162125
202214
189486
210102
233795
216823
301441
290418
251561
269728
285594
208302
270026
191413
221179
191241
191241
191241
249876
191251
192120
192398
192112
192398
192313
192270
192237
192206
192181
192157
192065
192106
192164
192105
191936
191795
191955
192052
192077
192200
192130
191710
191769
194235
206333
232699
1.05252e+08
191245
249402
205784
195735
192469
191577
191332
191277
269481
1.10643e+08
6.06823e+07
1.28595e+07
4.60794e+06
2.48036e+06
1.13183e+06
405238
238818
151607
317092
185754
198003
260850
575596
276144
269371
254717
245450
256778
208279
199844
207925
191241
191241
192117
192038
191992
191960
191930
191904
191888
191834
191869
191957
191951
191836
191669
191735
191827
191847
191955
191968
191660
191584
193067
201865
225392
293252
272051
269986
285264
249668
254762
340560
224920
370016
191241
191241
191241
191975
191944
191915
191896
191869
191820
191923
191968
191905
191745
191668
191798
191834
191887
192001
191848
191518
191955
195910
211831
250680
191606
191889
193568
199511
221696
181004
175741
197552
160227
317467
709780
1.74914e+06
4.02456e+06
6.32194e+06
2.10018e+07
4.63589e+07
7.24893e+07
3.2846e+07
191241
192011
192076
240534
191563
204766
195354
227294
6.01954e+07
194817
192361
198893
201772
197009
191545
193382
192818
191323
191241
191284
191429
6.25281e+07
234719
191821
192063
191668
6.52562e+07
191246
191286
191302
191284
213970
220575
209183
6.98728e+06
191241
8.98032e+06
6.30933e+06
1.68207e+07
1.08932e+07
1.01241e+07
2.12636e+06
6.3428e+06
6.82388e+06
5.24699e+06
877898
3.38499e+06
5.69504e+06
2.13251e+06
295056
1.49844e+06
1.53657e+06
1.06771e+06
183197
525512
374816
167041
227059
239724
194583
200233
174037
163315
158861
198458
190504
141224
150576
152375
168438
166271
211619
148966
220255
222641
182080
174463
179745
200093
205759
276949
208671
193581
191241
191241
191241
191397
191355
191806
191252
191263
191241
191241
191241
191241
191257
191247
239216
232001
191253
191251
191249
191245
191247
191247
191247
191247
191247
191248
191249
191237
191257
191237
191243
191215
191242
191250
191249
191265
191681
195587
211398
244145
193312
175018
241195
5.367e+07
244015
7.79979e+06
1.60097e+07
2.26832e+07
2.46996e+07
2.46691e+07
2.25677e+07
1.73636e+07
1.81621e+07
1.96773e+07
1.79223e+07
2.10522e+07
1.22651e+07
1.01364e+07
191259
191248
235545
191249
232528
191265
241420
287528
224108
2.52673e+06
1.32509e+06
242450
236442
234703
1.10432e+07
191314
202273
199757
183639
194283
191462
1.94888e+06
170973
669882
225500
191278
191241
191241
196059
2.16822e+06
191246
210236
156554
1.90728e+07
178830
217857
181360
179483
223413
193316
266884
200245
217974
207489
191830
191257
191265
191274
242032
191241
233966
191248
191247
191247
191247
191247
191247
191247
191249
191247
191236
191234
191250
191213
191233
191248
191250
191249
191348
192761
201495
236245
192621
2.44247e+07
2.44119e+07
3.61399e+07
2.62887e+07
5.33279e+06
240557
233399
3.93053e+07
2.15114e+07
1.82457e+07
1.70835e+07
191461
198088
192076
191291
191246
191248
191240
191239
191230
191244
191243
191234
191245
191246
191245
191245
191245
191244
191536
206917
193868
191252
206762
191247
191247
206026
191234
191218
191241
191238
191248
191242
191246
191246
191245
201031
224907
177300
164632
196626
202606
186885
220940
241129
191253
191245
191244
191244
191245
191245
191245
193457
191241
202696
193539
212106
192554
1.28366e+07
226903
211608
162032
191334
191243
191241
8.13437e+06
191241
191375
212122
191241
191423
259043
2.16576e+07
173298
193787
193122
1.32888e+07
1.42847e+07
1.22e+07
398448
191691
167332
191559
194129
234317
215095
226306
363310
541158
341215
166534
159905
191242
193766
229124
179593
192007
307187
299839
224823
216387
219642
193639
191796
627152
3.18644e+07
193404
191495
204888
191241
191241
371712
299310
191241
191241
191241
191241
191241
191241
191241
191241
191259
191242
191241
191241
191241
191303
191347
191252
191241
191240
191233
191142
191143
191422
191007
191346
205177
210836
191222
191237
191240
247671
205746
197775
195379
201107
191286
191249
191260
192038
192688
191209
191212
191242
191241
191241
191241
525991
2.2451e+06
2.72498e+06
2.61119e+07
191241
191241
226497
217975
185130
197187
7.60917e+06
7.13871e+06
191448
191656
1.3492e+07
1.48153e+07
229008
188615
197174
194598
165364
204389
313265
221008
197300
214394
227752
220837
228796
222028
191242
1.33187e+07
296364
200373
207049
212689
203682
191339
174531
191594
191499
191913
192196
191742
192477
167525
191371
6.61073e+06
5.62e+06
177359
171622
196141
198203
194861
191273
191276
268903
1.93635e+07
1.76336e+07
303184
1.86154e+06
4.66818e+06
2.0509e+06
658801
467971
965763
1.01329e+06
758771
2.35909e+07
195782
8.67735e+06
201934
185296
253694
228535
221578
191241
191241
205123
191309
191290
155695
191241
191241
191241
2.75349e+07
196031
257232
485880
199734
191241
191241
191241
191241
219777
208453
224271
191241
191242
191241
191241
191241
191240
191239
191115
191438
191136
191271
191084
1.31322e+07
191257
191236
191228
191238
191241
191244
698872
1.50755e+07
191215
191127
191241
191241
191241
191302
191079
191128
191239
191261
191023
191398
191352
191241
191241
191241
191241
191241
191235
191185
191309
191205
191185
191120
191241
196093
176401
189121
191262
165219
225174
182961
178455
191241
4.17573e+06
190174
186810
177745
190984
191407
192668
1.3029e+06
191248
190879
3.66943e+06
183950
191245
195870
186385
194453
7.19326e+06
216050
191338
1.13259e+07
191241
177190
206681
193100
184598
191241
191241
191241
191241
191241
334342
191321
190964
186638
191241
191241
191241
191279
191261
9.7325e+06
9.57207e+06
181441
191241
191241
191241
191241
191577
190987
191224
4.16571e+06
190899
190837
191237
191997
191676
192065
190467
190196
9.75819e+06
191330
191313
191276
191256
191277
192565
191252
191288
191241
191241
215221
191241
191241
228555
1.07826e+07
191911
219833
191232
191227
9.76401e+06
184729
183350
186933
5.55368e+06
191600
191945
202788
226745
227912
184556
183750
184538
181039
236119
240218
191241
191241
1.15749e+06
430739
1.16241e+06
191267
191257
191927
191521
4.31681e+06
2.80016e+06
193235
194542
215779
191241
191241
191241
5.62571e+06
201448
191273
3.77765e+06
209211
215140
205280
190894
8.67844e+06
191234
9.93306e+06
194230
191734
1.20432e+06
191312
191273
168591
194068
193275
183581
191244
192259
196772
199016
195360
191946
327911
304258
243726
191248
191415
191278
191253
182926
203384
193590
191251
191241
7.99123e+06
236167
191241
8.4387e+06
789959
750338
187185
191248
191241
182828
213935
194898
191446
191304
191882
191241
191241
191241
267156
214277
209643
191241
191241
191240
191241
191242
191241
191162
191264
191676
191083
190455
190463
191803
191547
191241
190959
191189
191332
191241
190966
193553
195152
190676
9.51341e+06
191436
191379
227416
191311
191292
207972
191241
191241
191241
191240
191244
209502
191238
191574
191990
210258
220789
191387
191161
191224
192380
191730
1.25305e+06
197199
202269
195934
3.64987e+06
4.86195e+06
2.56547e+06
191607
191749
191516
193534
191241
191218
973144
191242
191254
192989
192418
185386
191335
189028
192612
191933
189557
191241
7.17992e+06
465638
336914
4.98358e+06
2.59789e+06
7.07651e+06
3.01319e+06
191241
187919
189024
204714
188628
191242
196549
191416
204256
190649
191586
191208
191241
188667
195055
191236
7.00754e+06
4.77565e+06
5.00054e+06
3.15423e+06
193784
201006
191241
191241
191241
191241
191241
194270
191192
194651
190982
191769
191241
190571
191031
189826
191312
191226
191210
193183
191718
6.63905e+06
6.04058e+06
6.24408e+06
190136
189068
191241
191241
190741
191149
191061
191124
5.38853e+06
4.82614e+06
191283
191249
196009
189039
191278
191323
200149
191244
191242
191241
191241
191241
191241
192015
188091
192334
191864
190835
190947
191269
191264
204752
183102
180922
181693
184071
191840
200619
191241
191241
190459
190470
190489
187582
191240
191211
197309
194022
448595
198101
1.05542e+06
1.12169e+06
174775
187097
206516
196628
200798
191235
191241
190802
191075
191074
191241
1.03112e+06
191241
197380
191576
191157
195440
187148
190015
192681
192236
191241
191317
196872
205724
201292
201913
545289
192003
191714
192473
187304
191490
457967
191243
189534
191241
191260
191251
191110
191279
198799
194701
195369
191241
191241
191241
191241
191241
191241
191241
191241
191278
191180
191241
191241
191241
196909
191255
191606
191968
194117
191242
198436
208837
191359
191261
191264
562998
188542
351362
191241
191725
191862
191242
193814
192624
195461
191241
199086
190847
191242
191321
191296
238108
488535
182836
193904
194206
195428
193360
189798
190993
185030
189026
191341
192741
221427
191269
191242
198165
191241
193462
191410
198749
191565
340429
331727
253574
262604
211647
191269
191263
191287
191563
191263
196281
197335
997626
191275
191282
191264
191241
187589
190925
185277
191248
190124
194066
191538
191241
208185
191281
199111
191241
191241
191241
191249
191634
192025
185323
191241
191191
191178
191287
187580
186764
191460
181918
191279
190272
190589
191241
189925
187770
193486
203032
191316
191402
190132
191241
189231
3.11584e+06
191241
191241
192421
188376
190743
192486
189352
174907
194366
190749
191241
191425
188368
193525
189074
191344
191375
191241
510400
190659
902207
914376
194313
191437
190678
190728
195399
191890
191673
191083
191277
191646
191908
192902
197092
287080
278801
191280
3.9872e+06
191296
2.37548e+06
2.50594e+06
1.0486e+06
323006
192492
4.44352e+06
191268
191369
191309
191459
192634
192196
193746
193758
191270
193052
3.9247e+06
3.98909e+06
191258
191257
194537
190992
191329
191241
374084
190508
191359
191241
191719
191490
192223
191241
191420
2.86661e+06
191366
254489
2.54185e+06
191295
2.4802e+06
191300
727534
724664
193059
190727
191262
191550
191438
2.34384e+06
324137
191279
191297
191322
193877
196914
191259
191994
191572
217035
191296
191347
218904
191276
191265
190721
191299
191281
191331
214245
191170
191267
191278
191265
219199
193279
190689
191260
191259
850494
895690
195559
388584
189661
688023
192015
192486
191743
191457
189689
192296
191330
191263
262214
246904
261668
193317
190720
191863
191353
191283
191254
191257
191253
191289
191377
191625
191312
191117
191324
191255
191337
191253
195012
197999
319407
190595
191331
191383
191319
191766
191272
191282
191317
191272
191368
191316
191278
191258
191466
191253
189994
191303
191354
191616
191255
191254
191262
191282
191270
196928
193707
191346
191419
192038
249618
191268
190927
191360
191259
191256
191260
191258
191255
191219
191268
191209
191289
192163
192671
199383
191416
191475
196801
193170
197342
191605
236270
191307
191281
191324
191261
191412
191343
191448
192083
)
;

boundaryField
{
    bullet
    {
        Cmu             0.09;
        kappa           0.41;
        E               9.8;
        type            epsilonWallFunction;
        value           nonuniform List<scalar> 
30
(
3.10485e+08
4.862e+08
6.02929e+08
4.24566e+08
2.95092e+08
1.96061e+08
1.64934e+08
1.27897e+08
1.12385e+08
8.03487e+07
5.95121e+07
6.76103e+07
6.74455e+07
9.15627e+07
1.61194e+08
1.20714e+08
2.72948e+07
5.42924e+07
4.72464e+07
5.48114e+07
5.69275e+07
7.14071e+07
8.66375e+07
1.20514e+08
1.71262e+08
2.33778e+08
3.33812e+08
4.45679e+08
2.88976e+08
3.5871e+08
)
;
    }
    topWall
    {
        type            inletOutlet;
        inletValue      uniform 266000;
        value           nonuniform List<scalar> 
50
(
247730
231706
218735
209501
266000
266000
266000
266000
266000
266000
266000
266000
266000
266000
266000
266000
266000
266000
266000
266000
266000
266000
266000
266000
266000
266000
221088
221472
223142
225021
227657
232468
238500
245473
255860
266000
266000
266000
266000
266000
266000
266000
266000
266000
266000
266000
266000
266000
266000
266000
)
;
    }
    bottomWall
    {
        type            inletOutlet;
        inletValue      uniform 266000;
        value           nonuniform List<scalar> 
50
(
220778
224155
227489
230625
234381
239161
245758
257272
266000
266000
266000
266000
266000
266000
266000
266000
266000
266000
266000
266000
266000
266000
266000
266000
266000
247679
231821
219575
212176
209471
208895
209295
210051
212112
216586
219976
220139
266000
266000
266000
266000
266000
234838
242366
266000
266000
212503
212696
214364
217300
)
;
    }
    inlet
    {
        type            fixedValue;
        value           uniform 266000;
    }
    outlet
    {
        type            inletOutlet;
        inletValue      uniform 266000;
        value           nonuniform List<scalar> 
30
(
191250
191241
191241
191241
191241
191241
191241
191242
191251
192203
260407
251247
243937
238334
234326
260417
251276
243984
238396
234401
192042
191366
191243
191241
191241
191241
191241
191241
191281
262988
)
;
    }
    defaultFaces
    {
        type            empty;
    }
}


// ************************************************************************* //
