/*--------------------------------*- C++ -*----------------------------------*\
  =========                 |
  \\      /  F ield         | OpenFOAM: The Open Source CFD Toolbox
   \\    /   O peration     | Website:  https://openfoam.org
    \\  /    A nd           | Version:  6
     \\/     M anipulation  |
\*---------------------------------------------------------------------------*/
FoamFile
{
    version     2.0;
    format      ascii;
    class       volScalarField;
    location    "0.0007";
    object      k;
}
// * * * * * * * * * * * * * * * * * * * * * * * * * * * * * * * * * * * * * //

dimensions      [0 2 -2 0 0 0 0];

internalField   nonuniform List<scalar> 
3704
(
963.209
930.464
904.599
888.82
883.184
882.183
883.275
885.18
889.866
899.593
906.738
906.806
962.002
973.426
977.321
979.2
980.396
936.569
952.503
974.838
931.002
890.161
890.746
894.556
901.048
908.611
915.877
922.994
929.666
937.594
947.46
960.748
984.022
989.832
989.992
990.062
990.11
990.144
990.169
990.187
990.203
990.214
990.223
990.226
990.221
990.21
990.211
990.236
990.188
990.334
963.274
930.543
904.601
888.695
882.906
881.797
882.82
884.682
889.303
898.903
905.959
906.024
919.016
931.907
939.068
943.252
946.213
926.702
936.274
934.562
896.977
889.182
890.18
893.95
900.36
907.825
914.988
921.982
928.491
936.084
945.279
956.863
970.982
972.798
973.101
973.299
973.435
973.532
973.602
973.654
973.698
973.731
973.754
973.762
973.744
973.707
973.709
973.787
973.634
974.09
963.409
930.703
904.606
888.444
882.352
881.028
881.917
883.693
888.186
897.537
904.417
904.484
902.73
906.994
912.108
916.123
919.587
912.734
916.144
908.086
889.526
887.918
889.064
892.745
898.996
906.269
913.236
919.998
926.219
933.245
941.343
950.359
957.661
958.735
959.148
959.449
959.655
959.803
959.909
959.986
960.053
960.101
960.135
960.142
960.104
960.035
960.039
960.174
959.892
960.715
963.625
930.95
904.61
888.067
881.526
879.886
880.58
882.23
886.533
895.521
902.142
902.213
896.855
894.379
895.856
898.328
901.368
900.014
900.298
893.338
886.199
886.233
887.415
890.959
896.976
903.972
910.662
917.115
922.978
929.368
936.316
942.936
946.668
947.481
947.962
948.331
948.581
948.762
948.89
948.982
949.064
949.12
949.156
949.154
949.087
948.976
948.984
949.187
948.733
950.025
963.941
931.291
904.609
887.564
880.433
878.384
878.828
880.315
884.369
892.887
899.173
899.246
893.436
888.28
887.455
888.64
891.112
891.611
890.969
886.067
883.547
884.101
885.252
888.616
894.33
900.972
907.318
913.413
918.906
924.743
930.827
935.941
938.194
938.88
939.382
939.776
940.039
940.231
940.365
940.46
940.549
940.602
940.632
940.611
940.501
940.338
940.352
940.639
939.948
941.87
4448.71
1663
2650.64
2402.75
2640.85
2727.57
3159.16
3608.89
4483.84
5673.62
6975.98
8844.97
10712.3
8041.84
8387.43
4618.64
1909.84
2926.37
3464.94
4120.2
4070.15
4084.75
4791.58
6174.31
8812.67
10662.1
13645.5
17099.4
20040.4
18333.7
5029.33
2428.87
3227.27
4548.45
5828.75
5632.73
5040.68
5827.22
7012.29
9112.33
11121.7
13843.4
18681.6
28498.4
24435.7
5902.79
2995.91
3226
3876.08
4996.49
5455.25
5329.05
6217.42
7053.7
8695.54
10376.8
12780.6
18161
36267.8
29678.4
6114.53
3097.83
3187.24
3673.74
4597.19
5141.18
5315.4
6142.85
6775.92
8135.13
9283.21
11667.1
17205
42297.5
34502.3
7612.33
11380.2
13140.1
10402.6
8160.63
6190.41
5507.99
4651.58
4298.48
3425.9
2814.95
3053.27
3033.58
3718.67
5410.12
17350.8
21883.2
20009.3
14619.6
11100.3
9036.29
7764.03
5673.64
4514.91
3476.31
3412.11
3323.21
3576.81
6020.57
7317.99
24017.3
27179.1
20945.2
14342.9
11642
9228.22
8405.57
6073.25
4929.73
4411.27
4397.51
3303.41
4113.11
6795.44
7052.98
29760.8
30427.5
19955.3
13230.7
10671.7
8882.82
8151.29
6340.22
5168.42
4929.95
4634.41
4017.04
4172.99
6655.61
6936.42
35027.8
32272
18962.5
12130
9658.16
8369.59
7617.12
6301.36
5337.18
5147.71
4818.21
4375.83
4019.62
7055.69
6622.85
990.354
990.218
990.243
990.206
990.212
990.232
990.242
990.24
990.231
990.217
990.201
990.182
990.159
990.127
989.946
980.975
960.196
946.357
934.117
924.008
918.153
913.844
910.003
909.023
972.504
979.889
982.251
983.598
984.782
986.192
987.489
988.137
988.172
987.939
987.689
987.578
987.555
987.365
986.572
984.904
982.286
979.392
977
973.87
966.424
903.136
882.647
902.572
930.122
963.338
974.151
973.727
973.806
973.692
973.71
973.775
973.807
973.803
973.778
973.74
973.696
973.642
973.576
973.489
973.277
970.488
956.512
944.15
932.546
922.801
917.151
912.961
909.139
906.597
931.967
945.56
951.262
954.853
958.189
962.219
965.937
967.793
967.893
967.22
966.501
966.177
966.107
965.561
963.302
958.556
951.145
943.074
936.731
929.195
916.177
873.338
882.568
902.564
930.167
963.4
960.815
960.054
960.208
960.004
960.035
960.151
960.214
960.213
960.178
960.12
960.052
959.97
959.871
959.74
959.5
958.223
950.29
940.176
929.627
920.503
915.208
911.226
907.493
903.871
910.105
920.319
926.678
931.516
936.444
942.556
948.226
951.058
951.206
950.171
949.064
948.562
948.453
947.629
944.213
937.06
925.981
914.2
905.693
897.032
886.049
870.191
882.411
902.547
930.257
963.531
950.161
948.977
949.238
948.926
948.966
949.145
949.25
949.26
949.222
949.15
949.068
948.966
948.846
948.686
948.423
947.578
943.102
935.124
925.713
917.306
912.422
908.696
905.117
901.103
899.806
904.158
909.315
914.454
920.275
927.699
934.621
938.085
938.259
936.98
935.608
934.982
934.846
933.849
929.716
921.083
907.819
894.062
885.032
877.479
871.202
869.537
882.176
902.52
930.393
963.742
942.037
940.293
940.715
940.262
940.308
940.565
940.726
940.759
940.726
940.649
940.562
940.452
940.323
940.153
939.883
939.198
936.223
929.646
921.156
913.405
908.901
905.432
902.049
898.06
894.522
895.257
899.081
904.01
910.044
917.891
925.235
928.917
929.091
927.708
926.219
925.535
925.384
924.333
919.978
910.896
897.011
882.847
874.175
868.061
865.207
868.948
881.859
902.482
930.574
964.05
980.594
983.461
982.846
983.459
982.71
980.234
938.923
878.383
850.871
844.991
844.789
845.256
844.892
844.545
844.419
844.617
844.547
844.503
844.787
845.13
845.247
845.151
845.082
845.21
845.299
845.363
845.419
845.523
845.743
845.818
844.665
842.548
842.128
842.128
842.128
997.441
1485.86
1055.24
1867.07
1298.81
1235.23
1320.82
1211.05
1094.15
973.213
1029.87
1481.91
824.928
773.167
823.647
835.457
759.456
812.032
897.516
1742.14
3039.95
2579.15
3365.12
3402.26
4837.76
3338.55
843.461
2530.02
2706.01
3273.58
4375.51
4867.21
5059.23
5775.51
6732.19
7835.11
10369.1
16117.4
46674.4
47235.1
53844.7
857.949
842.253
842.412
843.174
845.879
855.475
883.18
939.736
957.077
843.7
1789.83
51569.4
966.542
982.385
965.938
983.233
966.754
967.346
983.299
983.439
904.842
860.626
846.545
844.602
845.108
845.137
844.7
844.421
844.526
844.6
844.497
844.612
844.971
845.223
845.214
845.068
845.152
845.259
845.334
845.387
845.461
845.619
845.834
845.189
846.251
842.136
842.128
842.128
854.565
842.233
1186.86
1090.57
42561.1
1113.12
929.564
1166.98
1214.76
1168.79
1222.76
1799.95
1043.59
1011.01
942.744
1022.06
950.888
778.759
844.21
768.845
819.749
888.637
961.912
2863.9
3433.17
2793.03
4157.37
2868.36
2279.66
2297.59
2508.88
3897.02
4509.18
4714.73
5257.66
6209.91
6739.5
8149.67
11236.9
18219.6
1990.55
843.096
842.281
842.334
842.662
842.879
844.13
849.221
866.162
906.886
957.385
966.689
967.411
966.836
868.121
847.869
844.295
844.388
844.72
844.397
844.101
844.09
844.233
844.108
844.045
844.257
844.466
844.44
844.267
844.266
844.377
844.455
844.508
844.569
844.688
844.894
845.029
842.128
842.128
842.154
1046.83
1419.58
1251
1208.4
1243.17
1823.94
1060.67
929.721
919.31
1150.44
940.691
816.284
984.614
806.382
825.601
860.695
881.586
2440.74
3899.01
2615.68
1928.43
844.406
14595.5
842.491
842.239
842.517
843.584
847.318
860.332
894.092
844.643
844.584
844.254
844.005
844.182
844.182
844.042
844.131
844.38
844.49
844.369
844.219
844.328
844.419
844.484
844.534
844.617
844.788
844.922
842.128
842.128
842.128
1241.55
1085.44
1249.24
1064.99
973.289
1291.4
894.307
769.639
758.276
837.796
755.468
799.885
912.193
1064.68
2896.81
2894.9
2313.85
2641.3
890.377
844.151
920.536
842.159
1241.48
1199.79
1276.73
922.337
874.009
852.05
842.227
889.092
844.865
949.595
948.431
954.675
951.995
866.084
842.169
844.232
842.224
845.893
973.743
842.437
842.281
842.128
842.172
842.166
842.077
842.198
842.086
841.945
842.246
842.163
842.157
842.156
842.153
842.153
842.155
842.156
842.155
842.161
842.184
842.18
842.128
842.128
842.128
843.27
844.233
842.715
1159.97
845.713
842.128
842.897
982.357
852.535
858.194
848.498
8255.83
920.388
1200.81
1081.77
1126.86
1112.33
1088.29
1149.46
877.941
833.827
806.832
724.206
723.607
765.46
764.316
852.065
777.767
814.939
828.04
1090.03
2343.92
3492.32
2910.23
2351.46
2223.7
2648.86
888.448
876.148
2690.15
2291.69
7308.45
2367.5
2295.32
2482.47
842.311
843
844.656
842.229
842.265
877.026
851.726
843.44
843.967
842.8
843.077
858.711
842.247
842.237
891.635
851.204
854.722
842.174
842.16
871.574
881.18
955.65
3515.42
4198.36
4617.97
5164.53
5676.06
4663.46
3643.13
7446.37
2408.57
5825.25
868.361
896.04
950.861
936.511
933.803
1023.72
1036.74
937.261
842.253
917.972
2060.85
2500.28
2067.09
937.914
841.899
841.94
951.634
936.949
1352.39
1192.33
842.234
842.521
842.181
842.181
858.544
1137.41
864.715
919.694
842.171
842.15
842.018
842.008
842.425
842.136
842.24
842.16
842.157
842.154
842.152
842.153
842.155
842.157
842.158
842.169
842.198
842.17
842.285
2199.38
841.968
842.128
842.128
842.128
842.133
842.128
842.159
842.128
842.15
905.485
976.958
882.203
867.027
895.687
826.351
974.634
794.99
726.903
715.197
744.863
721.75
834.956
830.495
778.482
780.228
762.756
892.725
1672.24
2987.83
3987.84
2265.14
2247.07
842.145
842.144
3111.5
948.188
903.27
842.784
982.326
842.163
950.815
934.891
936.176
842.621
842.259
842.479
846.968
932.934
848.956
4218.07
3878.44
4764.52
5449.54
6362.41
2213.46
3160.09
842.153
3175.23
3073.13
1990.33
842.176
2854.06
845.719
842.385
2365.72
3626.4
2728.85
1339.55
860.473
806.321
878.527
1051.09
866.726
750.413
766.106
842.155
702.868
762.861
788.267
842.161
842.166
842.149
842.145
842.146
842.146
842.144
842.144
842.146
842.147
842.152
842.144
842.147
842.145
842.146
842.147
842.148
842.008
842.114
842.157
842.134
842.149
842.167
779.18
728.6
733.088
761.282
743.703
711.552
970.132
836.818
777.483
816.489
950.208
2230.98
926.157
885.351
840.52
842.205
842.125
842.176
899.608
918.022
842.128
841.955
840.894
840.96
841.293
842.147
842.331
869.442
842.128
842.566
842.915
842.759
842.128
842.129
842.128
842.128
842.128
2976.92
842.128
842.132
842.132
842.128
842.128
842.128
842.128
842.128
842.128
906.37
1542.72
842.129
2323.46
842.128
842.128
2162.86
842.065
841.995
842.137
842.128
842.28
844.638
842.99
839.895
840.8
848.112
905.847
842.128
842.128
842.128
842.234
842.174
966.426
926.818
846
843.703
937.076
864.631
904.637
945.213
957.703
863.509
857.546
842.128
842.128
806.459
801.824
766.535
857.893
829.86
782.841
761.424
2314.77
835.203
837.384
842.129
842.129
1066.9
1378.57
1691.24
842.128
842.128
874.596
970.604
856.718
861.266
2177.72
840.583
841.924
900.063
919.337
887.094
848.154
843.637
3736.66
842.887
843.21
842.521
842.679
843.34
845.136
842.128
842.126
876.445
868.416
888.06
997.528
1323.62
859.303
847.73
4735.64
3833.49
1222.09
845.089
844.293
846.333
818.003
826.005
842.467
842.204
842.458
842.128
842.128
842.128
4380.21
4812.46
5822.96
3664.41
852.575
849.948
856.579
842.214
842.238
841.713
841.755
2087.47
1787.74
2186.22
923.802
901.361
2249.58
2197.09
922.553
1632.44
842.128
842.128
920.293
1023.36
842.128
842.128
922.872
909.393
907.965
843.085
842.113
842.12
842.566
841.754
842.128
844.367
842.144
835.097
842.216
842.13
3409.02
842.128
842.142
842.128
920.258
801.466
843.997
840.389
842.097
903.46
842.136
842.131
919.946
913.111
1001
890.888
842.17
938.029
943.589
846.1
756.985
884.438
770.028
893.462
831.27
826.046
743.8
811.962
2207.41
860.073
1159.8
1497.08
1655.71
842.128
2375.67
864.821
857.423
2180.95
2439.19
2755.88
842.614
843.103
842.359
2212.91
2194.4
2284.7
3710.08
842.581
842.712
5002.07
842.128
1210.22
1003.25
1062.41
842.211
848.034
845.517
842.128
842.128
842.128
1461.93
765.537
780.022
836.962
2605.06
842.128
843.041
842.128
842.128
856.168
842.129
957.994
874.204
1006.68
791.65
900.622
842.223
842.128
842.129
842.194
842.141
938.252
844.918
972.396
905.534
842.189
847.024
842.069
842.128
842.128
842.73
883.488
831.018
832.525
841.186
797.948
810.136
808.079
842.205
842.186
831.671
835.529
844.532
842.792
842.128
842.143
842.142
842.128
842.128
2624.3
842.128
873.81
852.056
842.125
920.573
1062.29
937.592
842.528
840.49
842.128
842.128
852.736
846.15
877.095
1136.35
827.196
781.721
3339.35
841.328
842.417
884.217
864.809
887.29
844.383
844.684
836.785
837.934
842.148
842.146
2126.97
786.272
841.116
842.133
842.128
842.219
842.128
842.128
847.825
788.666
875.458
849.547
794.455
842.128
841.637
840.682
3739.64
952.929
873.407
842.241
842.191
921.544
907.32
908.484
838.535
838.884
842.533
842.167
842.152
842.112
842.09
843.108
825.384
842.128
842.128
3934.99
842.802
840.468
842.135
842.132
842.287
841.629
842.128
842.128
842.343
842.27
1977.73
817.993
787.54
750.846
806.32
842.898
842.338
813.407
788.977
841.768
841.432
842.165
842.143
2071.52
842.226
863.303
842.208
844.545
2567.63
842.406
828.088
842.128
856.972
842.128
843.519
1356.74
842.138
834.842
897.295
842.998
840.371
842.128
958.383
806.689
804.919
842.128
1011.78
896.679
2039.04
842.269
842.187
3607.25
842.12
847.857
844.564
842.279
851.109
842.128
842.187
873.841
3161.96
2159.52
841.991
803.802
842.128
818.528
784.665
842.128
787.981
860.118
910.949
824.513
3968.86
1141.2
842.128
1042.03
835.796
851.776
864.386
842.128
2795.03
842.324
842.215
895.427
884.574
842.7
842.94
842.128
842.128
842.128
842.006
880.605
871.551
893.146
853.243
850.164
857.7
842.128
2466.47
842.137
842.128
842.133
845.331
843.836
2549.6
2029.44
1525.07
2419.6
845.14
846.299
806.293
842.128
842.128
842.128
848.287
939.569
843.222
854.065
841.797
1106.22
843.293
843.747
894.596
882.787
883.635
842.181
826.597
842.328
834.399
842.117
842.552
833.335
872.288
1177.13
846.438
843.642
833.662
831.92
797.593
843.612
834.398
845.575
790.035
778.819
2570.44
775.04
764.135
848.358
2143.86
842.218
842.189
842.255
842.128
842.128
842.413
840.866
856.23
765.896
842.232
887.178
842.128
2886.1
804.521
847.713
847.636
839.373
846.35
842.128
842.128
845.438
840.094
842.129
842.383
842.128
842.128
834.815
1009.61
2264.68
2258.8
2364.51
859.812
787.768
789.312
854.834
836.874
842.822
862.884
921.062
878.012
842.118
3024.93
846.82
844.498
842.128
852.255
810.873
792.999
841.686
841.379
2745.3
842.128
842.128
842.12
842.126
846.539
862.096
960.863
786.107
842.128
816.243
823.138
842.128
842.128
842.128
842.128
842.128
842.128
848.449
844.999
883.423
897.892
865.646
801.226
799.187
851.621
856.901
847.729
841.977
841.785
842.13
842.129
832.027
838.253
842.145
842.126
842.126
842.13
1553.3
873.369
842.114
842.118
842.176
842.13
842.13
842.128
842.128
842.129
842.13
852.493
852.821
931.701
933.788
838.274
838.359
828.987
842.141
842.125
890.815
832.41
844.421
853.383
842.233
897.44
835.276
847.523
849.871
846.478
842.586
1096.17
842.563
842.298
905.608
842.113
797.623
846.044
2436.53
878.79
886.188
842.128
842.564
842.325
842.128
842.128
756.964
778.194
881.299
910.63
832.447
824.311
842.128
2598.43
850.563
855.012
859.733
1022.58
1507.54
842.43
842.593
842.105
842.09
2720.43
3011.55
859.215
811.634
842.128
1053.27
1418.67
842.128
2622.01
842.222
842.166
842.128
842.03
842.128
853.459
827.284
805.384
819.806
2425.2
876.204
2473.88
842.128
842.128
844.01
843.086
864.718
858.264
873.165
866.628
873.762
859.096
2470.51
2730.45
853.36
842.128
848.017
842.128
849.289
842.821
843.104
842.128
855.862
859.156
847.773
846.981
843.517
778.935
845.76
842.186
842.128
903.048
842.342
844.76
800.83
842.128
879.234
842.128
860.824
816.056
842.774
842.449
844.228
845.163
781.046
834.886
791.182
842.06
842.128
791.595
842.128
842.297
842.917
794.827
2503.42
842.153
817.256
915.3
965.848
855.023
842.128
842.128
835.756
864.51
843.865
847.337
835.972
773.956
842.386
842.99
842.575
842.127
757.036
837.311
842.128
840.013
837.622
2008.74
841.449
840.707
842.128
842.207
842.128
821.389
842.389
812.178
2334.91
1939.69
848.606
845.677
842.128
842.129
837.015
1011.84
843.681
842.127
877.354
842.143
1317.39
844.897
842.203
880.076
842.127
841.018
842.127
842.128
860.872
836.051
847.241
850.851
1544.31
2561.58
824.147
819.483
830.281
785.984
852.763
817.433
842.182
842.335
956.408
864.783
842.53
1286.41
896.993
965.84
851.151
842.445
832.535
785.364
840.301
843.098
842.731
843.418
849.399
853.659
821.676
843.103
842.274
841.936
842.005
841.78
842.155
842.22
842.099
842.128
2680.79
2304.89
873.412
865.101
865.111
846.77
842.218
843.058
842.589
1297.64
1367.45
842.162
842.207
857.099
842.158
843.576
842.169
821.113
836.283
829.548
842.301
2595.65
828.616
842.254
842.213
842.202
2587.2
1210.22
842.298
838.468
1586.38
1196.01
1562.5
842.647
827.632
832.494
1350.22
1378.46
837.412
844.052
842.151
989.859
858.925
842.908
842.748
842.491
852.709
842.162
842.076
842.179
995.111
925.107
831.745
844.639
842.9
840.577
839.764
842.162
842.435
842.22
841.767
842.196
845.619
836.713
857.581
842.178
842.274
842.23
1298.03
842.296
828.431
825.534
848.72
958.299
1002.48
842.025
834.802
829.965
842.066
841.339
842.165
842.153
842.168
842.15
842.472
1135.29
1122.41
842.282
842.205
842.167
842.143
842.225
823.884
850.504
845.54
840.647
842.284
976.058
842.146
834.674
842.157
1049.43
994.337
842.132
865.469
842.102
835.795
842.161
867.892
863.259
887.95
851.574
842.151
841.77
842.058
842.444
842.117
842.136
840.002
842.348
837.762
842.57
847.073
842.452
842.256
844.324
842.145
842.177
842.15
842.291
842.143
842.072
851.464
842.134
855.036
835.129
842.085
842.146
842.124
842.74
843.657
842.128
842.134
842.239
842.172
980.209
982.442
982.803
984.494
982.558
980.594
939.739
883.433
855.666
845.913
843.181
842.413
842.253
859.882
57952.7
49394.3
33037.6
18303.7
10841.5
8638.6
7090.43
6127.07
5640.64
5120.2
5287.39
5059.4
4527.52
3711.36
5668.01
4953.08
9000.93
6257.76
9511.77
6557.97
4534.78
2736.82
1617.38
1118.99
843.213
1003.87
742.795
987.84
876.623
791.243
1009.68
1643.3
1234.85
1024.42
1074.12
1009.78
974.833
991.631
891.708
1276.98
842.151
842.128
842.128
842.128
842.132
845.186
845.949
845.906
845.654
845.474
845.374
845.282
845.198
845.146
844.979
844.788
845.026
845.022
844.652
844.084
844.172
844.727
844.814
845.029
845.266
844.429
843.303
845.127
858.47
901.232
963.486
957.388
54376
842.151
844.616
964.85
981.672
965.205
984.314
983.28
968.387
966.521
983.532
922.543
907.073
33898.5
894.388
866.47
849.333
844.156
842.67
842.281
842.897
2307.3
842.24
20040.6
11529.1
8856.74
7514.76
6188.88
5704.47
5329.37
5074.54
5163.57
4708.35
4143.16
3569.75
10336.6
7894.24
5188.49
3452.56
2076.76
1417.84
886.609
822.092
782.927
738.302
856.108
818.102
862.14
900.112
868.67
1061.76
1029.61
952.942
1018.31
1046.89
876.676
1029.91
842.519
909.049
842.128
842.128
842.128
967.752
842.168
844.964
845.799
844.939
845.8
845.545
845.42
845.326
845.238
845.171
845.104
844.812
844.917
845.068
844.877
844.373
843.973
844.504
844.801
844.867
845.231
845.008
843.684
843.664
849.17
875.719
932.202
18010.8
842.141
966.776
874.388
852.203
844.901
842.891
842.335
842.223
905.7
10543.6
8078.68
3928.47
2199.83
1476.78
989.304
781.406
899.519
704.307
1173.64
810.015
833.36
980.924
1657.11
1028.23
986.388
962.119
951.345
977.297
877.465
844.629
883.564
842.128
842.128
844.957
844.717
844.579
844.485
844.397
844.323
844.28
844.104
844.197
844.457
844.427
844.063
843.543
843.78
844.077
844.127
844.457
844.497
843.518
843.169
846.536
865.926
916.766
1048.18
1022.18
998.241
1030.98
954.043
987.411
1204.84
929.2
1291.96
842.128
842.128
842.128
844.531
844.44
844.356
844.301
844.221
844.053
844.358
844.485
844.28
843.78
843.552
843.985
844.092
844.246
844.599
844.124
843.04
844.031
852.834
887.651
969.397
842.331
843.595
847.366
860.582
888.644
791.11
780.09
845.691
726.615
876.46
846.253
1249.81
1988.12
2625.17
4660.67
7035.36
8888.38
5862.06
842.128
844.637
844.831
948.544
842.912
872.18
851.366
920.782
11051.1
845.252
844.663
859.232
865.589
855.047
842.819
846.958
845.689
842.315
842.128
842.246
842.686
10733.9
873.798
843.447
843.991
843.099
7711.21
842.147
842.232
842.268
842.236
892.241
906.462
881.834
2483.53
842.128
3438.24
3093.45
3988.54
3607.62
3622.05
1610.82
2935.45
3007.02
2670.52
1042.27
2121.33
2987.48
1614.92
842.664
1325.24
1334.52
1124.72
789.094
925.258
880.821
763.479
845.153
823.818
807.448
865.313
780.246
750.154
735.59
861.451
836.995
677.271
709.689
715.514
769.745
763.193
896.93
702.793
923.385
932.516
811.866
784.838
796.008
857.332
875.005
1081.84
893.291
849.326
842.128
842.128
842.128
842.485
842.389
843.371
842.171
842.21
842.128
842.128
842.128
842.128
842.191
842.155
945.791
930.763
842.175
842.169
842.16
842.145
842.153
842.152
842.152
842.152
842.153
842.159
842.16
842.126
842.184
842.122
842.141
842.057
842.14
842.167
842.161
842.19
843.136
851.893
886.678
956.036
845.778
789.842
949.902
9958.42
955.66
2965.53
4430.15
5249.96
5374.31
5270.2
4962
4169.15
3792.89
3674.34
3755.98
3972.44
3591.48
3346.42
842.193
842.156
938.135
842.15
931.873
842.213
950.389
1112.95
936.786
1449.23
1174.16
952.528
940.121
936.468
3296.37
842.325
865.507
856.797
812.648
848.973
842.631
1402.78
775.466
971.486
917.015
842.244
842.128
842.128
851.312
1574.14
842.149
898.121
727.358
4260.79
789.216
900.654
809.122
797.155
934.463
840.082
1046.24
860.003
914.522
890.859
843.981
842.188
842.215
842.243
951.661
842.128
934.915
842.155
842.154
842.152
842.151
842.152
842.152
842.155
842.16
842.157
842.122
842.114
842.162
842.05
842.111
842.158
842.167
842.157
842.38
845.573
864.991
939.705
842.058
5509.62
5691.25
6929.71
5907.68
2494.5
948.586
933.715
7822.13
4929.81
4432.26
4111.41
842.636
857.452
844.027
842.247
842.147
842.156
842.131
842.128
842.1
842.143
842.14
842.113
842.148
842.149
842.145
842.144
842.143
842.142
843.045
888.85
848.053
842.159
880.744
842.152
842.153
874.949
842.111
842.063
842.134
842.122
842.155
842.136
842.15
842.148
842.144
871.757
929.051
789.616
754.625
854.342
873.179
822.252
917.17
983.174
842.172
842.143
842.143
842.143
842.143
842.144
842.143
848.858
842.126
876.212
849.091
872.53
845.103
3796.22
920.006
898.717
748.404
842.34
842.132
842.128
3186.73
842.128
842.532
880.702
842.128
842.543
833.178
5354.25
784.591
847.872
846.377
3602.86
3769.41
3609.94
887.781
805.523
754.782
815.598
817.317
919.066
877.65
902.54
1235.52
1640.63
1249.81
758.651
734.339
842.129
847.813
934.379
784.691
844.486
1158.72
1143.09
915.557
897.479
904.524
849.452
843.828
978.403
6595.55
847.182
842.886
856.132
842.128
842.128
1252.74
1009.34
842.129
842.128
842.128
842.128
842.128
842.128
842.128
842.128
842.182
842.131
842.128
842.128
842.128
842.324
842.455
842.163
842.128
842.125
842.102
841.823
841.826
842.679
841.411
842.447
873.081
885.441
842.069
842.116
842.124
1005.46
885.355
856.747
851.417
864.119
842.229
842.146
842.172
843.933
845.396
842.028
842.039
842.13
842.129
842.128
842.128
1270.84
1957.78
1996.56
5958.41
842.128
842.128
919.133
900.921
819.529
857.848
2851.37
2819.79
842.598
843.07
3768.08
4123.96
921.526
815.431
858.276
850.39
758.251
877.246
1180.25
869.166
851.743
883.565
921.816
907.101
924.048
909.669
842.129
3757.21
1042.4
862.521
877.204
889.485
869.809
842.351
784.303
842.934
842.717
843.656
844.295
843.269
845.91
765.935
842.426
2861.07
2662.67
785.534
779.384
853.131
857.709
850.271
842.208
842.222
1045.83
5038.08
4638.39
850.855
1555.54
2643.54
1629.96
995.184
913.404
1120.61
1148.67
1049.52
5645.87
826.865
3021.75
816.095
798.966
966.203
923.493
908.702
842.128
842.128
832.941
842.284
842.241
724.857
842.128
842.127
842.127
6045.75
843.452
1022.08
1528.51
855.773
842.128
842.128
842.128
842.128
872.819
850.055
834.705
842.128
842.13
842.128
842.128
842.128
842.125
842.12
841.741
842.728
841.806
842.218
841.647
3848.27
842.176
842.111
842.087
842.118
842.128
842.135
1462.72
4245.96
842.047
841.776
842.128
842.128
842.128
842.312
841.631
841.783
842.121
842.188
841.456
842.607
842.465
842.128
842.128
842.128
842.128
842.128
842.106
841.953
842.336
842.017
841.955
841.754
842.128
856.369
795.349
833.999
842.193
759.952
920.424
815.787
801.95
842.128
2299.46
838.857
827.632
799.696
841.339
842.632
845.362
1246.45
842.147
841.019
2171.71
811.87
842.136
822.964
813.009
849.425
2750.16
912.807
842.351
3559.08
842.128
797.205
887.529
847.65
821.346
842.128
842.128
842.128
842.128
842.128
1174.22
842.312
839.614
826.869
842.127
842.128
842.128
842.244
842.188
3175.83
3160.39
811.474
842.128
842.128
842.128
842.128
843.151
841.348
842.075
2302.57
841.081
840.89
842.115
844.435
843.453
844.642
839.755
838.926
3240.01
842.398
842.352
842.234
842.162
842.209
845.124
842.159
842.269
842.128
842.128
894.998
842.128
842.128
840.558
3478.46
839.059
924.143
842.101
842.081
3237.29
821.614
817.089
828.535
2416.43
842.945
843.726
874.829
945.6
950.19
821.19
818.716
820.904
810.11
972.574
985.389
842.128
842.128
1814.97
1332.03
1808.15
842.207
842.177
844.22
842.981
2273.61
1783.35
847.751
852.03
896.211
842.128
842.128
842.128
2411.63
864.908
842.217
2177.03
881.949
894.816
873.331
837.659
3008.61
842.104
3322.28
850.337
843.667
1153.65
842.345
842.225
770.865
848.508
846.725
816.29
842.137
844.438
854.543
859.52
851.391
843.732
1194.98
872.261
846.009
842.147
842.524
842.213
842.163
816.12
825.676
847.388
842.157
842.128
2892.76
962.812
842.128
2991.33
1055.48
1040.4
828.715
842.144
842.127
815.9
892.198
850.676
842.76
842.319
843.94
842.128
842.128
842.128
1040.79
907.505
882.905
842.128
842.128
842.124
842.128
842.129
842.128
841.884
842.197
843.438
841.644
839.718
839.744
843.845
843.056
842.128
841.263
841.967
842.41
842.128
841.287
847.345
850.923
840.396
3204.14
842.574
842.445
947.973
842.289
842.245
879.23
842.128
842.128
842.128
842.124
842.136
882.589
842.119
843.142
844.416
884.242
926.349
842.59
841.871
842.075
845.597
843.607
1611.58
860.206
875.58
856.426
1956.88
2300.97
1621.72
842.964
843.284
842.757
849.54
842.128
842.055
1089.17
842.129
842.166
847.456
845.715
824.117
842.408
835.345
846.314
843.705
836.958
842.128
2752.84
940.123
892.153
2293.62
1609.4
2699.08
1725.95
842.128
831.93
835.305
872.087
833.957
842.131
858.105
842.526
871.075
837.144
843.205
842.031
842.128
834.161
853.708
842.109
2700.39
2204.43
2241.02
1759.85
849.756
863.932
842.128
842.128
842.128
842.128
842.128
851.213
841.969
836.752
841.335
843.742
842.128
840.072
841.474
837.789
842.341
842.081
842.031
848.046
843.568
2607.82
2480.25
2526.67
838.735
835.469
842.128
842.128
840.596
841.845
841.569
841.765
2379.93
2249.13
842.255
842.151
856.566
835.34
842.214
842.314
862.025
842.135
842.129
842.128
842.128
842.128
842.128
844.476
832.444
845.461
844.023
840.885
841.229
842.195
842.183
872.179
816.911
810.157
812.575
819.95
843.92
870.546
842.128
842.128
839.729
839.759
839.818
830.182
842.124
842.032
855.728
850.374
1344.38
857.491
1529.57
1547.16
790.867
829.183
831.949
833.731
863.474
842.11
842.128
840.785
841.617
841.615
842.128
1143.17
842.128
860.733
842.894
841.871
854.751
829.534
838.371
845.393
844.387
842.128
842.356
854.771
874.31
864.57
865.941
947.989
844.416
843.206
845.886
829.936
842.892
909.349
842.133
831.033
842.128
842.173
842.154
841.723
842.245
865.046
851.385
854.885
842.128
842.128
842.128
842.128
842.128
842.128
842.128
842.128
842.213
841.935
842.128
842.128
842.128
859.331
842.164
842.958
843.779
850.467
842.13
863.963
891.283
842.399
842.177
842.191
966.41
833.529
1195.29
842.128
843.673
844.103
842.13
847.931
845.257
851.619
842.128
859.678
840.917
842.129
842.312
842.255
950.663
955.333
816.178
850.25
848.82
851.545
846.917
837.705
841.366
822.967
835.336
842.448
846.707
926.306
842.214
842.129
857.634
842.128
848.899
842.515
864.823
843.124
876.322
864.586
863.637
865.225
833.62
842.193
842.179
842.266
842.861
842.184
853.452
855.786
1136.77
842.229
842.253
842.192
842.128
830.865
841.151
823.749
842.148
838.599
850.698
842.809
842.128
893.195
842.248
865.905
842.128
842.128
842.128
842.15
843.43
844.434
823.789
842.128
841.974
841.934
842.268
830.897
828.193
842.628
813.252
842.242
839.154
840.123
842.128
838.095
831.476
848.877
877.716
842.299
842.494
838.655
842.128
835.966
1866.31
842.128
842.128
845.718
833.335
840.601
845.925
836.284
791.27
851.663
840.045
842.128
842.703
833.308
849.611
835.433
842.385
842.436
842.128
994.104
840.281
1450.9
1433.94
851.443
842.576
840.392
839.532
851.48
843.607
843.113
841.46
842.212
843.486
843.642
847.458
859.781
870.291
857.132
842.218
1989.06
842.296
1534.03
1591.18
1190.97
1119.93
844.961
2111.72
842.205
842.535
842.336
842.806
845.288
844.298
847.777
847.813
842.197
846.225
1974.24
2026.97
842.17
842.171
849.552
841.305
842.331
842.128
973.498
839.873
842.396
842.128
843.215
842.695
844.355
842.128
842.686
1766.21
842.416
979.72
1631.98
842.252
1636.38
842.264
1341.52
1303.76
846.241
838.033
842.182
842.835
842.58
1553.16
1121.67
842.239
838.461
842.313
850.208
858.918
842.179
830.779
843.184
843.19
842.254
842.451
857.124
842.209
842.2
840.523
842.307
842.248
842.407
846.868
841.91
842.189
842.213
842.183
848.395
838.153
840.364
842.172
842.177
1195.25
1244.43
837.575
1001.38
836.833
1249.84
843.888
844.949
843.271
842.798
836.255
835.724
842.399
842.179
994.568
959.716
997.039
848.032
839.992
843.546
842.471
842.257
842.16
842.166
842.158
842.238
842.546
843.006
842.347
841.748
842.385
842.161
842.422
842.158
853.483
862.013
1113.97
840.186
842.403
842.561
842.364
843.769
842.199
842.254
842.303
842.199
842.42
842.356
842.238
842.17
842.642
842.16
838.232
842.27
842.387
843.29
842.169
842.16
842.19
842.253
842.215
859.05
849.474
842.452
842.672
844.609
970.294
842.207
841.19
842.493
842.191
842.165
842.181
842.167
842.167
842.067
842.209
842.03
842.275
844.973
846.573
866.045
842.667
842.867
858.808
848.117
860.18
843.248
941.48
842.33
842.22
842.381
842.175
842.665
842.44
842.771
844.771
)
;

boundaryField
{
    bullet
    {
        type            kqRWallFunction;
        value           nonuniform List<scalar> 
30
(
7612.33
11380.2
13140.1
10402.6
8160.63
6190.41
5507.99
4651.58
4298.48
3425.9
2814.95
3053.27
3033.58
3718.67
5410.12
4448.71
1663
2650.64
2402.75
2640.85
2727.57
3159.16
3608.89
4483.84
5673.62
6975.98
8844.97
10712.3
8041.84
8387.43
)
;
    }
    topWall
    {
        type            inletOutlet;
        inletValue      uniform 1000;
        value           nonuniform List<scalar> 
50
(
963.338
930.122
902.572
882.647
1000
1000
1000
1000
1000
1000
1000
1000
1000
1000
1000
1000
1000
1000
1000
1000
1000
1000
1000
1000
1000
1000
909.023
910.003
913.844
918.153
924.008
934.117
946.357
960.196
980.975
1000
1000
1000
1000
1000
1000
1000
1000
1000
1000
1000
1000
1000
1000
1000
)
;
    }
    bottomWall
    {
        type            inletOutlet;
        inletValue      uniform 1000;
        value           nonuniform List<scalar> 
50
(
908.611
915.877
922.994
929.666
937.594
947.46
960.748
984.022
1000
1000
1000
1000
1000
1000
1000
1000
1000
1000
1000
1000
1000
1000
1000
1000
1000
963.209
930.464
904.599
888.82
883.184
882.183
883.275
885.18
889.866
899.593
906.738
906.806
1000
1000
1000
1000
1000
936.569
952.503
1000
1000
890.161
890.746
894.556
901.048
)
;
    }
    inlet
    {
        type            fixedValue;
        value           uniform 1000;
    }
    outlet
    {
        type            inletOutlet;
        inletValue      uniform 1000;
        value           nonuniform List<scalar> 
30
(
842.151
842.128
842.128
842.128
842.128
842.128
842.128
842.132
842.168
845.186
990.334
974.09
960.715
950.025
941.87
990.354
974.151
960.815
950.161
942.037
844.665
842.548
842.136
842.128
842.128
842.128
842.128
842.128
842.233
997.441
)
;
    }
    defaultFaces
    {
        type            empty;
    }
}


// ************************************************************************* //
