/*--------------------------------*- C++ -*----------------------------------*\
  =========                 |
  \\      /  F ield         | OpenFOAM: The Open Source CFD Toolbox
   \\    /   O peration     | Website:  https://openfoam.org
    \\  /    A nd           | Version:  6
     \\/     M anipulation  |
\*---------------------------------------------------------------------------*/
FoamFile
{
    version     2.0;
    format      ascii;
    class       volScalarField;
    location    "0.0007";
    object      nut;
}
// * * * * * * * * * * * * * * * * * * * * * * * * * * * * * * * * * * * * * //

dimensions      [0 2 -1 0 0 0 0];

internalField   nonuniform List<scalar> 
3704
(
0.337129
0.336116
0.335406
0.335099
0.335136
0.335299
0.335486
0.335724
0.335989
0.336282
0.336381
0.336182
0.340636
0.339697
0.339292
0.339135
0.339069
0.336166
0.336902
0.33947
0.339945
0.335594
0.33573
0.335974
0.336262
0.336545
0.336796
0.337038
0.337279
0.337559
0.337811
0.338029
0.338734
0.339083
0.339066
0.339049
0.339034
0.339022
0.339012
0.339004
0.338996
0.338989
0.338982
0.338974
0.338965
0.338956
0.33895
0.33895
0.338934
0.338963
0.337134
0.336119
0.335403
0.335091
0.335125
0.335287
0.335476
0.335713
0.335979
0.336279
0.33638
0.336176
0.339399
0.340481
0.340481
0.340388
0.340329
0.337676
0.338929
0.340559
0.336948
0.335563
0.335709
0.335953
0.336245
0.33654
0.336812
0.337094
0.337401
0.337814
0.338267
0.338835
0.34013
0.340259
0.340207
0.340155
0.340109
0.340072
0.340041
0.340015
0.339992
0.33997
0.339949
0.339926
0.339899
0.33987
0.339853
0.339854
0.339804
0.339891
0.337145
0.336125
0.335396
0.335075
0.335104
0.335263
0.335453
0.335688
0.33595
0.336261
0.336363
0.336153
0.337113
0.339015
0.339987
0.340487
0.340764
0.339075
0.339954
0.339638
0.335934
0.33551
0.335666
0.335909
0.336206
0.336516
0.336819
0.337162
0.337572
0.338194
0.338951
0.339924
0.34107
0.34112
0.341036
0.340949
0.340875
0.340815
0.340765
0.340722
0.340686
0.340651
0.340616
0.340579
0.340536
0.340491
0.340465
0.340466
0.340385
0.340529
0.337159
0.336133
0.335386
0.335051
0.335071
0.335223
0.33541
0.335639
0.335895
0.336209
0.336309
0.336095
0.336018
0.337173
0.338508
0.339568
0.340288
0.339526
0.339573
0.337958
0.335586
0.335439
0.335599
0.335836
0.336132
0.336452
0.336779
0.337175
0.337679
0.338493
0.339519
0.340728
0.341548
0.341563
0.341454
0.341343
0.341247
0.34117
0.341107
0.341052
0.341006
0.340962
0.340918
0.34087
0.340814
0.340756
0.340724
0.340729
0.340618
0.340821
0.337173
0.336139
0.335374
0.335023
0.335027
0.335166
0.335343
0.33556
0.335802
0.336104
0.336196
0.335987
0.335644
0.336113
0.337325
0.338591
0.339561
0.339305
0.338813
0.336819
0.335385
0.33535
0.335508
0.335733
0.336017
0.336328
0.336655
0.337067
0.337609
0.338511
0.339658
0.340914
0.341519
0.341512
0.341391
0.341269
0.341164
0.34108
0.341011
0.340951
0.340901
0.340852
0.340804
0.340751
0.340688
0.340622
0.34059
0.340601
0.340465
0.340724
0.0147555
0.00911902
0.0116468
0.0109975
0.0114515
0.0117618
0.0125789
0.0135295
0.0150144
0.0169161
0.0187348
0.0210928
0.0231733
0.0201415
0.0176505
0.0230784
0.0124257
0.0165611
0.0267113
0.0408271
0.0412107
0.0356808
0.0349509
0.0462302
0.0732347
0.0864026
0.122804
0.149571
0.177878
0.157945
0.0326319
0.0165
0.0263606
0.0381161
0.0664963
0.064938
0.0562188
0.059332
0.0734998
0.101799
0.12901
0.169119
0.211308
0.295902
0.29143
0.0439658
0.0223329
0.0301191
0.0371184
0.0674564
0.073286
0.0691405
0.0764707
0.0921293
0.118272
0.149192
0.17737
0.223889
0.371588
0.392248
0.0498787
0.0276779
0.0328653
0.0392957
0.0691432
0.0780647
0.0772909
0.0860096
0.10129
0.127249
0.148305
0.17106
0.217562
0.416807
0.468097
0.0167972
0.0239733
0.0257735
0.0229395
0.020311
0.017591
0.0165546
0.0152259
0.0147967
0.0131466
0.0119834
0.0124097
0.0122801
0.0135925
0.0163421
0.139159
0.173841
0.170977
0.131814
0.0799854
0.0691167
0.0600092
0.0365929
0.0238529
0.0231015
0.026636
0.0278019
0.0218357
0.0550278
0.0639337
0.272021
0.283702
0.245547
0.184972
0.138011
0.0997259
0.0918601
0.0533496
0.0362951
0.0356853
0.040169
0.0343476
0.0260208
0.0690276
0.0724277
0.380306
0.34387
0.261685
0.194286
0.160391
0.123261
0.105394
0.0678447
0.0487814
0.046178
0.0479645
0.0428457
0.0295198
0.0676203
0.0714188
0.463691
0.372146
0.256462
0.186123
0.159618
0.134799
0.113866
0.0778323
0.0597303
0.054277
0.0552727
0.0497626
0.0336657
0.0698298
0.0672445
0.338964
0.338937
0.338948
0.338944
0.33895
0.338961
0.33897
0.338978
0.338986
0.338993
0.339
0.339009
0.339018
0.339029
0.339041
0.338497
0.338032
0.337959
0.337817
0.33753
0.33717
0.336826
0.336518
0.336378
0.340035
0.339241
0.339082
0.339088
0.339154
0.339211
0.339224
0.339211
0.339199
0.339189
0.339169
0.339131
0.339085
0.339054
0.339053
0.339071
0.33909
0.339099
0.339129
0.339267
0.339675
0.33881
0.33468
0.335187
0.336035
0.337149
0.339894
0.339813
0.339846
0.339835
0.339853
0.339885
0.339913
0.339937
0.339959
0.339981
0.340005
0.340031
0.34006
0.340092
0.340124
0.339852
0.338797
0.338448
0.338148
0.337739
0.337277
0.336869
0.336536
0.3365
0.340472
0.340513
0.340387
0.340503
0.340704
0.340821
0.340798
0.340729
0.34069
0.340671
0.34062
0.34051
0.340366
0.340273
0.340293
0.340402
0.340548
0.340644
0.340666
0.340756
0.340674
0.335278
0.334676
0.335186
0.336037
0.337154
0.340535
0.340399
0.340454
0.340435
0.340462
0.340513
0.34056
0.340597
0.340632
0.340667
0.340706
0.340748
0.340795
0.340847
0.340902
0.340829
0.339845
0.339184
0.338648
0.338049
0.337428
0.33692
0.336539
0.33641
0.338785
0.34044
0.34108
0.341626
0.342057
0.342218
0.342116
0.34197
0.341904
0.341887
0.341817
0.34164
0.341399
0.341237
0.341268
0.341449
0.341677
0.341703
0.341326
0.340669
0.339252
0.334541
0.334669
0.335183
0.336041
0.337165
0.34083
0.340638
0.340716
0.340686
0.340719
0.340785
0.340845
0.340894
0.340938
0.340983
0.341031
0.341084
0.341144
0.341212
0.341283
0.341289
0.34063
0.339799
0.33906
0.338288
0.337521
0.336923
0.336499
0.336259
0.337253
0.339411
0.341011
0.342181
0.342904
0.34312
0.342944
0.342729
0.342642
0.34263
0.342549
0.342322
0.342001
0.341774
0.341791
0.341981
0.342166
0.34192
0.340889
0.339312
0.3371
0.334444
0.334659
0.33518
0.336046
0.337178
0.340737
0.340492
0.340588
0.340546
0.340581
0.340657
0.340725
0.340779
0.340828
0.340876
0.340929
0.340986
0.341052
0.341125
0.341204
0.341242
0.340814
0.339961
0.339135
0.338287
0.337457
0.336825
0.336389
0.336103
0.33648
0.33844
0.340558
0.342143
0.343055
0.343306
0.343088
0.342836
0.34274
0.342731
0.342646
0.342396
0.342038
0.341777
0.341777
0.341946
0.342054
0.341572
0.340099
0.338047
0.335785
0.334419
0.334648
0.335177
0.336051
0.337192
0.337704
0.337807
0.33779
0.337813
0.337785
0.337676
0.336245
0.334575
0.33433
0.334322
0.334402
0.334505
0.334413
0.334341
0.334315
0.334352
0.334343
0.334338
0.334404
0.334485
0.334524
0.33452
0.334504
0.334529
0.334544
0.334554
0.334563
0.334583
0.334629
0.334645
0.334362
0.333861
0.333747
0.333747
0.333747
0.340472
0.388365
0.323535
0.412826
0.314713
0.306765
0.329648
0.318809
0.307714
0.307136
0.331518
0.414398
0.305613
0.307625
0.32329
0.324761
0.278143
0.157717
0.110986
0.0826485
0.094566
0.0723201
0.0767177
0.0583857
0.0481167
0.0519556
0.334053
0.0347532
0.0423846
0.0696718
0.0926758
0.0953571
0.0980367
0.113009
0.12677
0.132434
0.155742
0.202002
0.450738
0.674682
0.663894
0.327539
0.33376
0.333755
0.333773
0.333826
0.333995
0.334593
0.33631
0.336878
0.334156
0.436509
0.67207
0.337274
0.337772
0.337255
0.337805
0.337286
0.337308
0.337807
0.337805
0.335184
0.334367
0.334324
0.334336
0.334476
0.334472
0.33437
0.334316
0.334335
0.33435
0.334335
0.334364
0.334446
0.33451
0.334526
0.334503
0.334519
0.334538
0.33455
0.334558
0.334571
0.334603
0.334649
0.334246
0.334736
0.333749
0.333747
0.333747
0.334276
0.33376
0.343368
0.327648
0.436327
0.332457
0.303002
0.303198
0.301578
0.301899
0.321778
0.397835
0.31021
0.317322
0.320417
0.341721
0.33974
0.312305
0.328289
0.302313
0.239267
0.144595
0.0926043
0.100528
0.0868909
0.0810376
0.0718197
0.0587796
0.03438
0.034414
0.0401195
0.0868212
0.0957851
0.0974401
0.108268
0.122493
0.127382
0.1323
0.157389
0.206447
0.0783087
0.333933
0.333752
0.333753
0.333761
0.333766
0.333793
0.333885
0.334202
0.335253
0.336908
0.337284
0.337311
0.337284
0.334386
0.334255
0.334239
0.334328
0.334398
0.334311
0.334243
0.334241
0.334277
0.334256
0.334246
0.334299
0.33435
0.334351
0.33432
0.33432
0.334344
0.334358
0.334368
0.334379
0.334403
0.334448
0.334478
0.333747
0.333747
0.333748
0.323553
0.343746
0.306481
0.304919
0.326315
0.399534
0.3081
0.303958
0.317895
0.36284
0.334982
0.319286
0.358073
0.315765
0.274019
0.171317
0.088286
0.0923233
0.0994166
0.0776164
0.0631384
0.334286
0.235086
0.333579
0.333751
0.333758
0.333782
0.333851
0.334084
0.334882
0.334386
0.334359
0.334278
0.334221
0.334263
0.334269
0.334243
0.334268
0.334329
0.334358
0.334339
0.334309
0.334334
0.334352
0.334364
0.334372
0.334388
0.334425
0.334453
0.333747
0.333747
0.333747
0.319769
0.318841
0.327229
0.319414
0.317898
0.382022
0.319044
0.304121
0.308591
0.326885
0.292094
0.206215
0.120916
0.0780535
0.09637
0.0765498
0.0764231
0.0574812
0.334796
0.334259
0.335648
0.333757
0.305857
0.303486
0.34967
0.335737
0.334371
0.333933
0.333762
0.270684
0.333807
0.336692
0.336641
0.33681
0.336783
0.334209
0.33376
0.334271
0.333763
0.333836
0.355111
0.333767
0.33376
0.333747
0.333763
0.333762
0.333741
0.333767
0.333743
0.333711
0.333777
0.333759
0.333758
0.333758
0.333757
0.333757
0.333758
0.333758
0.333758
0.333759
0.333766
0.333765
0.333747
0.333747
0.333747
0.333785
0.333802
0.33377
0.353379
0.334187
0.333747
0.333794
0.337641
0.333952
0.334051
0.333879
0.145782
0.335698
0.359984
0.349746
0.354968
0.364371
0.35224
0.364993
0.314107
0.310649
0.31545
0.304723
0.305711
0.314828
0.314186
0.33192
0.316542
0.322957
0.246038
0.0891573
0.0924384
0.0965659
0.0846886
0.0883208
0.0685492
0.0407218
0.334741
0.334429
0.0705543
0.0467526
0.132612
0.0550815
0.0563111
0.0670702
0.333753
0.333844
0.333806
0.333751
0.333752
0.321032
0.332934
0.33378
0.333791
0.333766
0.333772
0.334065
0.333767
0.333758
0.334834
0.333926
0.333987
0.333763
0.333759
0.334332
0.334555
0.336847
0.0992124
0.115786
0.127114
0.141822
0.161056
0.129148
0.0848289
0.130636
0.0698148
0.113299
0.336106
0.343616
0.33674
0.336291
0.336184
0.346676
0.356491
0.336249
0.333784
0.340757
0.0480516
0.0578706
0.0460273
0.33627
0.333699
0.33371
0.336769
0.336307
0.133665
0.364833
0.333774
0.333839
0.333758
0.333763
0.337002
0.356627
0.33418
0.335674
0.333763
0.333758
0.333728
0.333726
0.333817
0.333751
0.333776
0.333759
0.333758
0.333757
0.333757
0.333757
0.333757
0.333758
0.333758
0.333761
0.33377
0.333763
0.333792
0.0652792
0.333715
0.333747
0.333747
0.333747
0.333748
0.333747
0.333759
0.333747
0.333756
0.33523
0.348666
0.31791
0.314125
0.318448
0.309755
0.337603
0.305124
0.303456
0.30354
0.310611
0.304529
0.329728
0.327002
0.317185
0.284197
0.296888
0.144216
0.083557
0.0963288
0.0989255
0.0893437
0.0806106
0.333754
0.333753
0.0911648
0.336633
0.335159
0.333881
0.356325
0.333759
0.336738
0.336229
0.336278
0.333761
0.333779
0.333757
0.33385
0.336152
0.333884
0.122321
0.112549
0.137467
0.161291
0.233361
0.0789866
0.090869
0.333757
0.0865546
0.0935159
0.0871723
0.333763
0.105142
0.333825
0.333755
0.0902365
0.0963599
0.0963264
0.0841526
0.202627
0.316485
0.339296
0.374151
0.337074
0.311442
0.315567
0.333756
0.300662
0.311745
0.304185
0.333759
0.33376
0.333755
0.333754
0.333754
0.333754
0.333753
0.333753
0.333754
0.333754
0.333755
0.333753
0.333754
0.333754
0.333754
0.333754
0.333755
0.333724
0.333748
0.333758
0.333752
0.333755
0.333759
0.316842
0.304755
0.306805
0.313747
0.310157
0.302806
0.346014
0.306588
0.316816
0.315909
0.113634
0.0798655
0.351736
0.341887
0.33339
0.333764
0.333746
0.333755
0.335084
0.335648
0.333747
0.333708
0.333472
0.333485
0.33356
0.333748
0.333754
0.337641
0.333747
0.333844
0.333922
0.333888
0.333747
0.333747
0.333747
0.333747
0.333747
0.0983961
0.333747
0.333748
0.333748
0.333747
0.333747
0.333747
0.333747
0.333747
0.333747
0.347658
0.273142
0.333747
0.106905
0.333747
0.333747
0.059847
0.333733
0.333717
0.333749
0.333747
0.333781
0.334303
0.333939
0.333251
0.333452
0.335076
0.347556
0.333747
0.333747
0.333747
0.33375
0.333748
0.360242
0.352076
0.334633
0.33411
0.34812
0.163631
0.343474
0.355741
0.358552
0.337599
0.336972
0.333747
0.333747
0.325453
0.32442
0.31616
0.33336
0.327801
0.317673
0.313367
0.0827649
0.259801
0.219085
0.333747
0.333747
0.104296
0.0875225
0.0981268
0.333747
0.333747
0.334405
0.35069
0.336991
0.334125
0.063123
0.333403
0.3337
0.335093
0.335695
0.334719
0.334193
0.333787
0.125117
0.333769
0.333776
0.333759
0.333763
0.334028
0.334311
0.333747
0.333746
0.33446
0.334268
0.334748
0.210863
0.130702
0.330197
0.333869
0.184077
0.11965
0.234223
0.333817
0.3338
0.33384
0.312879
0.299538
0.333824
0.333764
0.333821
0.333747
0.333747
0.333747
0.24028
0.259426
0.288662
0.225771
0.333958
0.333907
0.334028
0.333756
0.333751
0.333654
0.333663
0.0998787
0.0980222
0.104848
0.34592
0.344664
0.0919198
0.0895532
0.335817
0.27263
0.333747
0.333747
0.335735
0.280507
0.333747
0.333747
0.335828
0.335421
0.33537
0.333957
0.333743
0.333745
0.333844
0.333663
0.333747
0.334243
0.333751
0.326033
0.33376
0.333745
0.11454
0.333747
0.33375
0.333747
0.132522
0.322718
0.333791
0.33336
0.33374
0.347035
0.333747
0.333747
0.347676
0.344586
0.365108
0.341312
0.333757
0.351676
0.354817
0.334184
0.314182
0.342907
0.317155
0.344952
0.330967
0.328459
0.307415
0.323842
0.0773799
0.337541
0.0940683
0.0960727
0.0885748
0.333747
0.100293
0.334186
0.33404
0.0947121
0.0795037
0.0943936
0.33376
0.333771
0.333753
0.0689254
0.0700118
0.0771849
0.128684
0.333842
0.333869
0.19758
0.333747
0.15762
0.251725
0.168949
0.33375
0.333868
0.333821
0.333747
0.333747
0.333747
0.0870029
0.312714
0.319355
0.33228
0.124471
0.333747
0.33395
0.333747
0.333747
0.336499
0.333747
0.354199
0.340547
0.366245
0.322013
0.32847
0.333769
0.333747
0.333747
0.333762
0.333749
0.351082
0.334353
0.35978
0.335284
0.33375
0.334823
0.333734
0.333747
0.333747
0.333879
0.341339
0.331268
0.331602
0.333536
0.32324
0.325904
0.323429
0.333759
0.333752
0.331414
0.332273
0.334281
0.333898
0.333747
0.33375
0.33375
0.333747
0.333747
0.130553
0.333747
0.243919
0.335364
0.333746
0.155401
0.378121
0.352654
0.333832
0.333378
0.333747
0.333747
0.336086
0.334633
0.340626
0.393024
0.329148
0.317005
0.136234
0.33357
0.333788
0.186239
0.221945
0.175989
0.334247
0.334315
0.332559
0.332812
0.333751
0.333751
0.0830193
0.318189
0.330691
0.333747
0.333746
0.333768
0.333747
0.333747
0.332703
0.320536
0.340214
0.334697
0.3223
0.333747
0.333054
0.332789
0.157657
0.354415
0.338179
0.333774
0.333761
0.33578
0.335348
0.335389
0.332949
0.333031
0.33376
0.333755
0.333752
0.333743
0.333738
0.333155
0.329353
0.333747
0.333747
0.185898
0.333892
0.333373
0.333748
0.333748
0.333784
0.333636
0.333747
0.333747
0.333798
0.333778
0.0886803
0.294986
0.320384
0.312166
0.324573
0.333921
0.333792
0.324162
0.318796
0.333666
0.33359
0.333748
0.333747
0.0934018
0.333769
0.334174
0.33375
0.334274
0.125026
0.333756
0.328936
0.333747
0.335958
0.333747
0.334054
0.126672
0.333749
0.283938
0.331828
0.333771
0.333352
0.333747
0.355997
0.321567
0.315813
0.333747
0.366576
0.335018
0.0892955
0.333752
0.33376
0.154303
0.333745
0.333874
0.334271
0.333752
0.335734
0.333747
0.333761
0.336929
0.132194
0.082929
0.333716
0.322137
0.333747
0.326551
0.319163
0.333747
0.320159
0.335494
0.331851
0.32875
0.188565
0.287242
0.333747
0.135051
0.331783
0.333935
0.334198
0.333747
0.112197
0.333753
0.33375
0.334978
0.334694
0.333764
0.333771
0.333747
0.333747
0.333747
0.333719
0.334576
0.334346
0.334904
0.333975
0.333913
0.334054
0.333747
0.186057
0.333749
0.333747
0.333748
0.333822
0.33379
0.185482
0.137498
0.131081
0.148484
0.33382
0.333841
0.310308
0.333747
0.333747
0.333747
0.335109
0.154619
0.333994
0.33564
0.333672
0.135976
0.333779
0.333791
0.334951
0.334641
0.334666
0.333749
0.330263
0.333754
0.331386
0.333744
0.333759
0.331769
0.340369
0.28692
0.334719
0.334095
0.33185
0.331448
0.32322
0.334058
0.332007
0.33451
0.321589
0.31903
0.12509
0.318182
0.315663
0.335136
0.0955751
0.33375
0.333749
0.333751
0.333747
0.333747
0.333756
0.333463
0.334279
0.314364
0.333751
0.214011
0.333747
0.134768
0.307716
0.334939
0.334947
0.333107
0.334661
0.333747
0.333747
0.334445
0.333258
0.333747
0.33382
0.333747
0.333747
0.332124
0.170668
0.0895157
0.0968895
0.0914143
0.337661
0.321119
0.321475
0.336548
0.332601
0.333902
0.337013
0.350759
0.341368
0.333744
0.148763
0.334789
0.334294
0.333747
0.335765
0.326312
0.322262
0.333647
0.333576
0.156703
0.333747
0.333747
0.333745
0.333747
0.3347
0.338118
0.356314
0.318258
0.333747
0.327923
0.329446
0.333747
0.333747
0.333747
0.333747
0.333747
0.333747
0.335136
0.334389
0.334653
0.34537
0.338386
0.320341
0.317655
0.333943
0.334046
0.333869
0.333713
0.333668
0.333747
0.333747
0.3315
0.332893
0.333751
0.333747
0.333746
0.333747
0.185075
0.334402
0.333744
0.333745
0.333751
0.333747
0.333747
0.333747
0.333747
0.333747
0.333747
0.336027
0.336124
0.353096
0.353553
0.332883
0.332898
0.330798
0.333746
0.333745
0.340236
0.331554
0.333804
0.333979
0.333772
0.33504
0.33145
0.333868
0.333909
0.334718
0.33376
0.384494
0.333847
0.333783
0.346997
0.333743
0.322709
0.33371
0.118694
0.341801
0.334744
0.333747
0.333845
0.333754
0.333747
0.333747
0.312636
0.317995
0.342324
0.209659
0.33162
0.329065
0.333747
0.14845
0.335615
0.257374
0.249712
0.339214
0.180144
0.333757
0.333762
0.333741
0.333738
0.155702
0.148284
0.337283
0.325304
0.333747
0.168389
0.141859
0.333747
0.108057
0.33375
0.333747
0.333747
0.333724
0.333747
0.33625
0.330407
0.302494
0.28293
0.104199
0.334475
0.148656
0.333747
0.333747
0.333793
0.333772
0.334208
0.334067
0.334388
0.334257
0.334405
0.334091
0.122909
0.130859
0.336235
0.333747
0.335054
0.333747
0.335333
0.333767
0.333775
0.333747
0.33678
0.336832
0.335
0.333857
0.333785
0.319346
0.333831
0.333756
0.333747
0.346679
0.333753
0.333812
0.324164
0.333747
0.330917
0.333747
0.33769
0.327819
0.333899
0.333821
0.3338
0.333818
0.318924
0.3317
0.322002
0.33373
0.333747
0.322175
0.333747
0.333786
0.333926
0.322795
0.150244
0.333752
0.328081
0.349277
0.359942
0.336285
0.333747
0.333747
0.332329
0.338435
0.333792
0.334905
0.332366
0.318114
0.333756
0.33396
0.333853
0.333747
0.314199
0.332504
0.333747
0.333273
0.332732
0.141975
0.333594
0.333426
0.333747
0.333764
0.333747
0.328827
0.333805
0.325312
0.138828
0.138582
0.333886
0.333828
0.333747
0.333747
0.332104
0.369523
0.334093
0.333746
0.341144
0.33375
0.194028
0.334418
0.333764
0.26908
0.333746
0.333504
0.333747
0.333747
0.337736
0.332418
0.334885
0.335523
0.140066
0.127065
0.329633
0.328667
0.330864
0.320983
0.333967
0.328062
0.333756
0.333753
0.344245
0.338076
0.33376
0.18792
0.261572
0.210558
0.300673
0.302522
0.331294
0.320814
0.27659
0.333774
0.333765
0.333781
0.333901
0.333986
0.32916
0.333979
0.333752
0.333704
0.333719
0.333668
0.333745
0.333749
0.333737
0.333747
0.142734
0.140349
0.334395
0.334218
0.334218
0.334813
0.33375
0.333771
0.33376
0.152257
0.146765
0.33375
0.333763
0.334042
0.33375
0.333785
0.333749
0.326437
0.326276
0.315763
0.333789
0.146191
0.330708
0.333776
0.333766
0.333762
0.145158
0.206484
0.333752
0.332926
0.140677
0.202773
0.13904
0.333884
0.320431
0.330276
0.14991
0.150543
0.33267
0.333794
0.333748
0.205811
0.334082
0.333768
0.333765
0.333758
0.333965
0.333748
0.333732
0.333749
0.348408
0.342248
0.331408
0.334368
0.333938
0.3334
0.333215
0.333752
0.333757
0.33375
0.333666
0.333748
0.333827
0.325598
0.310302
0.333749
0.333781
0.33377
0.151875
0.333752
0.330352
0.329779
0.333887
0.247476
0.242457
0.333723
0.330555
0.317895
0.333732
0.333569
0.333754
0.333751
0.333755
0.333749
0.333757
0.2521
0.251424
0.333752
0.333749
0.333748
0.333744
0.333769
0.329544
0.335658
0.334551
0.333417
0.333784
0.290652
0.333747
0.331995
0.333748
0.354495
0.286023
0.333744
0.307
0.333739
0.332248
0.333754
0.329381
0.338422
0.342153
0.335895
0.333751
0.333666
0.33373
0.333817
0.333744
0.333746
0.333269
0.333797
0.332768
0.333856
0.334941
0.333822
0.333776
0.334255
0.333748
0.333758
0.333751
0.333793
0.333749
0.333733
0.335807
0.333747
0.32893
0.331665
0.333128
0.333749
0.333745
0.33389
0.334115
0.333746
0.333747
0.333773
0.333757
0.337673
0.337774
0.337788
0.337852
0.337779
0.337704
0.33631
0.334599
0.333996
0.333825
0.333772
0.333755
0.33376
0.319462
0.697326
0.681218
0.380544
0.243208
0.167913
0.146515
0.130372
0.115764
0.0959325
0.0807541
0.0768981
0.0841809
0.0709463
0.0483111
0.066045
0.053616
0.0861582
0.0645798
0.102821
0.0952278
0.0964765
0.0990314
0.0807148
0.0774788
0.110624
0.278616
0.302514
0.354924
0.332109
0.30882
0.340258
0.428063
0.377521
0.326837
0.340892
0.339724
0.326255
0.338379
0.328436
0.399151
0.33375
0.333747
0.333747
0.333747
0.333748
0.334493
0.334669
0.334664
0.334609
0.334572
0.334553
0.334537
0.334522
0.334516
0.334479
0.334428
0.334465
0.334454
0.33437
0.334256
0.334302
0.334436
0.33445
0.334493
0.334538
0.334344
0.334051
0.334075
0.334219
0.335137
0.337151
0.336908
0.682978
0.333746
0.334371
0.337212
0.337745
0.337227
0.337845
0.337807
0.337347
0.337277
0.33781
0.335744
0.33526
0.416063
0.33489
0.334207
0.333884
0.333792
0.333761
0.333752
0.333878
0.0710874
0.333751
0.239941
0.168434
0.146338
0.134999
0.12093
0.111798
0.0947666
0.0836619
0.0820952
0.0844185
0.0628058
0.048685
0.103981
0.0983152
0.0921879
0.104446
0.0904618
0.0806635
0.0788622
0.172141
0.302431
0.302595
0.326203
0.317892
0.318397
0.311889
0.313219
0.336584
0.328524
0.324887
0.346
0.345376
0.332069
0.35354
0.333757
0.336259
0.333747
0.333747
0.333747
0.337323
0.33376
0.334461
0.334638
0.334455
0.33464
0.334586
0.334562
0.334545
0.334529
0.334519
0.334508
0.334437
0.334449
0.334468
0.334419
0.334313
0.334243
0.334385
0.33445
0.33446
0.334534
0.334479
0.334162
0.334045
0.334121
0.334505
0.3361
0.277381
0.333751
0.337283
0.334379
0.333934
0.333806
0.333766
0.333753
0.33376
0.273957
0.0904258
0.0967969
0.10801
0.0945175
0.0791332
0.077825
0.135608
0.304927
0.294473
0.390958
0.3179
0.315672
0.331988
0.429367
0.34458
0.325078
0.327072
0.331861
0.334763
0.332702
0.321279
0.337918
0.333747
0.333747
0.334461
0.334409
0.33438
0.334361
0.334344
0.33433
0.334324
0.334279
0.334292
0.334343
0.334331
0.334244
0.334122
0.334194
0.33427
0.334274
0.334346
0.334357
0.334119
0.333973
0.334061
0.334305
0.3356
0.337188
0.345659
0.33218
0.335347
0.328106
0.344432
0.383624
0.345488
0.405995
0.333747
0.333747
0.333747
0.33437
0.334352
0.334336
0.334327
0.33431
0.334262
0.334325
0.334347
0.334295
0.334176
0.334132
0.334248
0.33427
0.334299
0.334379
0.33427
0.333988
0.334011
0.334128
0.334763
0.337386
0.333271
0.333781
0.33385
0.334087
0.320583
0.311191
0.311643
0.325826
0.296563
0.217775
0.0908069
0.0803719
0.0883914
0.0981089
0.0930856
0.0960907
0.0980876
0.0941587
0.333747
0.334392
0.334434
0.336652
0.333807
0.334346
0.333928
0.335713
0.182595
0.330056
0.333805
0.334075
0.334198
0.333992
0.333766
0.333849
0.333824
0.333753
0.333747
0.333766
0.333862
0.165836
0.292763
0.33378
0.333791
0.333772
0.0820098
0.333753
0.333751
0.333752
0.333757
0.334853
0.335263
0.334573
0.0794464
0.333747
0.118474
0.136504
0.0851191
0.10753
0.116626
0.109824
0.122268
0.119257
0.122327
0.111368
0.119647
0.141044
0.110066
0.216594
0.105486
0.104314
0.10663
0.305902
0.146617
0.186294
0.31406
0.283123
0.254797
0.301555
0.336553
0.314821
0.310111
0.306546
0.336538
0.330967
0.29232
0.301038
0.302388
0.316589
0.315278
0.342141
0.298407
0.348404
0.35152
0.325799
0.31776
0.317263
0.330605
0.334891
0.380335
0.344164
0.335374
0.333747
0.333747
0.333747
0.333757
0.333755
0.333747
0.333762
0.333775
0.333747
0.333747
0.333747
0.333747
0.333769
0.333757
0.336544
0.336071
0.333765
0.333761
0.333759
0.333754
0.333757
0.333756
0.333756
0.333756
0.333757
0.333759
0.33376
0.333752
0.333764
0.33375
0.333754
0.333736
0.333755
0.333762
0.333759
0.333755
0.333779
0.333944
0.334714
0.336933
0.33304
0.320804
0.336692
0.1663
0.336847
0.101476
0.110331
0.109358
0.105244
0.101332
0.0981901
0.0900948
0.0712879
0.0617497
0.0708427
0.0674622
0.0946493
0.0994298
0.333768
0.333757
0.336278
0.333751
0.336109
0.333773
0.336723
0.387714
0.352424
0.0748099
0.0936374
0.336803
0.336423
0.336287
0.0885562
0.333776
0.333309
0.330747
0.323655
0.333883
0.333761
0.0908738
0.316548
0.1268
0.335621
0.333774
0.333747
0.333747
0.332686
0.102855
0.333755
0.345307
0.304141
0.0856661
0.313468
0.33511
0.324885
0.318643
0.351769
0.328563
0.36913
0.332415
0.345323
0.344243
0.334188
0.333766
0.333774
0.333781
0.33677
0.333747
0.336228
0.333757
0.333757
0.333756
0.333756
0.333756
0.333756
0.333758
0.333759
0.333759
0.333751
0.333748
0.333759
0.333734
0.333748
0.33376
0.333762
0.333755
0.33376
0.333829
0.334196
0.336406
0.331302
0.111855
0.119414
0.119588
0.119483
0.105016
0.336649
0.336181
0.140101
0.101679
0.0969018
0.0890529
0.333766
0.334045
0.333797
0.333755
0.333754
0.333758
0.333752
0.33375
0.333744
0.333753
0.333752
0.333747
0.333755
0.333755
0.333754
0.333753
0.333753
0.333753
0.333958
0.343639
0.333873
0.333752
0.337654
0.333756
0.333757
0.334414
0.333747
0.333736
0.333751
0.333748
0.333756
0.333753
0.333756
0.333755
0.333753
0.340229
0.345397
0.316494
0.311308
0.334091
0.338686
0.325596
0.342663
0.360788
0.333761
0.333753
0.333753
0.333753
0.333753
0.333753
0.333753
0.335219
0.333746
0.340892
0.335261
0.323035
0.333817
0.10104
0.335725
0.343524
0.311109
0.333754
0.333748
0.333747
0.11236
0.333747
0.333833
0.329091
0.333747
0.33376
0.241183
0.119132
0.319695
0.333871
0.33384
0.087913
0.0895197
0.0961357
0.178026
0.304647
0.306413
0.31253
0.309694
0.324438
0.322297
0.323951
0.378148
0.447652
0.412006
0.311046
0.303511
0.333747
0.333861
0.342941
0.308568
0.33428
0.393363
0.392204
0.335562
0.335013
0.335249
0.335373
0.334127
0.137374
0.122868
0.333988
0.333905
0.321964
0.333747
0.333747
0.379976
0.306333
0.333747
0.333747
0.333747
0.333747
0.333747
0.333747
0.333747
0.333747
0.333759
0.333747
0.333747
0.333747
0.333747
0.333794
0.333822
0.333755
0.333747
0.333746
0.333741
0.333679
0.333679
0.333869
0.333587
0.333817
0.334367
0.334669
0.333734
0.333744
0.333746
0.367366
0.342883
0.334022
0.333925
0.334166
0.33375
0.333747
0.333748
0.333788
0.333816
0.333724
0.333727
0.333748
0.333747
0.333747
0.333747
0.27634
0.153651
0.131657
0.122367
0.333747
0.333747
0.335689
0.335127
0.326507
0.335881
0.0961642
0.100243
0.333759
0.33377
0.0947119
0.103315
0.333739
0.317278
0.336238
0.334458
0.312917
0.338865
0.4002
0.307638
0.330928
0.327723
0.335791
0.335337
0.335879
0.33543
0.333747
0.0953915
0.329976
0.334152
0.334481
0.334791
0.334301
0.333753
0.317203
0.33377
0.333764
0.333787
0.333799
0.333777
0.33459
0.315171
0.333756
0.111442
0.113538
0.313126
0.318545
0.333969
0.334051
0.333912
0.333754
0.333761
0.366075
0.117975
0.109809
0.214905
0.116985
0.134731
0.116588
0.135299
0.160453
0.117025
0.117193
0.130651
0.121607
0.314296
0.0947049
0.296835
0.310052
0.331184
0.335859
0.335396
0.333747
0.333747
0.304408
0.333752
0.333751
0.30372
0.333747
0.333746
0.333746
0.11947
0.326616
0.365501
0.432762
0.329995
0.333747
0.333747
0.333747
0.333747
0.311966
0.311981
0.279599
0.333747
0.333747
0.333747
0.333747
0.333747
0.333746
0.333745
0.333661
0.33388
0.333675
0.333766
0.33364
0.101493
0.333757
0.333743
0.333738
0.333745
0.333747
0.333747
0.275528
0.107627
0.333728
0.333668
0.333747
0.333747
0.333747
0.333786
0.333636
0.33367
0.333745
0.33376
0.333596
0.333853
0.333821
0.333747
0.333747
0.333747
0.333747
0.333747
0.333741
0.333707
0.333793
0.333722
0.333708
0.333662
0.333747
0.336591
0.322743
0.331005
0.333762
0.314598
0.33861
0.327369
0.324346
0.333747
0.113962
0.333018
0.330002
0.323814
0.33357
0.333858
0.333825
0.107319
0.333751
0.3335
0.115678
0.322489
0.333747
0.311198
0.31917
0.333947
0.0946306
0.347093
0.333755
0.100657
0.333747
0.322807
0.343011
0.334883
0.328903
0.333747
0.333747
0.333747
0.333747
0.333747
0.371151
0.333752
0.332239
0.329699
0.333746
0.333747
0.333747
0.333774
0.33376
0.0932678
0.0939116
0.32663
0.333747
0.333747
0.333747
0.333747
0.333972
0.333572
0.333735
0.114546
0.333514
0.333472
0.333744
0.334258
0.334039
0.334302
0.333217
0.333033
0.0968202
0.333806
0.3338
0.333771
0.333748
0.333749
0.333816
0.333753
0.333778
0.333747
0.333747
0.334967
0.333747
0.333747
0.278219
0.100994
0.330163
0.349646
0.33374
0.333736
0.0966003
0.328884
0.327718
0.330505
0.0946257
0.333769
0.333787
0.339661
0.354911
0.356529
0.328853
0.328309
0.328656
0.326256
0.360542
0.363792
0.333747
0.333747
0.25613
0.370731
0.253134
0.333764
0.333757
0.334209
0.333935
0.107773
0.102219
0.334729
0.335846
0.335006
0.333747
0.333747
0.333747
0.0930435
0.33421
0.333761
0.112915
0.334614
0.334957
0.334391
0.330814
0.0938712
0.333741
0.100007
0.335049
0.334108
0.0994607
0.333795
0.333768
0.317223
0.333887
0.33385
0.326666
0.333749
0.333804
0.334001
0.334092
0.333937
0.33379
0.391927
0.225057
0.264297
0.333751
0.333758
0.333751
0.333755
0.327699
0.301679
0.33383
0.333753
0.333747
0.0942438
0.35327
0.333747
0.0954323
0.126921
0.129834
0.330203
0.333748
0.333747
0.327697
0.334875
0.334167
0.33389
0.333788
0.334065
0.333747
0.333747
0.333747
0.364922
0.345912
0.33465
0.333747
0.333747
0.333746
0.333747
0.333747
0.333747
0.333692
0.333762
0.334027
0.333639
0.33321
0.333217
0.334128
0.333949
0.333747
0.333554
0.33371
0.333812
0.333747
0.333561
0.333859
0.333926
0.333361
0.0971243
0.333761
0.333757
0.355643
0.333753
0.333751
0.334536
0.333747
0.333747
0.333747
0.333746
0.333749
0.334635
0.333745
0.33397
0.334253
0.334683
0.349796
0.333858
0.333684
0.333734
0.334511
0.334066
0.186544
0.337709
0.341118
0.336909
0.0944266
0.098006
0.0922629
0.333771
0.333779
0.333766
0.335625
0.333747
0.33373
0.109712
0.333747
0.333755
0.334923
0.334537
0.329718
0.333805
0.332236
0.334674
0.33379
0.33259
0.333747
0.0949916
0.17083
0.212619
0.0950041
0.0897323
0.0926524
0.0889757
0.333747
0.33147
0.332213
0.33436
0.331836
0.333747
0.337172
0.333758
0.334332
0.330833
0.333999
0.333728
0.333747
0.331929
0.336283
0.333742
0.0936547
0.0915801
0.090389
0.0883695
0.335362
0.33419
0.333747
0.333747
0.333747
0.333747
0.333747
0.335671
0.333707
0.323727
0.33357
0.334106
0.333747
0.333287
0.333596
0.332779
0.333792
0.333736
0.333725
0.335053
0.334057
0.0921917
0.0916546
0.0920179
0.332988
0.332265
0.333747
0.333747
0.333405
0.333682
0.333619
0.333665
0.094602
0.0943345
0.333776
0.333752
0.33689
0.332213
0.33375
0.333753
0.33414
0.333748
0.333747
0.333747
0.333747
0.333747
0.333747
0.334259
0.331576
0.334484
0.334161
0.33347
0.333548
0.333751
0.333751
0.334368
0.328019
0.326505
0.327062
0.328725
0.334123
0.33998
0.333747
0.333747
0.333211
0.333215
0.33323
0.330672
0.333746
0.333724
0.334016
0.335437
0.362602
0.334053
0.199506
0.192061
0.322085
0.330732
0.301635
0.318162
0.334181
0.333743
0.333747
0.333449
0.333632
0.333633
0.333747
0.114066
0.333747
0.337813
0.33377
0.333689
0.336442
0.330923
0.33291
0.333827
0.333804
0.333747
0.333796
0.334008
0.334418
0.334207
0.334236
0.148328
0.334231
0.333777
0.334578
0.330967
0.333919
0.162506
0.333748
0.327938
0.333747
0.33375
0.333751
0.333656
0.333773
0.338772
0.335062
0.336668
0.333747
0.333747
0.333747
0.333747
0.333747
0.333747
0.333747
0.333747
0.33375
0.333701
0.333747
0.333747
0.333747
0.337519
0.333752
0.333769
0.333788
0.335346
0.333747
0.338541
0.342346
0.333756
0.333752
0.333757
0.1493
0.331648
0.365962
0.333747
0.334128
0.334229
0.333747
0.333871
0.333819
0.333943
0.333747
0.334097
0.333476
0.333747
0.333753
0.333752
0.341603
0.168134
0.327907
0.335543
0.333895
0.333942
0.333855
0.332762
0.333576
0.329431
0.332235
0.333826
0.334762
0.348754
0.333766
0.333747
0.334056
0.333747
0.335243
0.33376
0.338681
0.333971
0.203022
0.202805
0.264728
0.256567
0.295507
0.33375
0.33375
0.333777
0.333766
0.333753
0.333981
0.334016
0.116578
0.333768
0.333774
0.333758
0.333747
0.331204
0.333524
0.329618
0.333751
0.3329
0.335616
0.333768
0.333747
0.344894
0.333773
0.338914
0.333747
0.333747
0.333747
0.333751
0.334093
0.334208
0.329568
0.333747
0.333713
0.333703
0.333778
0.331246
0.330531
0.333762
0.327202
0.333772
0.333082
0.333295
0.333747
0.332849
0.331372
0.335183
0.341495
0.333752
0.333757
0.33293
0.333747
0.332374
0.100608
0.333747
0.333747
0.334534
0.331785
0.333406
0.334585
0.332415
0.322169
0.33586
0.332956
0.333747
0.333882
0.331777
0.335695
0.332227
0.333771
0.333757
0.333747
0.174259
0.333299
0.209996
0.202385
0.335778
0.333761
0.333353
0.332586
0.33394
0.333788
0.333776
0.333494
0.33375
0.334117
0.333784
0.335076
0.337558
0.237448
0.237161
0.33375
0.0893036
0.333784
0.089158
0.0909307
0.12174
0.349474
0.333813
0.0903206
0.333762
0.333846
0.333793
0.333905
0.333826
0.333803
0.333867
0.333874
0.333751
0.33384
0.0893789
0.0926969
0.333751
0.333753
0.333903
0.333529
0.333754
0.333747
0.228004
0.333239
0.333755
0.333747
0.333775
0.333762
0.3338
0.333747
0.333878
0.0979394
0.333757
0.339451
0.094302
0.333752
0.0971681
0.333751
0.222628
0.211105
0.333842
0.3314
0.333754
0.333768
0.333761
0.0926289
0.349337
0.333769
0.33075
0.333753
0.335558
0.337187
0.333756
0.323538
0.334007
0.294824
0.333752
0.333818
0.302048
0.33375
0.333762
0.333382
0.333789
0.333773
0.333811
0.301275
0.333698
0.33375
0.33375
0.333749
0.295528
0.327119
0.333312
0.333749
0.333755
0.151179
0.155605
0.322858
0.232249
0.332309
0.204339
0.333793
0.333814
0.333778
0.333901
0.3318
0.326887
0.333807
0.333749
0.339512
0.335738
0.341913
0.334808
0.332964
0.333786
0.333823
0.333776
0.333749
0.333749
0.333751
0.333751
0.33384
0.333772
0.333797
0.333663
0.333806
0.333749
0.333813
0.33375
0.336179
0.33776
0.349659
0.333335
0.333808
0.333844
0.333799
0.334133
0.33375
0.333775
0.333753
0.33375
0.333757
0.333797
0.33377
0.33375
0.333762
0.333752
0.332836
0.333752
0.333755
0.334014
0.333754
0.33375
0.333759
0.333775
0.333766
0.337266
0.335273
0.333821
0.333869
0.334323
0.339448
0.333764
0.333552
0.333829
0.333765
0.333751
0.333757
0.333749
0.333754
0.333738
0.333764
0.333726
0.33378
0.334395
0.334776
0.338561
0.333869
0.333924
0.337292
0.335132
0.337444
0.334
0.337642
0.333792
0.33375
0.333804
0.333749
0.333874
0.333817
0.333896
0.334374
)
;

boundaryField
{
    bullet
    {
        type            nutkWallFunction;
        Cmu             0.09;
        kappa           0.41;
        E               9.8;
        value           nonuniform List<scalar> 
30
(
0.00138666
0.0020936
0.00223292
0.00202303
0.00181784
0.00162007
0.00163673
0.0014485
0.00137854
0.00134081
0.00138552
0.00149198
0.00138748
0.00149238
0.00191128
0.00158397
0.00109945
0.00127507
0.00127224
0.00139759
0.00128716
0.0012525
0.00128646
0.00138189
0.0015428
0.00167693
0.00186849
0.00202089
0.00174336
0.00144643
)
;
    }
    topWall
    {
        type            calculated;
        value           nonuniform List<scalar> 
50
(
0.337149
0.336035
0.335187
0.33468
0.338346
0.338346
0.338346
0.338346
0.338346
0.338346
0.338346
0.338346
0.338346
0.338346
0.338346
0.338346
0.338346
0.338346
0.338346
0.338346
0.338346
0.338346
0.338346
0.338346
0.338346
0.338346
0.336378
0.336518
0.336826
0.33717
0.33753
0.337817
0.337959
0.338032
0.338497
0.338346
0.338346
0.338346
0.338346
0.338346
0.338346
0.338346
0.338346
0.338346
0.338346
0.338346
0.338346
0.338346
0.338346
0.338346
)
;
    }
    bottomWall
    {
        type            calculated;
        value           nonuniform List<scalar> 
50
(
0.336545
0.336796
0.337038
0.337279
0.337559
0.337811
0.338029
0.338734
0.338346
0.338346
0.338346
0.338346
0.338346
0.338346
0.338346
0.338346
0.338346
0.338346
0.338346
0.338346
0.338346
0.338346
0.338346
0.338346
0.338346
0.337129
0.336116
0.335406
0.335099
0.335136
0.335299
0.335486
0.335724
0.335989
0.336282
0.336381
0.336182
0.338346
0.338346
0.338346
0.338346
0.338346
0.336166
0.336902
0.338346
0.338346
0.335594
0.33573
0.335974
0.336262
)
;
    }
    inlet
    {
        type            calculated;
        value           uniform 0.338346;
    }
    outlet
    {
        type            calculated;
        value           nonuniform List<scalar> 
30
(
0.33375
0.333747
0.333747
0.333747
0.333747
0.333747
0.333747
0.333748
0.33376
0.334493
0.338963
0.339891
0.340529
0.340821
0.340724
0.338964
0.339894
0.340535
0.34083
0.340737
0.334362
0.333861
0.333749
0.333747
0.333747
0.333747
0.333747
0.333747
0.33376
0.340472
)
;
    }
    defaultFaces
    {
        type            empty;
    }
}


// ************************************************************************* //
