/*--------------------------------*- C++ -*----------------------------------*\
  =========                 |
  \\      /  F ield         | OpenFOAM: The Open Source CFD Toolbox
   \\    /   O peration     | Website:  https://openfoam.org
    \\  /    A nd           | Version:  6
     \\/     M anipulation  |
\*---------------------------------------------------------------------------*/
FoamFile
{
    version     2.0;
    format      ascii;
    class       volScalarField;
    location    "0.0007";
    object      p;
}
// * * * * * * * * * * * * * * * * * * * * * * * * * * * * * * * * * * * * * //

dimensions      [1 -1 -2 0 0 0 0];

internalField   nonuniform List<scalar> 
3704
(
100000
100000
100000
100000
100000
100000
100000
100000
100000
100000
100000
100000
100000
100000
100000
100000
100000
100000
100000
100000
100000
100000
100000
100000
100000
100000
100000
100000
100000
100000
100000
100000
100000
100000
100000
100000
100000
100000
100000
100000
100000
100000
100000
100000
100000
100000
100000
100000
100000
100000
100000
100000
100000
100000
100000
100000
100000
100000
100000
100000
100000
100000
100000
100000
100000
100000
100000
100000
100000
100000
100000
100000
100000
100000
100000
100000
100000
100000
100000
100000
100000
100000
100000
100000
100000
100000
100000
100000
100000
100000
100000
100000
100000
100000
100000
100000
100000
100000
100000
100000
100000
100000
100000
100000
100000
100000
100000
100000
100000
100000
100000
100000
100000
100000
100000
100000
100000
100000
100000
100000
99999.9
100000
100000
100000
100000
100000
100000
100000
100000
100000
100000
100000
100000
100000
100000
100000
100000
100000
100000
100000
100000
100000
100000
100000
100000
100000
100000
100000
100000
100000
100000
100000
100000
100000
100000
100000
100000
100000
100000
100000
100000
100000
100000
100000
100000
100000
100000
100000
100000
100000
99999.9
100000
100000
100000
100000
100000
100000
100000
100000
100000
100000
100000
100000
100000
100000
100000
100000
100000
100000
100000
100000
100000
100000
100000
100000
100000
100000
100000
100000
100000
100000
100000
100000
100000
100000
100000
100000
100000
100000
100000
100000
100000
100000
100000
100000
100000
100000
99999.9
100000
100000
99999.8
100000
100000
100000
100000
100000
100000
100000
100000
100000
100000
100000
100000
100000
100000
100000
100000
100000
100000
100000
100000
100000
100000
100000
100000
100000
100000
100000
100000
100000
14970.2
1463.5
6364.64
7945.07
8314.1
43683.5
95643.3
118108
186063
264962
346888
386332
407403
238692
409922
16047
2429.42
7622.5
12313.7
13312.9
63364.6
105415
127980
194807
288599
341910
367515
380812
245020
421288
16206.7
4490.9
17046.4
23576.1
24505.1
61466.3
111851
146983
210012
299214
331628
347074
352673
250959
435463
15977.2
9734.46
23423
30427.4
29564.2
63345.4
116057
157873
219879
301384
329514
337635
338945
260828
458331
15342.8
15074.8
25629.8
31909.4
34592.9
66155.1
122539
166299
231719
307540
331369
334287
333558
282538
498402
462314
344843
422247
395228
349485
268272
122011
97198.3
65757.7
36948.3
11618.4
6511.63
6814.47
12851.4
12571.5
465989
340829
381973
366909
337701
286527
157090
115153
72764.9
49178.8
19327
10639.7
9555.73
15187.2
11829.4
471666
331560
345942
340206
320867
280818
182523
134427
87996.9
69522.9
21113.1
14942.9
16256.4
20320.8
11850.7
491389
326128
328671
329608
317331
278901
187701
140785
94309.4
72498.1
24202.7
20023.9
26119.5
24606.3
11971.4
541313
326182
322648
326898
316726
279398
189012
140832
96319
75262.8
28770
24282
26943.8
29284
12909.4
100000
100000
100000
100000
100000
100000
100000
100000
100000
100000
100000
100000
100000
100000
100000
100000
100000
100000
100000
100000
100000
100000
100000
100000
100000
100000
100000
99999.9
99999.9
99999.9
99999.8
99999.8
99999.8
99999.9
100000
100000
100000
100000
100000
100000
100000
100000
100000
100000
100000
100000
100000
100000
100000
100000
100000
100000
100000
100000
100000
100000
100000
100000
100000
100000
100000
100000
100000
100000
100000
100000
100000
100000
100000
100000
100000
100000
100000
100000
100000
100000
100000
99999.9
99999.9
99999.9
99999.8
99999.8
99999.8
99999.9
100000
100000
100000
100000
100000
100000
100000
100000
100000
100000
100000
100000
100000
100000
100000
100000
100000
100000
100000
100000
100000
100000
100000
100000
100000
100000
100000
100000
100000
100000
100000
100000
100000
100000
100000
100000
100000
100000
100000
100000
100000
100000
100000
99999.9
99999.9
99999.9
99999.8
99999.8
99999.8
99999.9
100000
100000
100000
100000
100000
100000
100000
100000
100000
100000
100000
100000
100000
100000
100000
100000
100000
100000
100000
100000
100000
100000
100000
100000
100000
100000
100000
100000
100000
100000
100000
100000
100000
100000
100000
100000
100000
100000
100000
100000
100000
100000
100000
99999.9
99999.9
99999.8
99999.8
99999.8
99999.8
99999.9
100000
100000
100000
100000
100000
100000
100000
100000
100000
100000
100000
100000
100000
100000
100000
100000
100000
100000
100000
100000
100000
100000
100000
100000
100000
100000
100000
100000
100000
100000
100000
100000
100000
100000
100000
100000
100000
100000
100000
100000
100000
100000
99999.9
99999.9
99999.9
99999.8
99999.8
99999.7
99999.7
99999.9
100000
100000
100000
100000
100000
100000
100000
100000
100000
100000
100000
100000
100000
100000
100000
100000
100000
100000
100000
100000
100000
100000
100000
100000
100000
100000
100000
100000
100000
99999.9
99998.1
100003
99997.6
100001
100000
100000
100000
100000
100000
100000
100000
100000
100000
100000
100000
100000
100000
100000
100000
100000
100000
113477
218795
101735
212008
98973.2
91661.4
105392
90124.2
72766.4
73961.7
86367.2
187575
69468.3
72865.4
87741
94165.3
81193.6
83842.9
70312.9
32999
66432.9
21364.6
24217.9
21939.8
12780.7
14846.6
100178
24164.7
32740.4
40480.7
76128
132620
178534
263888
325751
343261
333867
332114
304878
587429
404678
100674
100003
100000
100000
100000
100000
100000
100000
100000
100000
249134
56682.7
100000
100000
100000
100000
100000
100000
100000
100000
100000
100000
100000
100000
100000
100000
100000
99999.4
100000
99997.6
100001
100000
100000
100000
100000
100000
100000
100000
100000
100000
100000
100000
100000
100000
100000
100000
100000
100000
100000
100006
118760
107655
14207.4
102370
80945.2
84777.3
92401.1
85028.6
99899
189438
73115.4
79105.6
79894.6
98976.9
98108.5
79457.9
95317
82519.1
90564.3
85791
45279.9
59771.9
63671.6
21026.2
20939.5
37563.8
19915.7
15496
29632.5
61484.1
117740
155309
225388
313056
341893
347307
332704
333372
118459
100054
100000
100000
100000
100000
100000
100000
100000
100000
100000
100000
100000
100000
100000
100000
100000
100000
100000
100000
99999.4
100002
100002
99999.5
100001
100000
100000
100000
100000
100000
100000
100000
100000
100000
100000
100000
100000
100000
100000
100001
94139.3
137588
95723
87697.2
107410
158847
70479.8
72267.8
80232.6
125713
84167.6
83551.9
118714
90236.8
92769.9
89629.9
60575.4
31237.5
62762.1
19275
21315
100373
281451
100241
100001
100000
100000
100000
100000
100000
100000
100000
99999.9
99994.6
100001
99998.1
100001
100000
100000
100000
100000
100000
100000
100000
100000
100000
100000
100000
100000
100000
100000
100000
97624.8
101130
94936.7
80021.3
74892.8
130058
82345.6
71986.6
77099.1
92845.6
80632.6
85753.5
82610.8
38223.9
54836.2
23016.1
26801.6
22006.2
100000
100000
100000
100000
92810.4
89441.6
119758
100000
100000
100000
100013
102749
100000
100000
100000
100000
100000
100000
100000
100000
100000
100000
120919
100000
100000
100000
100000
99999.7
99991.1
100011
99989.1
99956.6
100018
100002
100000
100000
100000
100000
100000
100000
100000
100000
100000
100000
100000
100000
100000
100000
100000
100000
137836
100224
100000
100047
115734
100000
100000
100000
202347
100000
143598
132775
135299
142638
128122
144817
96402.6
86268.5
87319.6
77163.8
78762
86199
83927.9
95567.4
86385.2
93057
92491.8
91875.9
96477
103103
33049.1
30131.8
21915.8
15447.1
100000
100000
43378.8
22971.6
205475
31445.2
27489.7
37297.1
100000
100177
100000
100001
100000
102391
100510
100000
100000
100000
100000
100000
100011
100002
100000
100000
100000
100000
100000
100000
100000
100000
73428.8
127088
171138
234385
309254
245105
160113
182862
148141
187018
102800
108412
100000
100000
100000
119653
125818
100000
100000
108537
18451.3
20099.2
21366.7
100000
99951.3
99961.6
100000
100000
110016
144405
100017
100067
100000
100000
102184
138302
100000
100000
99999.9
99998.3
99972.2
99970.6
100052
99999.1
100016
100001
100000
100000
100000
100000
100000
100000
100000
100000
100000
100000
100000
22557.3
99958.4
100000
100000
100000
100001
100000
99999.9
100000
99998.4
100000
116617
95458.3
89012.2
98417.8
87256.6
116554
81457.7
77705.9
77404.8
82233.6
76852.9
98803.7
95757.6
87290.7
86261.2
83976.3
92552
101918
99455.9
88069.5
33312.7
25773.5
100000
100000
59735.1
100000
100000
100037
123390
100000
100000
100000
100000
100000
100022
100000
100000
100000
100000
137748
104421
186354
247748
317682
164178
162560
100000
43168.8
102551
98357.8
100000
142796
100000
100000
28361.2
103233
100144
101663
95472.1
92154.2
104317
143335
102963
82805.8
85539.4
100000
74948.1
83714.3
83030
100000
100000
100000
100000
100000
100000
100000
100000
100000
100000
100002
100000
100000
100000
100000
100000
99996.8
99963.8
99991.2
99999.7
99999.7
100001
100004
86313.7
76262.2
78566.7
84436.8
83152.9
76792.6
115474
88949.7
87539.6
89288.2
91530.6
24511.1
115764
107517
99680.8
100011
99999.6
100064
100000
100000
100000
99976.4
99767
99697.5
99859.9
100000
100000
101213
100000
100091
100148
100119
100000
100000
100000
100000
100000
59689
100000
100001
100001
100000
100000
100000
100000
100000
100000
112281
112600
100000
45819.1
100000
100000
23979.9
99993.3
99971.5
100001
100000
100033
100460
100155
99554.6
99734.1
100854
111580
100000
100000
100000
100000
100000
124128
116707
100704
100388
117092
92062.7
109890
119713
122521
103356
102340
100000
100000
94446.6
91760.8
85968.2
103614
95189.9
86031.4
83141.9
27028.8
95103.6
93422.9
100000
100000
101215
107185
105842
100000
100000
100000
120165
101986
100000
24271.9
99723.7
99962.8
100000
100000
100000
100400
100000
107955
100000
100000
100000
100000
100192
100300
99999.9
99999.6
100000
100000
100000
106638
116320
101301
100000
133920
101474
112620
100000
100000
100000
94153.5
95176
100076
100013
100057
100000
100000
100000
139148
143415
127398
147007
100000
100000
100000
100002
100000
99927.4
99917.7
96605.3
103933
89089.4
112151
109385
29157.8
27482.6
100000
110073
100000
100000
100000
107437
100000
100000
100000
100000
100000
100198
99998.4
99998.4
100090
99925
100000
100412
100003
97589
100007
100022
79140.5
100000
100003
100000
94524.7
90695.9
100000
99660.5
99993.1
111977
100000
100000
112545
111593
129988
107172
100009
118203
118534
101237
82658.1
108961
87376.6
110235
97612.2
94184.4
81063.3
90142.3
26756.8
102874
104883
107911
108428
100000
33866.9
100000
100000
29466.8
38471.4
50628.7
100000
100000
100000
27274.7
25265.1
33113.3
103280
100029
100091
122460
100000
113391
108128
111328
100001
100000
100000
100000
100000
100000
106682
82786.2
87871
98799
47584.7
100000
100184
100000
100000
102090
99999.9
123061
108498
132337
90843.5
103046
100025
100000
100000
100010
100002
112705
100734
121573
100000
100000
101074
99992.7
100000
100000
100171
107302
97877.4
98134.1
99855.8
91612.9
92373.4
92501.7
100005
100001
98046.5
98586.4
100446
100117
100000
100003
100003
100000
100000
55578.3
100000
102474
100801
99999.7
99330.9
149328
118464
99957.6
99609.5
100000
100000
102013
100690
104669
155529
95997.6
86751.3
88738.1
99875.9
99956
101462
100198
99514
100436
100486
99028.8
99214.8
100004
100004
26745.6
87177.1
96342.3
99999.9
99999.7
100019
100000
100000
101636
89099
105243
101009
91824.9
100000
99282.7
99817.6
122008
121877
100594
100025
100013
100000
100000
100000
99285.1
99372.4
100000
100008
100004
99998.2
99991.9
99723.1
95095.8
100000
100000
141918
100190
99750.2
100001
100001
100052
99911.5
100000
100000
100050
100029
27156.7
93728.4
89711.4
82880
93488.6
100070
100017
92979.3
86938.1
99942.7
99857
100000
99999.9
28780.3
100019
100000
100000
100462
46705.4
100000
96902.1
100000
99676.4
100000
100276
102842
100002
96900.9
102706
100000
99613.8
100000
124389
92631.1
91941.9
100000
131594
100000
27035
100000
100011
119369
99998.3
100000
100220
100000
101639
100000
100011
102190
74375.8
27125.2
99979.7
89557
100000
91778.1
88119.9
100000
87326.1
101428
102933
94866.9
139584
110760
100000
101174
98260.7
100000
100000
100000
60152.4
100000
100000
100000
100000
100000
100000
100000
100000
100000
99974.1
100000
100000
100000
100000
100000
100000
100000
146849
100002
100000
100001
100000
100000
147950
94414
99283
95014.5
100000
100000
92033.9
100000
100000
100000
101236
98988.1
100191
101497
99933.4
101207
100000
100000
100000
100000
100000
100000
97136.7
100000
97938.9
99998
100000
98567.1
105876
110927
100354
100170
98657
97707.1
91185.8
100261
98484.8
100680
90018.5
88005.8
49100.4
87518.3
85521.8
101049
31494.6
100000
100000
100000
100000
100000
100000
99826.2
100924
82909.3
100000
98842.7
100000
83947.4
92391.7
101027
101129
99415.4
100731
100000
100000
100787
99536.6
100000
100019
100000
100000
98627.2
98682.3
33267.2
35061.4
35904.6
103167
90299.4
90088.3
102195
98929.1
100108
101065
115973
107527
99998.3
125926
100425
100228
100000
101168
93550.1
90821.3
99926.6
99841.3
140372
100000
100000
99999
99999.5
100634
104093
128368
86795
100000
95147.1
96807.8
100000
100000
100000
100000
100000
100000
100984
100467
100000
111139
104718
91828.2
91548.5
100000
100000
100000
99979.6
99929.2
100000
100000
98121.5
99329.3
100003
99999.4
99999.7
100001
141659
100000
99997.5
99998.3
100001
100001
100000
100000
100000
100000
100001
101817
101886
116571
118014
99442.6
99304.9
97627.6
99999.3
99998.3
105434
97927.7
100000
100000
100016
100000
97782.4
100000
100000
100340
100000
149059
100039
100014
110574
99997.3
91251.3
99373
46287.5
106939
100000
100000
100041
100000
100000
100000
81923.7
86248.8
107038
99339.8
98155.6
96434
100000
99126.7
101581
99841.4
98864.9
106336
141254
100000
100000
99995.1
99995.1
138409
100506
101230
93808.2
100000
98230
99777.8
100000
49389.9
99999.9
99999.3
100000
99979.9
100000
102033
96911.5
92480.6
94173
42831.8
100000
97991.1
100000
100000
100000
100000
100000
100000
100000
100000
100000
100000
56349.8
71129.3
101977
100000
101079
100000
101372
100000
100000
100000
102572
101487
100991
100000
100000
88346.6
100000
100004
100000
112170
100000
100000
91563.2
100000
102675
100000
102828
94918.1
100057
100029
100000
100000
86641.3
97699.8
90534.2
99986
100000
89848.5
100000
100045
100148
90850.1
99938.4
100006
95229.5
114992
126099
102713
100000
100000
98739.1
103220
100000
101100
99184.9
86354.4
100000
100094
100040
99999.9
84371.3
98365.5
100000
99709.2
99105
137046
99925.3
99705.3
100000
100021
100000
95706.8
100044
93527.8
109623
131382
100000
100000
100000
100000
99587
132248
100197
99999.9
106710
100002
137014
100332
100014
100121
99999.9
99682.2
99999.9
100000
103049
98926
101206
102213
99910.5
54310.7
96361.7
95888.8
97268.9
89638.9
100000
95214.8
100003
99999.9
105409
101411
100000
136422
100673
98199.3
99516.5
98741.4
97601.9
89625.7
97613.4
100000
100000
100000
100000
100000
95950.2
100080
100000
99975.4
99975.4
99924.9
99998.7
99999.6
99991.6
100000
112417
111938
100000
100000
100000
100334
100000
100000
100000
99305.5
101845
100002
100008
100000
100002
100000
100000
96284.2
98645.2
97394.6
100019
100858
97430
100013
100009
100008
112495
129453
100000
99459.4
128893
128868
120789
100079
96881.5
98116.3
113471
119529
99132.5
100000
100001
98173.4
100000
100000
100000
100000
100000
100000
99990.1
100000
107014
103498
98172.5
100292
100078
99790.9
99531.7
100004
100000
100000
99963.8
99999.6
100000
98287.3
99250.4
100000
100021
100013
109254
99999.9
97561.1
97028.7
100000
102365
108956
99981.6
98695.2
97360.7
99989.2
99846.5
100004
100003
100004
100001
100000
120749
119618
100000
99999.9
99999.7
99997.9
100012
97196.8
100867
100257
99758.1
100025
109415
99999.8
98723.4
100000
106144
112296
99998.2
99261.5
99997.3
98783.6
100004
103912
103001
102861
100785
100002
99982.5
99990.1
100055
99997.3
99999.6
99674.5
100021
99313.2
100069
100920
100055
100011
100217
100000
100006
100003
100162
100001
100199
100867
100000
101401
98853.3
100318
100001
99998.8
100060
100228
99998.8
100000
100016
100004
100000
100000
100000
100000
100000
100000
100000
100000
100000
100000
100000
100000
100003
100650
407137
609833
327771
322348
328496
318601
279657
184058
141156
97310.8
80206
42801.6
31662.2
27534.4
28571.7
11517.2
34200.7
9048.38
81735.1
82361.7
77860.6
76223.8
83530.1
86886.4
84861.7
126367
75741.4
124765
97837
73796.7
95870.8
246045
139589
91246.7
105840
110914
100648
114300
93020
170457
100002
100000
100000
100000
100000
100000
100000
100000
100000
100000
100000
100000
100000
100000
100000
100000
100000
100000
99999.9
99999.5
99999.6
99999.3
99999.6
100000
100000
100000
100000
100000
100000
100000
100000
100000
69858.8
100001
100000
100000
100000
100000
100000
100000
100000
100000
100000
100000
100000
17632.7
100000
100000
100000
100000
100000
100000
100050
119119
100001
324153
331093
324236
295537
203640
151526
118555
88160.5
65035.5
37669.8
32272.1
27831.7
48010.1
89527.1
73077.9
76625.5
78828.5
96258.5
78491.3
90350.7
84553.4
72810.1
89727.8
82928.9
79359.8
71557.2
76903
100370
95136.1
95152.9
116004
123669
99406.7
127821
100000
106442
100000
100000
100000
100000
100000
100000
100000
100000
100000
100000
100000
100000
100000
100000
100000
100000
100000
100000
100000
99999.6
99999.8
99999.5
99998.9
99999.9
100000
100000
100000
100000
100000
100000
100000
264458
100000
100000
100000
100000
100000
100000
100000
100014
102571
4045.27
80511.8
85200.5
80757.8
88767.5
84910.3
81157.7
103564
69977.9
154455
85374.9
77549.8
85620
190505
107337
92182.9
93701.7
101207
109282
97481.1
90322.5
103301
100000
100000
100000
100000
100000
100000
100000
100000
100000
100000
100000
100000
100000
99999.7
99999.6
99999.5
99998.7
99999.5
100000
100000
100000
100000
100000
100000
100000
94882.7
111901
97948.8
99818.4
97460.4
110876
154440
106404
193037
100000
100000
100000
100000
100000
100000
100000
100000
100000
100000
100000
99999.9
99999.5
99999.7
99999
99997.5
99999.8
100000
100000
100000
100000
100000
100000
100000
100189
100000
100000
100000
80937.6
76637.7
81108.2
93838.9
74930.6
101719
80843
94768.4
90148.3
68411
71214.7
85218.5
48091
76805.4
100000
100000
100000
100000
100144
100000
100000
100000
169230
96923.3
100000
100000
100000
100000
100000
100000
100000
100000
100000
100011
100032
147928
102027
100000
100000
100000
33850.7
100000
100001
100000
100002
100000
100000
100000
133095
100000
56879.9
80395.2
41556.2
53224.8
60785.2
74845.5
57617.9
55665.7
58615
90929.4
69636.6
99553.2
70700.8
92001.7
89124.4
80377.7
91525.6
88026.4
93944.7
95544.2
84622.6
96717.9
92566.4
92010.4
101341
87305
82454.6
78999.3
104345
98011.5
68769.4
74666.2
74418.4
85867.9
84993.1
104735
72050.4
119641
114727
92318.3
88028
85231
97125.2
100662
150134
108981
101082
100000
100000
100000
100000
100000
100062
100000
100000
100000
100000
100000
100000
100000
100000
100000
100000
100000
100000
100000
100000
100000
100000
100000
100000
100000
100000
99999.7
99993.3
100005
99993
99996.9
99978.6
99996.7
99999.8
100000
100000
100000
100000
100000
100000
98839.8
90456.1
100000
184248
100000
156632
165979
126822
119176
96940.2
65684.6
40618.5
33296.7
29985.1
32023.6
32961.8
49339.5
47143.3
100000
100000
100000
100003
100000
100000
100000
150326
115057
108774
107849
100000
100000
100000
44849
100027
100443
97391.5
92939.9
100000
100000
107641
84801.7
94469.1
100000
100015
100000
100000
100418
140266
100000
109935
77716.7
40824.8
88834
100000
94075.1
89014.2
113851
95464.2
134611
99812.1
110672
108701
100214
100000
100000
100000
100000
100000
100000
100000
100000
100000
100000
100000
100000
100000
99999.9
99999.1
99992.4
99992.2
100001
99980.1
99992.5
99999.1
100000
100000
100000
100000
100000
100000
98111.7
114434
128197
42608.5
142571
168304
100000
100000
138353
82167
55501.1
38422.7
100000
100000
100000
100000
100000
99999.8
99994.7
99995.4
99990.2
99998.4
99998.2
99992.3
99999
99999.9
100000
100000
100000
100000
100135
108338
100000
100000
103532
100000
99999.2
100000
99991.8
99981.2
99996.4
99994.5
100000
99996.9
99999.6
100000
100000
105350
109116
86227.1
81373.8
97739.2
105679
94093.9
111807
125455
100000
100000
100000
100000
100000
100000
100000
101127
99999.6
105519
101028
93427.5
100000
52723.8
100000
105536
81807.6
100000
100001
100000
62295.7
100000
100027
84546.4
100000
100000
95063.5
148213
88063.1
100000
100000
36110.2
37197.9
45567.2
97081.8
69701.9
73288.1
74706.8
74567.1
82831.4
81597.2
90465.8
163793
236538
184486
77256.6
73058.3
100000
100000
96654.7
73107.6
100417
172011
160743
100000
100000
100000
101340
100248
104425
194860
100314
100086
100938
100000
100000
171005
108555
100000
100000
100000
100000
100000
100000
100000
100000
100013
100001
100000
100000
100000
100039
100041
100005
100000
99999.5
99995.7
99938.2
99945.2
100103
99866.4
100053
100000
100000
99985.7
99998.2
99999.2
129596
106479
100000
100000
100000
100000
100000
100000
100000
100000
99981.2
99980.2
100000
100000
100000
100000
135497
188013
196009
181789
100000
100000
100000
100000
95557.5
102341
45726.5
48746
100000
100000
43410.1
63259.1
89748.3
77514
102502
100143
81140.7
107512
161558
102093
100733
102161
100000
100000
100000
100000
100000
42115.7
108433
100000
100000
100000
100000
100000
88979
100000
100000
100000
100000
100000
100636
85183
100000
66727.1
60013.5
88754.9
87747.3
100000
100000
100000
100002
100007
128436
141179
101449
96068.9
85201.3
106529
95062
96196.5
96258
84004.8
83599.8
96682.9
172788
76767.8
46431.5
93924.7
91584.4
98122.4
100000
100000
100000
100000
72433.9
100000
100000
74115.7
100000
99999.8
99999.8
188328
101537
134404
211036
93395.7
100000
100000
100000
100000
77736.9
74388.1
96976.6
99999.8
99999.9
100000
100000
100000
99999.4
99998.5
99927.8
100110
99932
100027
99896.8
55759.3
100003
99996.3
99993.5
99998
100000
99999.9
144026
83603.6
99990.3
99921.2
100000
100000
100000
100032
99903.9
99933.5
99998.4
100012
99865.8
100089
100066
100000
100000
100000
100000
100000
99995.7
99967.7
100037
99978.9
99966.9
99947.4
100000
101908
89616.2
98177.6
100014
84348.8
103860
94457.9
92603.6
100000
58855.1
99372.8
95940.8
91850.6
99864.3
100054
100000
84149.3
100003
99788.2
75323.9
94232.5
100000
95530.7
94408.5
101129
51466.8
111611
100000
143717
100000
92222.8
107061
100609
95977.8
100000
100000
100000
100000
100000
111368
100000
98993.8
94689.4
99999.9
100000
100000
100028
100012
45009.1
45281.2
93904.6
100000
100000
100000
100000
100203
99869
99990.1
176068
99805.4
99764.9
99997.5
100429
100256
100476
99582.9
99374.9
57832.1
100048
100053
100021
100000
100000
100000
99997.3
100021
100000
100000
100000
100000
100000
97594.6
97451.6
95329.2
114598
99994.6
99989.5
169004
96144.4
95103.6
97474.5
56114.9
100000
100000
102357
118662
119256
95919.6
95496.1
95484.8
94346.1
126825
126322
100000
100000
170390
112285
167898
100015
100010
100372
100171
56719.6
67361.4
100618
100635
100000
100000
100000
100000
56690.9
100000
100006
169041
100000
100000
100000
99352.6
49666.9
99994.2
80258.5
100312
100224
75709.7
100053
100016
87629.7
100000
100000
94114.2
100002
100000
100000
100000
100000
100000
163657
98434.9
97818.4
100004
100000
100001
100008
95030.8
96344.7
99613.5
100005
100000
52772.4
116825
100000
154918
91140.5
89067.3
97778.7
100000
100000
95135.5
100000
101655
100070
100018
100211
100000
100000
100000
135627
102569
100000
100000
100000
99999.3
100000
100000
100000
99955.2
100014
100175
99892.2
99539.1
99537.2
100315
100178
100000
99781.2
99972.1
100049
100000
99835.8
100000
100000
99667.6
112930
100000
100000
120466
100000
100000
100000
100000
100000
100000
99999.1
100001
100000
99997.4
100176
100440
100000
113376
100101
99966.9
99991.8
100645
100278
140282
103543
106353
102301
54420.8
68135.2
61321.2
100000
100000
100000
100722
100000
99987.6
86400.1
100000
100009
100937
100703
96737.6
100062
98700.4
100768
100000
99052.2
100000
64030.1
97759.7
99769.5
69685.2
69086.8
61003.9
77940.5
100000
97995.8
98653
100000
98255.1
100003
102983
100000
100000
99042.3
100135
99984.2
100000
98494.9
102438
99995.2
117956
68009.6
70256.6
82683.1
101451
100000
100000
100000
100000
100000
100000
101545
99870.1
98806
99828
100295
100000
99607
99854.5
99124
100035
99990.4
99979.4
101116
100283
78681.1
101024
75573.6
99400.1
98729.3
100000
100000
99711.9
99955.5
99901.9
99916.3
145516
130625
100033
100004
102322
98762
100000
100000
100000
100002
100000
100000
100000
100000
100000
100308
98187.5
100634
100380
99759.8
99828.4
100001
100002
100000
94862.1
94153.4
94244.4
95942.6
100798
105386
100000
100000
99525.9
99561.1
99576.3
97476.9
99999.9
99982.8
100000
101060
113098
100000
138928
140580
90367.6
97782.6
97284.3
98340
100000
99997.7
100000
99743.5
99907.8
99907.7
100000
91764.3
100000
103693
100000
99952.9
102249
97552
99259.4
100000
100000
100000
100017
100000
100000
100000
100000
90431.8
100192
100000
100710
97705.5
100097
90669.2
100001
97992.8
100000
100002
100006
99926.8
100020
104380
101684
100733
100000
100000
100000
100000
100000
100000
100000
100000
100000
99962.1
100000
100000
100000
103156
100003
100000
100000
101503
100000
104196
102859
100000
100002
100007
94309
97981.2
112768
100000
100195
100200
100001
100000
100000
100000
100000
100000
99775.7
100000
100000
100000
106083
96438
94961.2
101561
100000
100000
100000
99130.2
99897.4
96579.8
98727.3
100055
100853
102552
100016
100000
100000
100000
101312
100000
104409
100232
94032.2
92689.5
99838.1
99336.7
97164.5
100000
100001
100022
100000
100002
100000
100000
93456.6
100013
100029
100009
100000
97971.8
99807.7
96535.5
100003
99352
101317
100000
100000
109623
100024
104269
100000
100000
100000
100016
100206
100521
96231.7
100000
99959.1
99963.8
100031
97901.4
97404.3
100000
94523.8
100021
99464
99630
100000
99167
98011.9
101238
107377
100000
100000
99134.1
100000
98870
128850
100000
100000
100776
98298.3
99738.9
100695
98802.1
90526.6
101764
99548
100000
100056
98391.4
100582
98930.4
99786.3
100000
100000
99056.1
99674.9
131196
129939
101846
100000
99626.9
99476.2
100000
100000
100000
99856.7
100001
100209
100000
100446
101173
97035.2
96007
100000
75655.7
100022
85993.3
91294.4
95082
108430
100000
87422.9
100007
100063
100022
100065
100000
100000
100000
100000
100001
100000
99030.8
103141
100001
100004
100000
99853.4
100000
100000
100598
99646.8
100000
100000
100000
100000
100000
100000
100092
116423
100000
105296
105430
100000
113480
100000
123947
120315
100000
99282.5
100003
100000
100000
104411
108123
100012
99352
100000
100679
101338
100004
97740.5
100133
98217.8
100000
100066
98672.3
100000
100012
99773.5
100033
100013
100034
99582.6
99981.8
100000
100000
100000
98085.2
99021.2
99730
100001
100004
106082
110191
98883.6
101956
99214.6
114901
100000
100000
100000
100085
98527
99009.3
100051
100000
105957
102693
103259
100567
99698.6
100000
100070
100038
100001
100001
100002
100000
100080
100000
100046
100005
100062
100001
100028
100001
100905
101673
107120
99642.8
100048
100087
100034
100174
100000
100022
100000
100000
100000
100033
100013
100001
100000
100003
99612.7
100000
100000
100111
100004
100001
100006
100018
100013
101385
100702
100034
100096
100282
104876
100009
99863.5
100063
100035
100001
100006
100000
100005
100023
100008
100009
100024
100256
100585
102351
100080
100123
101692
100687
102429
100155
103689
100023
100000
100032
100000
100079
100050
100080
100406
)
;

boundaryField
{
    bullet
    {
        type            zeroGradient;
    }
    topWall
    {
        type            zeroGradient;
    }
    bottomWall
    {
        type            zeroGradient;
    }
    inlet
    {
        type            fixedValue;
        value           uniform 100000;
    }
    outlet
    {
        type            waveTransmissive;
        gamma           1.3;
        fieldInf        100000;
        lInf            1;
        value           nonuniform List<scalar> 
30
(
100000
100000
100000
100000
100000
100000
100000
100000
100000
100000
100000
100000
100000
100000
100000
100000
100000
100000
100000
100000
100000
100000
100000
100000
100000
100000
100000
100000
100000
100450
)
;
    }
    defaultFaces
    {
        type            empty;
    }
}


// ************************************************************************* //
