/*--------------------------------*- C++ -*----------------------------------*\
  =========                 |
  \\      /  F ield         | OpenFOAM: The Open Source CFD Toolbox
   \\    /   O peration     | Website:  https://openfoam.org
    \\  /    A nd           | Version:  6
     \\/     M anipulation  |
\*---------------------------------------------------------------------------*/
FoamFile
{
    version     2.0;
    format      ascii;
    class       surfaceScalarField;
    location    "0.0007";
    object      phi;
}
// * * * * * * * * * * * * * * * * * * * * * * * * * * * * * * * * * * * * * //

dimensions      [1 0 -1 0 0 0 0];

internalField   nonuniform List<scalar> 
5786
(
0.150621
-1.18794e-14
0.150621
-2.59237e-14
0.150621
-3.68039e-14
0.150621
-6.18394e-14
0.150621
-1.45384e-13
0.150621
-4.55441e-13
0.150621
-1.61521e-12
0.150621
-5.62198e-12
0.150621
-1.83953e-11
0.150621
-5.54329e-11
0.150621
-1.45959e-10
0.150621
-1.85913e-11
0.150621
1.55243e-09
0.150621
9.7251e-09
0.150621
4.23124e-08
0.150621
1.48863e-07
0.150621
5.36183e-07
0.150621
-8.24519e-07
0.150621
-2.47228e-06
0.150621
1.02658e-06
0.15062
1.23585e-06
0.150621
-4.18763e-06
0.150622
-4.95811e-06
0.150621
-2.78021e-06
0.150621
-5.2689e-07
0.150621
-1.07553e-07
0.150621
-2.1761e-08
0.150621
-4.9146e-09
0.150621
-1.49192e-09
0.150621
-5.11269e-10
0.150621
-1.56397e-10
0.150621
-3.65069e-11
0.150621
-3.60587e-12
0.150621
4.03258e-12
0.150621
9.19351e-12
0.150621
1.30608e-11
0.150621
2.2358e-11
0.150621
4.02129e-11
0.150621
7.80511e-11
0.150621
1.53639e-10
0.150621
3.03422e-10
0.150621
6.16776e-10
0.150621
1.28853e-09
0.150621
2.72235e-09
0.150621
5.72202e-09
0.150621
9.56779e-09
0.150621
1.27816e-08
0.150621
1.51217e-08
0.150621
1.38476e-08
8.47331e-09
0.150621
-1.49047e-14
0.150621
-2.6007e-14
0.150621
-3.66096e-14
0.150621
-6.35603e-14
0.150621
-1.49297e-13
0.150621
-4.4853e-13
0.150621
-1.57394e-12
0.150621
-5.43235e-12
0.150621
-1.76764e-11
0.150621
-5.32302e-11
0.150621
-1.32251e-10
0.150621
2.06164e-11
0.150621
1.69892e-09
0.150621
1.07466e-08
0.150621
4.86837e-08
0.150621
1.86425e-07
0.150621
8.99479e-07
0.150621
-7.89616e-07
0.150622
-3.99197e-06
0.150621
1.03949e-06
0.15062
2.28543e-06
0.150621
-3.98657e-06
0.150622
-5.7077e-06
0.150621
-3.34257e-06
0.150621
-7.06396e-07
0.150621
-1.4656e-07
0.150621
-2.97764e-08
0.150621
-6.55822e-09
0.150621
-1.95448e-09
0.150621
-6.80637e-10
0.150621
-2.16675e-10
0.150621
-5.35199e-11
0.150621
-7.10765e-12
0.150621
3.89938e-12
0.150621
1.00702e-11
0.150621
1.41326e-11
0.150621
2.50303e-11
0.150621
4.43637e-11
0.150621
8.59531e-11
0.150621
1.66637e-10
0.150621
3.22677e-10
0.150621
6.42148e-10
0.150621
1.34034e-09
0.150621
2.82112e-09
0.150621
5.94967e-09
0.150621
9.6502e-09
0.150621
1.28808e-08
0.150621
1.4941e-08
0.150621
1.34344e-08
7.23711e-09
0.150621
-1.62925e-14
0.150621
-3.18634e-14
0.150621
-3.81084e-14
0.150621
-6.37546e-14
0.150621
-1.50435e-13
0.150621
-4.43867e-13
0.150621
-1.5288e-12
0.150621
-5.23298e-12
0.150621
-1.68693e-11
0.150621
-5.07597e-11
0.150621
-1.13401e-10
0.150621
6.98105e-11
0.150621
1.82778e-09
0.150621
1.16376e-08
0.150621
5.46099e-08
0.150621
2.24877e-07
0.150621
1.35097e-06
0.150621
-3.4491e-07
0.150622
-5.81666e-06
0.150621
3.0108e-07
0.150619
3.84815e-06
0.150621
-3.47983e-06
0.150622
-6.59738e-06
0.150621
-4.00201e-06
0.150621
-9.55051e-07
0.150621
-1.99685e-07
0.150621
-4.09528e-08
0.150621
-8.80995e-09
0.150621
-2.56545e-09
0.150621
-9.04565e-10
0.150621
-2.99554e-10
0.150621
-7.82408e-11
0.150621
-1.23253e-11
0.150621
3.49867e-12
0.150621
1.08685e-11
0.150621
1.51103e-11
0.150621
2.78191e-11
0.150621
4.85246e-11
0.150621
9.38315e-11
0.150621
1.79672e-10
0.150621
3.43616e-10
0.150621
6.65114e-10
0.150621
1.39274e-09
0.150621
2.91538e-09
0.150621
6.13623e-09
0.150621
9.73934e-09
0.150621
1.29463e-08
0.150621
1.48021e-08
0.150621
1.30113e-08
6.11779e-09
0.150621
-1.50713e-14
0.150621
-3.45002e-14
0.150621
-3.77198e-14
0.150621
-6.52811e-14
0.150621
-1.5124e-13
0.150621
-4.45893e-13
0.150621
-1.49797e-12
0.150621
-5.02343e-12
0.150621
-1.59541e-11
0.150621
-4.78655e-11
0.150621
-8.94847e-11
0.150621
1.26037e-10
0.150621
1.96722e-09
0.150621
1.24971e-08
0.150621
6.06218e-08
0.150621
2.69148e-07
0.150621
1.9517e-06
0.15062
9.03745e-07
0.150622
-7.69954e-06
0.150621
-1.54489e-06
0.150619
5.63983e-06
0.150621
-2.47313e-06
0.150622
-7.54372e-06
0.150621
-4.79541e-06
0.150621
-1.28497e-06
0.150621
-2.71306e-07
0.150621
-5.63964e-08
0.150621
-1.18972e-08
0.150621
-3.36691e-09
0.150621
-1.19582e-09
0.150621
-4.11144e-10
0.150621
-1.13551e-10
0.150621
-2.0297e-11
0.150621
2.63259e-12
0.150621
1.15762e-11
0.150621
1.60189e-11
0.150621
3.0784e-11
0.150621
5.30083e-11
0.150621
1.01767e-10
0.150621
1.93142e-10
0.150621
3.66878e-10
0.150621
6.86583e-10
0.150621
1.44348e-09
0.150621
3.01523e-09
0.150621
6.28207e-09
0.150621
9.83195e-09
0.150621
1.29712e-08
0.150621
1.47146e-08
0.150621
1.25674e-08
5.0249e-09
0.150621
-1.49075e-14
0.150621
-3.44125e-14
0.150621
-3.86457e-14
0.150621
-5.64477e-14
0.150621
-1.08523e-13
0.150621
-3.00279e-13
0.150621
-1.05686e-12
0.150621
-3.68688e-12
0.150621
-1.23673e-11
0.150621
-4.14804e-11
0.150621
-1.29055e-10
0.150621
-2.19605e-10
0.150621
5.37615e-10
0.150621
8.48132e-09
0.150621
5.49921e-08
0.150621
3.21135e-07
0.15062
3.26483e-06
0.150619
4.01787e-06
0.150623
-9.90192e-06
0.150622
-4.15333e-06
0.150617
9.05878e-06
0.150621
-1.2227e-06
0.150622
-8.95891e-06
0.150622
-5.29185e-06
0.150621
-1.66527e-06
0.150621
-3.77716e-07
0.150621
-7.79438e-08
0.150621
-1.6251e-08
0.150621
-4.43079e-09
0.150621
-1.57266e-09
0.150621
-5.57297e-10
0.150621
-1.61998e-10
0.150621
-3.19164e-11
0.150621
1.10286e-12
0.150621
1.21789e-11
0.150621
1.60238e-11
0.150621
3.46229e-11
0.150621
5.76708e-11
0.150621
1.09571e-10
0.150621
2.06814e-10
0.150621
3.94412e-10
0.150621
6.78952e-10
0.150621
1.4962e-09
0.150621
3.13697e-09
0.150621
6.4454e-09
0.150621
9.93459e-09
0.150621
1.29257e-08
0.150621
1.51891e-08
0.150621
1.25206e-08
3.09084e-09
-0.00120661
0.0572118
-0.0330925
-0.00373223
0.00844354
-0.0899409
0.0629152
-0.0505844
0.0216957
-0.0591031
0.00541906
-0.116416
-0.00271406
-0.196059
0.0339548
-0.360485
0.126179
-0.487057
0.156945
-0.463044
-0.000391239
-0.520065
0.0760397
-0.36733
-0.134196
-0.012546
-0.346397
0.0303507
0.000552152
-0.0363976
0.0603122
-0.00167751
0.085082
-0.0119105
-0.0163614
0.0277663
-0.0318379
0.0392595
-0.0744655
0.114285
-0.0642419
-0.00886971
-0.172746
0.0214083
-0.265647
0.143025
-0.389734
0.228317
-0.457066
0.273129
-0.619973
0.17963
-0.612325
0.0980846
-0.367694
-0.346328
-0.0153111
-0.667412
0.0199629
0.00319794
0.012226
-0.0242551
-0.00282164
0.111212
-0.0103667
-0.00457624
0.0322651
-0.0653344
0.0910438
-0.0909194
0.166043
-0.0624468
-0.0415982
-0.232423
0.0730431
-0.319996
0.262935
-0.458469
0.374605
-0.467766
0.314996
-0.531816
0.277627
-0.391516
-0.0170466
-0.240659
-0.480709
-0.0295255
-0.873177
0.0195728
-0.0224843
0.044486
-0.0143684
-0.00662336
0.149965
-0.0144991
-0.0177382
0.0227566
-0.103551
0.166182
-0.0717315
0.272819
-0.100782
0.0238085
-0.257378
0.109651
-0.342376
0.377104
-0.470648
0.499584
-0.492046
0.403977
-0.410962
0.222798
-0.305712
-0.107391
-0.217969
-0.56198
-0.0392822
-1.06142
0.0294186
-0.0942881
0.083497
-0.0210257
-0.0127332
-0.022988
0.181507
-0.0485229
0.0349875
-0.210546
0.39329
-0.114336
0.237182
-0.140969
0.0615501
-0.292383
0.167553
-0.33103
0.458855
-0.42491
0.572027
-0.365149
0.390611
-0.394794
0.269675
-0.282515
-0.20547
-0.228131
-0.615319
-0.0556407
-1.24702
0.0624513
-0.230772
-0.0178234
0.152193
-0.0845345
0.0994717
0.0028018
-0.0960059
0.411856
-0.420781
0.585537
-0.187736
0.407179
0.169299
0.375438
0.00947042
0.422142
-0.00627463
0.554724
0.102597
0.138975
0.306676
0.0522963
0.025507
0.0234401
0.00569055
0.0193466
0.0036348
0.00243344
0.0370134
0.0197691
-0.0149353
-0.0107811
-0.0628711
0.104821
8.06103e-05
-0.158592
0.333833
-0.763738
0.643877
-0.504329
0.74326
0.061354
0.411633
0.318023
0.425601
-0.0329945
0.383295
0.31564
0.176539
0.398991
0.110821
0.14437
0.0342234
0.0140634
0.0739909
-0.0185829
0.0051565
0.127072
-0.00622086
0.02385
-0.0235298
-0.0557064
0.117407
0.0322141
-0.234838
0.247819
-0.946837
0.423754
-0.673878
0.555928
-0.0724224
0.631418
0.247812
0.3755
0.225764
0.405239
0.445229
0.27618
0.435568
0.144893
0.300201
0.0290148
0.0369385
0.0325063
-0.0192596
0.0101901
0.166986
-0.0054259
0.0308122
-0.0285691
-0.0612411
0.124696
0.0461389
-0.308146
0.226666
-1.08156
0.324214
-0.76076
0.43023
-0.180243
0.443729
0.239692
0.384787
0.298508
0.374255
0.55429
0.326574
0.474613
0.167037
0.471113
0.0527483
0.0742817
0.0142743
0.0394482
0.0408382
0.17847
-0.00467663
0.0556982
-0.0359758
-0.080532
0.142927
0.0419418
-0.390317
0.220798
-1.22824
0.349286
-0.878704
0.478594
-0.313761
0.445007
0.275162
0.331738
0.419968
0.370633
0.584397
0.299571
0.57661
0.166489
0.607677
0.0874645
0.0778003
0.031489
0.10555
0.0583508
0.167
-0.00455184
0.0775801
-0.0499384
-0.150621
3.64165e-08
-0.150621
3.26957e-08
-0.150621
3.31904e-08
-0.150621
2.64343e-08
-0.150621
2.3223e-08
-0.150621
1.14523e-08
-0.150621
5.50478e-09
-0.150621
2.65117e-09
-0.150621
1.32131e-09
-0.150621
6.33637e-10
-0.150621
2.82662e-10
-0.150621
1.26193e-10
-0.150621
5.63144e-11
-0.150621
2.47336e-11
-0.150621
9.31663e-12
-0.150621
-1.3764e-11
-0.150621
-1.35537e-10
-0.150621
-4.35203e-10
-0.150621
-8.83494e-10
-0.150621
-1.36946e-09
-0.150621
-1.9833e-09
-0.150621
-2.79872e-09
-0.150621
-2.75508e-09
-0.150621
1.04344e-09
-0.150621
2.49773e-08
-0.150621
1.34448e-07
-0.150621
5.30248e-07
-0.150621
1.59899e-06
-0.150621
2.6059e-06
-0.150621
2.94814e-06
-0.150621
3.66157e-06
-0.150621
4.31092e-06
-0.150621
4.40514e-06
-0.150621
1.5594e-06
-0.150621
5.28714e-07
-0.150621
1.67326e-07
-0.150621
4.77325e-08
-0.150621
1.30324e-08
-0.150621
3.43751e-09
-0.150621
8.80576e-10
-0.150621
2.17475e-10
-0.150621
5.15492e-11
-0.150621
1.15507e-11
-0.150621
2.35409e-12
-0.150621
3.86774e-13
-0.150621
2.43416e-14
-0.150621
-3.01703e-14
-0.150621
-3.58602e-14
-0.150621
-2.81164e-14
-1.11855e-14
-0.150621
3.50623e-08
-0.150621
3.05901e-08
-0.150621
3.24678e-08
-0.150621
2.63942e-08
-0.150621
2.37836e-08
-0.150621
1.20663e-08
-0.150621
5.76305e-09
-0.150621
2.80397e-09
-0.150621
1.42647e-09
-0.150621
6.92923e-10
-0.150621
3.04758e-10
-0.150621
1.35421e-10
-0.150621
6.02525e-11
-0.150621
2.63504e-11
-0.150621
9.5387e-12
-0.150621
-2.68435e-11
-0.150621
-1.93034e-10
-0.150621
-5.59254e-10
-0.150621
-1.05062e-09
-0.150621
-1.5312e-09
-0.150621
-2.15373e-09
-0.150621
-2.75469e-09
-0.150621
-2.47299e-09
-0.150621
3.78788e-09
-0.150621
3.97895e-08
-0.150621
2.00591e-07
-0.150621
7.53489e-07
-0.150621
2.16659e-06
-0.150621
3.07833e-06
-0.150621
3.34051e-06
-0.150621
4.15355e-06
-0.150621
5.18842e-06
-0.150621
5.435e-06
-0.150621
1.83952e-06
-0.150621
6.06364e-07
-0.150621
1.88487e-07
-0.150621
5.15321e-08
-0.150621
1.37009e-08
-0.150621
3.55396e-09
-0.150621
9.03418e-10
-0.150621
2.21783e-10
-0.150621
5.24161e-11
-0.150621
1.17305e-11
-0.150621
2.3809e-12
-0.150621
3.80362e-13
-0.150621
2.07612e-14
-0.150621
-2.88658e-14
-0.150621
-3.73035e-14
-0.150621
-2.98095e-14
-1.12965e-14
-0.150621
3.36455e-08
-0.150621
2.86746e-08
-0.150621
3.17722e-08
-0.150621
2.63752e-08
-0.150621
2.4228e-08
-0.150621
1.26541e-08
-0.150621
5.98688e-09
-0.150621
2.9829e-09
-0.150621
1.53206e-09
-0.150621
7.48506e-10
-0.150621
3.27455e-10
-0.150621
1.44481e-10
-0.150621
6.42172e-11
-0.150621
2.79189e-11
-0.150621
9.49754e-12
-0.150621
-4.75085e-11
-0.150621
-2.69365e-10
-0.150621
-7.07844e-10
-0.150621
-1.22845e-09
-0.150621
-1.68369e-09
-0.150621
-2.2763e-09
-0.150621
-2.67862e-09
-0.150621
-1.86604e-09
-0.150621
7.87666e-09
-0.150621
5.95815e-08
-0.150621
2.87233e-07
-0.150621
1.02921e-06
-0.150621
2.75393e-06
-0.150621
3.49689e-06
-0.150621
3.72489e-06
-0.150621
4.66794e-06
-0.150621
6.06254e-06
-0.150621
6.55955e-06
-0.150621
2.14648e-06
-0.150621
6.90087e-07
-0.150621
2.11508e-07
-0.150621
5.5409e-08
-0.150621
1.43809e-08
-0.150621
3.66641e-09
-0.150621
9.26727e-10
-0.150621
2.26457e-10
-0.150621
5.34585e-11
-0.150621
1.19856e-11
-0.150621
2.42642e-12
-0.150621
3.68677e-13
-0.150621
1.0103e-14
-0.150621
-3.20022e-14
-0.150621
-3.7359e-14
-0.150621
-2.60902e-14
-1.07137e-14
-0.150621
3.22783e-08
-0.150621
2.71839e-08
-0.150621
3.10384e-08
-0.150621
2.63747e-08
-0.150621
2.45599e-08
-0.150621
1.31367e-08
-0.150621
6.16294e-09
-0.150621
3.20647e-09
-0.150621
1.64081e-09
-0.150621
7.99217e-10
-0.150621
3.51279e-10
-0.150621
1.534e-10
-0.150621
6.82489e-11
-0.150621
2.94888e-11
-0.150621
9.19032e-12
-0.150621
-8.28035e-11
-0.150621
-3.69857e-10
-0.150621
-8.80102e-10
-0.150621
-1.41053e-09
-0.150621
-1.82592e-09
-0.150621
-2.36391e-09
-0.150621
-2.51662e-09
-0.150621
-8.22284e-10
-0.150621
1.38399e-08
-0.150621
8.68579e-08
-0.150621
4.04665e-07
-0.150621
1.39947e-06
-0.150621
3.32514e-06
-0.150621
3.87636e-06
-0.150621
4.12119e-06
-0.150621
5.2053e-06
-0.150621
6.95444e-06
-0.150621
7.84302e-06
-0.150621
2.49554e-06
-0.150621
7.85597e-07
-0.150621
2.37823e-07
-0.150621
5.96045e-08
-0.150621
1.51354e-08
-0.150621
3.78247e-09
-0.150621
9.53787e-10
-0.150621
2.32708e-10
-0.150621
5.50435e-11
-0.150621
1.24174e-11
-0.150621
2.51354e-12
-0.150621
3.62599e-13
-0.150621
1.91513e-15
-0.150621
-3.72757e-14
-0.150621
-4.52416e-14
-0.150621
-2.83107e-14
-1.21014e-14
-0.150621
3.17602e-08
-0.150621
2.60617e-08
-0.150621
3.02006e-08
-0.150621
2.62714e-08
-0.150621
2.46922e-08
-0.150621
1.37698e-08
-0.150621
6.15356e-09
-0.150621
3.44971e-09
-0.150621
1.76267e-09
-0.150621
8.33877e-10
-0.150621
3.78182e-10
-0.150621
1.57348e-10
-0.150621
7.00482e-11
-0.150621
3.01392e-11
-0.150621
8.18546e-12
-0.150621
-1.44758e-10
-0.150621
-5.1705e-10
-0.150621
-1.07852e-09
-0.150621
-1.59165e-09
-0.150621
-1.93316e-09
-0.150621
-2.29372e-09
-0.150621
-2.25591e-09
-0.150621
7.803e-10
-0.150621
2.23728e-08
-0.150621
1.27005e-07
-0.150621
5.66718e-07
-0.150621
1.87481e-06
-0.150621
3.84909e-06
-0.150621
4.24217e-06
-0.150621
4.63489e-06
-0.150621
5.70564e-06
-0.15062
7.81678e-06
-0.150621
9.61438e-06
-0.150621
2.87137e-06
-0.150621
8.45582e-07
-0.150621
2.44001e-07
-0.150621
5.13448e-08
-0.150621
1.15474e-08
-0.150621
2.595e-09
-0.150621
6.25947e-10
-0.150621
1.44193e-10
-0.150621
3.20035e-11
-0.150621
6.73253e-12
-0.150621
1.11057e-12
-0.150621
-5.3383e-14
-0.150621
-8.54921e-14
-0.150621
-4.89434e-14
-0.150621
-4.67518e-14
-0.150621
-2.74167e-14
-1.50096e-14
7.45574
1.16955e-14
2.5894
4.86634
4.06428
3.39146
4.04997
3.40577
3.91886
3.53688
7.45574
-6.35726
6.35726
6.39537
-6.39537
-6.50148
6.50148
-6.58921
6.58921
6.53891
-6.53891
6.51654
-6.51654
6.50645
-6.50645
6.5301
-6.53009
6.6731
-6.67231
6.74333
-6.74386
6.73458
-6.73366
6.72624
-6.72662
6.71677
-6.7168
6.71046
-6.71046
6.70926
-6.70926
6.71197
-6.71197
6.71943
-6.71943
6.72515
-6.72515
6.71754
-6.71754
6.70519
-6.70519
6.69427
-6.69427
6.63561
-6.63561
6.4654
-6.4654
6.61361
-6.61361
-7.45574
-2.522
-4.93374
-4.08574
-3.36999
-3.96449
-3.49124
-4.13533
-3.32044
-60.139
0.000191189
222.886
-55.3969
17.0338
19.3333
-4.95074
2.91211
-101.395
59.6292
1.70042
-9.83461
6.4044
0.11027
-4.33897
4.40024
-0.433332
-27.5354
4.70047
-0.149903
-5.20497
1.17153
-0.523294
-3.45034
6.03974
0.282642
-4.85495
6.28708
-0.0207703
-4.51526
4.01987
-0.00747375
-74.1941
100.135
-0.0139531
-5.30975
6.19221
0.257987
-5.84564
7.51267
-0.014323
-13.6971
4.6132
-0.590368
-15.8875
20.1319
-0.0179779
-6.77254
4.27742
-0.188957
-2.73167
3.9429
-0.277612
-0.484161
0.238435
1.02205
-0.383204
0.315529
0.137434
-0.535488
0.409532
-0.280753
-0.204839
0.138567
0.152647
-0.957127
0.130969
1.01189
-0.266929
0.280943
-0.00178731
-0.00472673
0.234759
-0.273292
2.06586
1.26624
-3.33215
0.993252
-0.629998
-0.560357
0.907765
0.837685
-0.643269
1.14385
-1.28489
1.97137
-1.5902
2.37662
-1.87652
2.89351
-2.38097
3.41949
-3.10811
1.95692
-2.12672
1.33539
-1.94917
1.17183
-2.42924
0.0043511
-0.236371
0.00939566
0.016512
-0.0740478
-0.0225707
0.123695
-1.44711
1.44616
-0.000371161
-1.81253
1.81253
8.20725e-07
2.28517
-2.28517
-6.65843e-10
2.80432
-2.80432
-7.13024e-10
-3.55054
3.55054
-4.334e-11
-4.50692
4.50692
-1.23364e-13
-5.72963
5.72963
-1.24596e-13
-6.53303
6.53303
1.46232e-14
1.09848
-9.97773
-0.456719
-0.0158846
-4.11511
6.70451
3.34062
7.4049
4.06631
3.38942
7.45777
7.43939
3.40908
4.04666
3.07862
4.37712
6.64291
-6.64291
6.38768
-6.38768
6.57634
-6.57634
-6.56587
6.56587
-6.52339
6.52339
-6.5139
6.5139
-6.50329
6.50329
-6.59555
6.59561
-6.72281
6.72384
-6.74527
6.74451
-6.73469
6.73469
-6.72224
6.7222
-6.71845
6.71845
-6.71287
6.71287
-6.71174
6.71174
-6.72131
6.72131
-6.72169
6.72169
-6.71732
6.71732
-6.71265
6.71265
-6.70677
6.70677
-6.67597
6.67597
-6.55698
6.55698
-6.4767
6.4767
-0.0128781
-6.19075
6.19075
-4.46275
-2.99299
-3.51308
-3.94265
-3.45344
-4.0023
-0.113794
-2.50666
-4.95689
-37.6463
25.3561
-19.0762
5.07004
-0.00964155
0.804745
5.45542
-7.68209
0.979654
10.3333
-7.5252
2.27959
8.29886
-7.44224
0.716059
4.5098
-4.55888
-1.23657
10.0381
-4.90565
0.225743
132.43
-74.7365
0.833865
5.00059
-5.171
-0.313524
2.81248
-4.27854
-0.16264
3.50015
-4.26903
-0.383966
39.3015
-25.3993
0.0879951
21.963
-15.443
0.0217639
6.0633
-3.70965
-0.0502768
26.5505
-13.4194
-0.00222894
3.77316
-2.60913
-0.0525228
6.93455
-5.13287
-0.0518392
1.1634
-1.97735
0.301284
0.115524
-0.293275
0.674819
0.328138
-0.512681
0.668668
1.6325
-0.0862628
-1.33742
0.236483
-0.948175
0.433191
-0.0417523
-0.959145
1.11311
0.431399
0.449429
0.486829
0.449645
0.354016
0.346445
0.710025
0.738051
1.01022
1.09815
-1.12821
-0.760657
-0.776613
-2.67942
1.27882
-1.26622
-0.00411353
1.62586
-1.62583
2.86613e-05
-2.03818
2.03818
3.45066e-08
0.246989
-2.59944
2.59944
-2.64054e-09
0.204882
3.07029
-3.07029
-1.56308e-10
3.99718
-3.99718
-5.00161e-13
5.08862
-5.08862
-4.85336e-13
6.40825
-6.40825
4.28198e-14
0.922704
7.32793
7.45242
6.6155
0.00768167
-0.0748586
0.0233462
0.015514
0.0026359
0.00316428
-0.0653878
-0.0505394
-0.00320197
0.00101268
0.00390947
-0.00170126
-0.00241105
-0.00248533
-0.00933851
-0.00225931
0.00783229
0.00489518
-0.00158152
0.0183004
0.0786241
-0.0112966
0.422868
-7.59883
-7.41793
-6.64366
0.214088
5.07727
1.70122
-0.152573
-2.56163
-0.462154
-0.221996
-1.76396
-1.65728
-0.0111895
-0.248635
0.00177253
-0.178929
-0.429462
-1.63914
-1.61112
0.534847
0.108829
0.885477
0.0113533
-0.754835
-0.603961
2.6727
1.02933
0.179148
0.22565
0.314271
0.265966
0.446636
0.581706
0.678623
0.00685326
0.00745597
-0.0268026
-0.0763626
-0.0196432
0.0103889
0.00813649
0.0053422
0.00797443
0.00361461
-0.000225963
0.00188276
-0.00346428
-0.000225931
0.00745574
0.0125015
0.0403664
0.0915775
-0.136914
-7.83274
-7.4339
-7.32274
-6.1043
-14.0373
-0.0677521
-0.496818
-1.1069
-0.653497
-1.25809
-0.00577153
-0.267169
-0.15033
-0.366969
-1.61728
-1.18114
0.249554
0.285831
0.161036
-0.727009
-0.549779
0.247546
0.0269611
-0.285653
-7.92673
0.462169
0.53978
0.346658
0.124782
0.641005
0.509739
0.186684
0.170819
0.480255
3.70844
3.69646
4.53098
2.08452
5.4756
3.86599
3.58644
6.22449
-6.2168
-4.16595
-3.76078
-3.78699
-6.53401
6.56097
6.56647
-6.64133
16.3181
-21.2441
6.60141
-6.57807
0.0674029
-4.24375
-3.35508
-6.51609
6.51873
6.49271
-6.48952
6.50247
-6.56747
-6.75845
6.70994
6.7624
-6.73311
6.71287
-6.72785
-6.72899
6.73358
6.71932
-6.72135
6.71112
-6.71357
6.71528
-6.71777
6.71604
-6.72538
6.72869
-6.73095
-6.72937
6.7372
-6.71604
6.72093
6.70783
-6.70941
6.71543
-6.69713
-6.60684
6.68546
-6.35379
6.3425
-4.34112
-3.49162
-8.50707
-7.73536
-6.63335
6.62047
-0.0668757
0.0423998
25.333
-21.8148
-5.94998
-3.73035
-3.68758
-2.23506
-4.49656
30.3528
-21.4562
-6.52038
6.40659
-0.295895
-0.234743
-2.13181
2.02138
-7.6355
7.76028
-36.212
27.9403
10.3338
-31.5014
41.591
-0.0450756
-26.5399
25.9202
9.03667
-11.7561
4.03923
7.53658
-4.88795
-3.95136
4.79709
-2.81604
3.55736
-4.64434
2.49734
-1.40956
7.22415
-7.35712
2.47157
-36.7727
3.49148
-6.15629
2.34261
-10.5689
5.68606
4.28756
-7.37928
-7.29044
5.21115
6.31905
-5.19447
4.53986
-4.98709
-1.92956
1.4803
1.14846
-0.784351
-0.829385
0.130559
0.0320486
6.40342
-6.15588
0.186619
1.2947
-0.840746
-0.748216
1.20785
-1.20585
1.12816
-0.773197
0.412001
0.506911
2.49324
-2.24626
1.73996
-1.56075
3.75158
-3.27132
-2.0109
2.23655
0.482348
-1.34475
1.51272
0.393957
-3.09661
3.36257
0.654968
-2.84701
3.0519
0.51556
5.30295
-4.72124
-1.7866
1.97327
0.449952
6.65397
-5.97535
-4.20914
4.71888
1.09381
6.51985
-6.513
0.00376583
-5.26834
5.90934
1.38564
5.78904
1.52731
-1.20291
-2.54096
3.27979
3.74836
-3.05786
3.82128
-2.817
2.69159
-1.5709
0.427829
-1.56877
-1.18506
0.455516
0.189116
-2.90184
-1.00657
-0.952224
-6.81258
6.82114
-0.307084
3.60037
3.72757
7.46636
8.25855
-9.24925
14.8739
2.75665
7.56012
-7.54777
-28.3466
0.708692
-0.73309
0.128079
0.61571
-1.84646
6.70178
0.00170527
6.73763
3.68735
3.75204
7.27379
0.308639
-4.85638
6.7689
0.00544817
6.77301
6.51044
0.0505334
6.52595
-0.832308
10.2296
1.1881
7.27446
-6.50796
6.51542
-6.4936
6.46691
-6.67938
6.60408
6.74136
-6.76478
0.018143
0.0190854
-6.7371
6.73426
-6.71911
6.72692
-6.71408
6.71769
-6.71122
6.71099
-6.72809
6.72997
6.72289
-6.72635
6.71913
-6.71935
-6.71476
6.72221
-6.71024
6.72274
6.70956
-6.66919
6.57543
-6.48386
6.37345
-6.51036
-7.1249
-0.694221
-0.177273
3.67139
-7.40174
-3.65136
-3.9669
-3.46699
-8.14902
-7.32199
0.0107712
-7.15457
-0.000781
1.78493
17.6808
-17.5529
-8.34949
0.00430315
-8.39399
5.39808
-7.75665
1.41734
-0.0194587
5.84071
-3.38683
1.89113
-3.95787
2.4831
-3.68667
2.68778
-4.63444
2.02181
-2.97157
15.8964
-4.80241
26.2292
-2.35871
12.1666
-4.74909
5.92262
-1.65683
5.00667
5.14051
-6.19946
-6.13225
7.01533
-5.83313
5.28088
-1.38339
3.74571
-0.670445
0.363084
-0.991961
0.00308773
-0.0064767
0.692055
4.85805
1.11859
0.412532
-0.0436323
0.0129535
3.8934
3.56437
7.60184
7.31641
2.52515
0.526752
-0.00147733
2.83942
-3.74248
4.18911
8.55452
0.9764
1.27297
1.96155
0.749261
-0.0991181
-1.13586
1.48687
-1.01465
0.721499
-0.751448
-0.379662
-1.00033
0.629695
0.221639
-0.831694
0.917794
0.59316
-0.857874
-1.27308
0.577256
-0.947048
-1.79467
-0.348017
-0.304777
-3.09667
-1.14341
-0.209481
-3.50862
0.102723
-0.0532905
0.120956
0.156738
-0.167867
0.201606
0.0462406
-0.00240994
0.00617546
0.0178486
0.00233453
-0.0120509
0.00406372
-0.00301345
-8.212e-05
-0.000979483
0.0256056
-0.0143862
0.0128028
-8.61352e-05
0.0010796
-0.150988
-0.100111
0.0259181
-0.0624047
0.0132297
0.0104842
-0.120693
-1.00638
-0.309581
-0.391324
-0.332043
-2.14426
1.83201
-0.0103823
0.196639
0.210508
-1.23751
-0.636015
16.977
-14.6093
7.10971
-5.80339
-6.62693
6.63606
-6.74232
6.75133
-6.5073
6.51809
-6.75917
6.89554
-5.56318
7.34812
2.99133
-4.22492
-3.17682
-6.47445
6.37332
6.70908
-6.83764
-0.11395
-6.5294
6.88343
-6.49312
6.54365
3.0122
-2.41904
5.66564
-9.04848
-6.75362
6.75264
-6.78987
6.80637
6.82411
-6.827
0.0164553
-6.73261
6.74541
-6.73558
6.73961
-6.7384
6.76401
6.75068
-6.76273
-0.00294351
-0.937195
1.5793
6.75475
-6.76122
6.74665
-6.74702
0.0108317
6.75189
-6.74571
0.0192795
6.73908
-6.75347
-0.0236655
6.74232
-6.74473
0.00391614
11.0715
-10.5367
0.744196
-1.57756
-6.58733
6.78894
1.23841
-1.48303
-6.0814
5.91353
-3.21244
-4.10954
1.29248
-0.734241
6.43813
-6.43872
-0.0349227
-2.00142
-6.1483
-6.22636
-6.99848
6.89241
-6.99955
0.0103179
6.6353
-6.62715
0.0180965
-7.76281
6.76552
0.0227851
-3.89061
-3.26396
-7.10306
-6.44078
6.60428
-6.53687
0.111158
-11.3645
10.0461
0.164286
-6.79742
6.41797
0.0167505
-14.0705
19.0637
4.21634
-5.80732
-10.8037
10.1347
-8.53316
8.93001
0.152404
-5.87711
6.88808
0.11969
6.80167
-6.69894
0.214334
-8.06383
9.07249
5.45439
-7.46072
-3.3219
5.36885
-4.28023
22.9579
-9.26893
4.76474
-6.04088
2.58116
-3.07871
0.494072
-1.16946
-6.37421
5.24678
-1.20951
6.58176
-6.36012
0.500363
4.64252
-6.92378
5.79232
-5.35491
-4.80544
4.06787
6.74993
-6.74684
0.00421739
-5.70198
5.8886
-5.4193
15.4223
0.0123371
-4.92463
6.11273
0.519716
6.73012
-6.57659
0.00623692
-5.41776
6.53635
2.84079
0.834365
1.80272
-1.40947
3.8207
-3.16574
1.57737
-0.235445
-3.06316
3.57872
0.757548
-2.77802
3.30477
0.800701
-6.48834
6.40686
0.284849
6.53899
-6.53522
0.0317144
6.70866
-5.32302
1.78403
2.0251
1.45466
-1.15024
0.48746
0.652537
4.93073
-3.95433
-0.502963
1.2238
1.91751
-0.655791
0.4611
-1.46563
4.31324
-3.39545
1.14751
1.53528
-8.17263
6.74241
-2.20139
6.46828
-6.79821
-0.538841
-0.413638
-6.66385
5.9124
-0.750318
-2.59467
0.561662
-1.70849
0.958688
-1.07887
0.475553
-0.519381
5.55791
-4.4641
1.60359
1.64862
2.06217
-1.61221
2.3889
-1.90655
6.5009
-6.67988
-0.356047
3.15851
-3.50456
-0.96307
-1.30608
-6.43279
7.21072
0.0226944
-1.12538
0.522816
-0.587406
3.58621
3.68758
-0.968238
0.428818
-0.0139423
4.47736
3.12448
-1.11266
6.75678
-0.00203351
6.77463
3.21531
4.25105
6.80151
7.09184
0.0137932
-6.49881
6.52477
0.019322
0.00453735
-0.300902
0.000677794
-6.93493
6.85932
6.74585
-6.74954
-1.81984
1.54954
0.512617
-0.0114727
0.568856
-6.7668
6.76913
-0.00186426
-6.725
6.77124
-2.43886
-1.41421
6.69103
-6.75791
0.0144026
0.0862175
0.695437
6.47587
0.0677801
6.48883
-14.4159
0.0712818
-12.1832
22.1174
-26.2179
7.09888
-5.61208
0.000273821
0.79717
0.020927
-3.78047
0.0364587
-4.94446
10.2423
-9.73274
-0.505432
0.456766
9.17941
-9.68355
4.08932
-25.7447
-2.72776
4.39139
-5.21093
-0.718046
0.0557449
-1.36659
5.09264
-0.76083
5.69571
0.0277895
-1.6719
0.865488
6.50389
-0.615287
6.20799
-0.693882
-0.853643
1.35349
0.679223
-6.61279
6.65519
0.0782476
0.118313
1.09117
-0.763561
0.285311
0.513384
0.734364
1.9621
0.552663
1.01888
-0.0141615
0.255617
-1.2768
-1.21008
-0.797697
0.776689
6.55969
-6.79444
-0.198217
-4.71444
-3.02093
-7.30911
-7.13047
-0.686801
-0.315736
-0.177483
-0.0778085
-1.39444
0.0390108
0.033964
0.0079074
0.0722981
0.00630954
-0.0463899
0.0323741
1.70639
-0.193962
0.00136048
-1.81625
0.847567
6.81843
-6.81819
-6.78721
6.82622
-6.81458
6.82223
-6.78893
6.79588
-6.81568
6.81243
3.85332
-32.3235
-6.74864
7.57942
7.12266
-41.6517
7.46869
2.31725
-1.54056
-6.67474
7.43308
-6.49656
6.51659
-7.49739
1.27101
-8.03637
-6.67686
6.97692
17.6599
-11.6486
6.27924
-6.04528
0.0376885
-6.52816
6.2466
-5.91013
7.50207
0.0999546
5.04207
-8.27066
-1.79876
2.31137
0.518491
6.73245
-6.51601
0.0545538
6.92408
-7.07292
0.00856563
-6.78472
6.804
6.7865
-6.81013
-0.0293081
6.80061
-6.79669
0.0134053
-2.38698
0.692774
-6.55804
6.98685
-7.60999
5.33338
9.57347
-9.81677
-6.42327
6.37689
3.14549
-4.1392
-38.9377
61.365
0.634475
6.68894
-7.29602
-0.00869591
6.79391
-6.79323
-0.00278649
7.54279
-7.85865
0.0131127
-19.8119
6.84091
-0.00129635
9.04293
-11.3957
3.52918
-2.81369
-1.29885
2.12963
-6.69558
6.72236
-0.0156019
4.96424
-5.50722
-1.3629
-1.27222
7.03999
-7.00548
-0.00656207
6.39271
-6.37503
0.00190383
6.78679
-6.80109
-0.0234994
0.437084
-1.21761
-3.61395
3.19194
-2.62292
6.47183
-6.40403
0.0485849
6.91574
-6.80036
6.97044
-6.7561
0.4124
17.9542
-13.027
5.04808
-5.1601
-14.0501
12.8651
-0.0163048
8.15506
-5.18084
-6.80182
6.82961
-9.90222
8.68557
-0.100839
2.01012
-1.17465
-21.0051
28.9713
-0.00607558
-6.79953
6.84781
0.0154559
4.04711
3.2693
7.17159
6.95688
6.422
-6.54028
0.00354581
3.79136
-2.99065
-6.70763
6.99017
0.205798
6.49289
-6.46101
-0.00340069
-9.49425
13.3864
0.25899
6.81409
-6.81613
0.0122746
2.27458
-1.23738
6.84269
-7.09771
-0.318505
6.80376
-6.81811
-0.0112159
-6.78524
6.80437
-0.0139725
6.79918
-6.79496
0.0144596
-6.79961
6.81015
-0.00353511
1.07375
-1.44722
-6.55825
4.89587
2.66835
-10.9794
-0.0958355
-0.101762
-1.50089
2.05363
0.810482
-2.03696
11.0999
0.0109461
6.23465
-6.2659
-0.282212
6.58884
-6.47768
0.184815
0.591127
-0.0138354
-4.81189
6.59592
1.67431
-3.21487
0.0861561
-1.4376
1.03303
2.75832
-1.13204
0.0107694
0.290504
-5.16976
0.0187727
-2.86837
2.55302
-0.00594822
-3.63913
-0.0389656
-1.16778
-6.69985
6.77809
-0.82087
0.00609804
0.405071
-5.28517
-2.91378
-7.33655
6.86206
-6.78977
-0.101418
3.57815
3.22336
-0.874572
1.53483
2.10922
-3.64405
0.0418109
0.807814
-0.0839557
-4.13289
5.73647
0.743801
1.3098
1.10565
-7.71905
7.29051
0.0346428
-0.00864978
0.547138
-1.65964
1.08665
1.18815
-0.900114
-6.50408
6.59034
-0.541968
0.105962
-7.83105
-0.0460382
-6.47974
0.0364503
-0.693857
-1.26851
1.73642
-0.890351
-0.382355
1.08811
1.21662
6.60751
-6.10715
2.5263
-3.74289
-0.830472
-0.586443
5.77654
-6.39183
-3.82284
-3.28022
1.89279
6.62205
-6.50374
0.144371
2.88206
4.07482
6.46021
-3.94853
0.957874
-3.19098
-5.46212
4.7118
1.1454
-2.59731
0.014241
6.96057
-4.93547
2.14868
2.53322
6.24557
-4.59695
2.11268
1.99897
0.879702
-2.22221
0.974294
5.64178
-6.05644
-2.39464
0.933335
6.86161
-7.05983
0.161767
-1.76434
1.33239
-2.38588
-1.52938
-2.72712
-3.42821
4.96349
2.30827
-2.98212
-3.66182
-3.46865
-6.25913
-7.29148
0.00396863
-1.97426
-0.00615776
-1.69746
0.331229
-1.65386
-3.82344
0.632457
-2.67593
4.45296
2.71863
6.98618
6.79346
-0.898449
2.57275
-6.0844
6.73089
4.33766
-3.30462
8.96895
-9.81555
-6.8764
6.87029
0.274356
-7.52495
7.78576
-10.1236
10.9109
-0.55704
-2.31327
0.616195
-1.56918
7.14666
-7.71251
-0.320798
3.96419
-7.89335
6.76198
-7.79435
0.0977745
-6.80504
7.54482
-3.33453
3.03449
-0.302973
-2.30015
1.0153
-3.83803
2.07351
-0.14498
7.15267
-6.97329
-1.42495
0.852396
4.50183
-2.96701
3.60339
1.37065
-6.84745
6.86086
6.91561
-6.87386
0.885726
-6.52783
6.87765
1.96204
2.743
-3.52935
-5.01911
3.02711
-6.85085
6.88541
-1.36685
2.59031
3.61873
-6.74985
-9.13433
6.70425
-7.7887
7.99037
0.108923
0.207937
6.84888
-6.85167
0.0014309
8.33734
-6.85772
0.0565041
6.86185
-6.87579
6.83594
-6.86343
6.85446
-6.84369
0.00278648
-6.10769
5.9071
2.06095
-3.98568
0.491671
-1.307
-0.86708
-0.7651
7.25254
-7.48047
-4.07819
10.3896
-0.0345003
6.23384
-9.97289
-0.138632
6.83694
-7.05488
5.07624
-23.6244
-15.8677
17.0618
0.0946049
-6.31195
6.36072
-0.922631
1.70645
-1.99429
0.726454
-1.37696
-6.35477
7.23447
-2.00171
1.11146
-6.84601
12.9196
-0.0079934
6.58947
-6.57269
0.081607
-1.01352
2.0744
7.28252
-6.87012
0.92775
-6.86223
6.8473
-0.0259217
9.40421
-8.49679
0.167458
-22.6116
54.7433
0.0842691
-8.44999
5.26426
-4.97562
0.307056
-6.86361
6.87901
-0.00180657
6.98136
-6.87539
0.111234
-6.86311
7.06887
0.0524916
-6.661
6.87321
0.0010302
5.26774
-4.43338
-16.3709
20.1617
0.0256204
-7.54618
4.37463
-3.99889
-7.0517
6.46525
-1.27516
-0.594576
6.30519
-6.307
-0.264838
6.87951
-6.86722
0.0285433
5.93109
-5.99817
-0.00359668
6.84374
-6.87404
-0.0334341
6.88276
-6.87596
0.0155096
-1.98325
2.87646
-1.12408
6.87236
-6.88368
-0.00261559
3.09125
-6.87578
6.86189
-0.0284911
6.86734
-6.85288
0.0236475
-6.87526
6.87157
-0.0136295
-7.59599
7.43957
0.0665698
-19.9128
13.5642
0.128213
-5.64746
5.42622
1.2766
-1.79275
6.44502
-6.26022
0.133332
1.4497
-2.01408
0.0915214
2.28756
6.53401
-4.53505
-0.0432733
2.65846
13.2188
-0.452619
-4.21972
6.33241
2.31429
-1.27533
-6.39785
6.67221
0.0195223
-2.49948
0.930517
-1.68901
-0.0642402
-0.0135575
6.96109
-8.61371
5.71189
-1.52344
-0.00671372
5.88182
0.00512157
-0.0196933
-6.78005
7.71337
0.288816
-4.07795
-0.0797808
-4.00486
0.0422013
-2.70834
-0.10592
-0.629093
-0.00429095
3.76416
-2.7424
7.65531
-7.64973
-5.26488
4.73578
-2.28276
-0.540978
1.81689
-3.64857
0.343943
-2.69069
6.28381
0.0772524
6.20006
1.16274
0.329373
-0.90301
-5.40674
-6.85627
6.89272
-1.24795
-2.85835
-2.9763
0.0325345
1.06333
6.40149
-6.25709
0.141443
-3.13126
-5.31873
-0.105101
0.00459394
7.64783
-7.58731
-0.0371292
-3.16743
-3.61846
-4.81996
0.163501
4.75774
0.927538
-5.11373
-5.17074
-2.12074
7.04371
-6.88195
0.645863
6.68576
-4.53708
2.15072
2.4491
-1.99347
6.75121
4.46674
5.47605
-1.74437
2.13159
0.91141
0.0253255
-8.302
-0.0134045
0.0145805
-4.77536
2.08467
-4.1429
0.0173214
0.0517906
1.74311
-2.28365
6.97127
-7.16531
8.03766
-5.72337
-1.85535
-4.87864
3.82749
3.10588
3.22653
1.40223
-7.37425
17.9253
-16.2638
0.415112
5.41415
-5.94502
5.15768
6.89648
-6.89505
-7.08544
7.2028
-12.6716
6.11277
-6.83267
-2.14974
0.772829
-1.21916
-3.2559
6.48242
4.78176
-0.474572
4.52487
-4.29536
8.07344
5.96722
-5.83384
-6.9742
3.89083
-6.90439
6.92171
-6.88257
6.90091
6.90756
-6.89062
-5.86967
0.352637
-2.96963
6.88016
-6.90359
4.40978
23.5287
-18.5315
31.7581
-12.7823
15.1276
-6.89927
-6.89467
-6.11691
6.07515
-16.1135
3.5588
6.96073
-6.98123
7.13055
-4.85532
-3.87224
4.21618
-2.15802
0.882808
-1.3852
-6.90852
6.88242
5.94238
-6.20618
-0.945853
2.34843
-1.17407
5.69375
-5.79676
-0.509098
6.88935
-6.89207
-6.89934
0.961867
-5.41289
-0.866379
1.1532
1.47541
7.37222
-7.96679
0.490271
-6.89656
6.91496
-1.27955
3.08046
-2.51025
1.60709
-5.37323
2.89982
6.88649
-6.51296
6.88693
6.91018
-13.37
-10.754
-2.17593
0.696237
-5.28735
-2.00114
-7.18085
-6.81668
-2.49074
-5.78962
-1.13855
2.54078
6.40689
-5.99178
-2.76976
1.49026
-1.02664
-1.78757
1.88019
-2.19869
-3.03336
-4.54406
5.85568
-3.14265
3.5479
-5.70074
-1.11418
5.63255
-2.07375
3.84498
4.40868
-6.20016
0.476791
-4.04944
-5.74134
-1.62734
3.89815
0.318036
-5.82899
5.90713
0.139307
0.112538
-5.84102
5.98258
0.565889
0.149028
-1.28703
2.2748
-0.203508
4.45356
2.3399
6.90266
6.80664
-0.67653
5.2688
6.64381
-5.99795
0.652038
-3.35594
0.863038
-3.06896
2.71539
-3.85394
1.32163
4.31589
2.26277
0.452624
-2.13822
6.91998
-0.250558
-2.19589
-3.56081
-4.85765
1.61463
-3.23018
6.82374
-2.37968
0.752314
-2.41087
1.45132
0.561743
-1.94694
-1.81795
-0.625298
-0.0502716
2.79855
-0.886446
-4.7252
5.04324
4.98308
-5.47347
-1.19049
2.68588
1.64566
2.47154
1.56906
-2.24563
-5.92567
2.56424
-6.09
-3.88327
3.78653
-1.42312
6.32373
-1.34105
-8.13617
-4.31635
2.00047
2.31588
-3.42675
2.85321
1.54417
5.37581
5.95284
6.02785
7.16911
-4.5669
4.78926
-4.63995
0.701894
-2.48417
1.6123
-0.990346
5.33496
-2.65205
1.62549
-1.08318
5.32733
-5.20995
-0.145598
1.63748
-0.880229
4.29172
0.751523
-5.76039
5.90036
-5.69521
6.26112
-7.6459
-1.33005
-3.62373
-4.41715
4.99361
-2.8042
0.558598
-2.0519
0.681511
0.332646
7.95414
4.4913
-4.49471
0.909104
-3.86639
-0.971195
-4.42661
-4.28368
3.3122
0.693195
-0.180468
2.27262
-2.45309
0.220727
5.07261
3.38318
-1.72293
1.96308
5.40526
6.15678
3.19986
2.95694
1.62127
2.52454
-1.96593
-2.80535
1.81608
-1.17967
-4.2346
4.92881
1.44133
-4.47423
0.492263
-1.34203
4.5419
-5.63546
3.65158
-0.0991323
-2.48827
4.57827
-3.58984
0.294591
-4.66201
-0.896232
-2.79024
0.824314
-3.57524
4.08738
2.5251
-2.62772
0.0353783
-0.81228
-2.56951
-5.36343
1.12902
-2.05131
-3.1037
4.23202
2.05509
-4.10645
1.87054
2.67136
4.80592
0.121887
3.00473
-1.56342
1.82497
-3.35242
3.38691
-4.03807
0.93435
-1.98285
-2.41783
3.39795
0.253629
-2.90184
1.33841
-2.07752
4.02456
0.192051
1.32043
4.14396
3.19098
0.444741
-4.53781
-2.96593
-1.1406
3.23092
-1.40603
2.0504
-3.38881
7.45574
2.65055
4.80518
3.58199
3.87374
4.00787
3.44786
3.27917
4.17657
7.45574
-6.51743
6.51743
-5.49931
5.49931
4.07815
-4.07815
3.08697
-3.08697
2.44388
-2.44388
-2.04412
2.04412
-1.64693
1.64694
1.30897
-1.3111
-0.122707
-0.0715824
0.0292689
0.0170527
-0.269836
-2.44959
1.28385
-2.67655
1.82776
-2.49639
2.13785
-3.00962
3.28727
-1.99711
2.5221
-1.40721
2.14807
-1.17021
1.90287
-1.08904
1.62743
-0.777607
0.718827
-0.509506
0.701966
-0.444775
0.624274
0.280633
-0.338941
0.259238
-0.2413
0.648463
0.0378815
2.48664
-1.20191
-4.04435
3.89483
2.70685
-4.77295
4.00407
-2.62958
5.07839
-2.80187
6.13453
-6.18865
5.07483
-5.62095
26.7821
-27.8916
3.62324
-3.76757
55.3935
-33.123
8.65058
-6.76646
4.19514
-4.29314
14.3738
-12.9872
217.124
-89.3864
24.2942
-33.456
2.44369
-6.61077
6.61905
-5.23901
5.05502
-8.10106
2.974
-5.80996
6.72266
-15.9805
2.24312
-7.69462
14.9902
-80.3374
-7.45576
-3.01693
-4.43887
-3.52076
-3.93497
-3.39394
-4.06179
-3.54411
-3.91163
-7.45574
6.36501
-6.36502
6.42135
-6.42135
-6.556
6.556
-6.70504
6.70504
-6.7253
6.7253
-6.7262
6.7262
-6.72711
6.72711
-6.72131
6.72131
-6.70896
6.70896
-6.70903
6.70903
-6.70821
6.70821
-6.70617
6.70617
-6.70224
6.70227
-6.70521
6.70516
-6.72719
6.7273
-6.74956
6.74961
-6.66443
6.66448
-6.52151
6.52151
-6.47226
6.47226
-6.49078
6.49078
-6.45983
6.45983
-6.39958
6.39958
-6.32525
6.32525
-6.75836
6.75836
10.1063
0.938308
-0.029094
-10.4745
-1.09072
-3.21922
8.02441
4.23652
7.81851
3.51918
3.93655
3.29898
4.15676
7.30685
7.43593
2.57743
4.87831
6.38587
0.13156
6.38587
-0.00535663
0.886555
-4.81425
4.81425
-3.46229
3.46229
-2.7279
2.7279
2.22744
-2.22744
1.84453
-1.84453
-1.45784
1.4579
1.18098
-1.18064
0.197604
-2.81079
-1.36263
-0.715734
-0.886236
1.32716
1.18982
1.15719
0.734969
0.573814
0.241939
0.300895
0.237178
-0.0425832
0.970734
-0.752555
-2.81692
3.79581
4.05309
-3.5876
-4.37732
1.52773
-4.69053
5.13545
-7.44074
7.15033
-6.86841
6.27122
-8.35051
18.2547
-4.84648
3.24229
-5.23654
10.9143
-33.3309
8.0353
-13.1686
4.22268
-3.96141
5.40106
-2.76791
7.3915
-7.36591
2.3682
-3.58254
6.7607
-5.82721
7.29696
-4.61973
4.14968
-6.92926
5.35058
-11.5567
46.7839
-6.78295
7.58703
-18.9189
61.4204
0.183321
-6.448
6.63099
-3.88459
-3.57115
-4.06225
-3.39349
-4.0502
-3.40554
7.39293
-3.06958
-4.38616
-6.66001
0.294991
-6.66001
-0.238659
6.42594
-6.42594
6.65888
-6.65888
6.72455
-6.72455
6.72809
-6.72809
6.72741
-6.72741
6.71988
-6.71988
6.71295
-6.71295
6.70391
-6.70391
6.70489
-6.70489
6.70354
-6.70354
6.70241
-6.7024
6.69815
-6.698
6.70913
-6.70918
6.73764
-6.73762
6.72374
-6.72361
6.58342
-6.58341
6.48627
-6.48627
6.47964
-6.47964
6.4877
-6.4877
6.43724
-6.43724
6.3303
-6.3303
6.50344
-6.50344
6.33346
-6.33346
1.10292
-6.61369
6.75399
0.685062
0.615866
0.359073
0.216435
0.199588
0.189082
0.121818
-0.372093
-3.22326
-2.48969
-0.453207
-0.832679
-0.105237
-1.08155
0.128311
-0.0398927
-1.0663
-0.110182
0.517967
-0.0476281
-2.03547
-0.3549
0.00793373
0.866165
0.918307
0.381774
-0.00070914
0.410945
-7.58301
-7.44414
0.00459394
0.102874
0.0195054
0.00278649
0.00120497
-0.00722981
-0.00835947
-0.00504582
-0.00414205
-0.00466869
-0.00375057
-0.00401467
0.00396406
0.010447
-0.0257303
-0.0809376
-0.0352391
0.00738048
-0.00308773
-0.0225931
-0.0692856
0.178185
-0.424902
0.25591
-0.0580155
-1.5747
0.0175622
0.20131
0.617214
0.970546
0.199298
-0.0674544
-7.81956
-7.45528
-7.31717
0.000753105
-0.00188276
-0.000301242
0.0014309
-0.00399147
0.00512111
0.00331382
0.00263883
-0.000110157
0.00712845
0.018132
0.0120668
-0.0588108
-0.061872
-0.0140074
0.011146
-0.0278649
-0.0376552
-0.0050458
0.254926
7.38442
0.147009
0.284018
0.375317
0.7361
1.50795
-6.37219
-0.0897963
0.304674
-5.29912
-0.137908
-0.930984
-1.36649
-0.147322
-0.509847
-0.538735
-0.488079
-0.100889
-0.0963091
-8.01002
0.0461653
0.130061
4.78515
3.03336
-1.42571
1.5727
5.69171
-5.00665
-3.66934
4.2852
7.82145
-7.68989
2.05832
-2.15876
-7.00757
5.73282
-3.00998
3.36905
-4.29282
5.02892
1.39889
1.35958
-2.37913
2.59557
3.83224
-3.45692
0.822262
2.18985
-1.99026
-4.09463
-3.48838
1.75917
-1.5701
0.333461
-0.78178
1.37272
-1.2529
-2.73351
3.01752
0.635545
0.638392
-0.0695747
-4.51772
-2.09597
-1.76088
1.95848
0.428968
0.388396
-5.87189
6.75844
1.94956
1.7518
-1.52498
0.196479
-4.30399
-3.70608
-2.30575
1.31086
-5.04867
4.11121
0.325163
-0.700592
1.1452
-1.41932
-1.47074
-4.39429
2.53943
-1.25551
1.1751
-0.68624
-1.27558
-3.89475
5.06689
-2.85872
0.84273
-6.07625
-2.05547
-6.83681
6.65829
-5.19289
3.70782
-1.26433
-1.34371
-7.92692
7.10133
4.95965
-6.28317
-1.02116
-6.79949
8.37096
-7.82996
6.71921
-1.23524
-2.45683
-20.3481
10.2438
6.18904
-6.47366
-0.154376
-2.85334
5.613
16.0765
-15.5162
-0.292042
-2.37167
1.15237
3.9057
-3.02305
-0.033491
5.17414
-8.86537
0.0996078
4.22303
-25.1804
-0.00759152
36.3828
-18.3604
0.26996
-14.4457
11.6981
-5.57305
8.05572
-6.96585
8.27894
6.763
-5.82973
-5.84296
8.96899
47.8052
-30.3318
-10.6626
11.4856
6.45275
-7.34623
-4.25745
-3.56211
-8.56145
-7.65674
2.3266
-2.14328
0.336344
-4.03051
6.7546
-6.70843
-5.47688
-3.84663
-3.59751
-3.58335
-3.73382
-7.42998
-8.25154
6.25612
-6.25152
6.73923
-6.73848
4.00614
4.01827
8.79129
-6.41939
6.18073
-0.163273
-6.72907
6.74857
0.0101669
6.73404
-6.73592
-6.73072
6.73042
-6.72643
6.72786
-6.71212
6.70813
-6.71099
6.71611
-6.70948
6.7128
-6.70584
6.70856
-6.70114
6.70345
-6.70362
6.71009
-6.7115
6.72877
-6.75457
6.76739
-6.75729
6.69866
-6.55621
6.49467
-6.46804
6.45405
-6.49312
6.50427
-6.4767
6.44884
6.43355
-6.4712
-6.24971
6.24467
-6.52482
6.77975
3.52634
3.85808
9.26887
-7.34315
3.25488
3.77283
-1.09465
5.81662
-1.20833
0.415482
0.14053
-1.14688
1.14118
0.0617608
1.76516
-0.36441
-0.916627
1.65465
-0.857743
1.30556
-0.642805
0.980224
0.910299
-0.479403
-0.500119
0.606797
0.355093
0.351622
1.00957
-0.571161
-0.240655
-6.6228
6.72568
0.131793
-1.87327
-7.74158
7.79109
-7.57284
3.48446
3.95147
20.5821
0.835589
9.64205
0.562814
-1.42083
-0.995157
3.04781
4.25903
6.57415
7.7435
-0.621354
-7.34676
7.04026
0.0461731
6.7118
-0.0682952
0.82828
0.452284
0.268815
-0.890109
-0.897064
7.36619
-6.52713
-0.829608
3.84392
-7.3323
-3.61136
0.317976
-0.899866
0.0401405
0.801303
4.12796
-0.527777
-2.88909
0.841369
-0.108351
11.4178
-10.0124
6.9344
-21.2119
6.22025
-11.2856
30.3339
-25.8604
0.949141
-9.82565
23.2312
-11.2373
9.70675
-6.72393
-6.5667
0.315174
-6.43664
-7.27785
4.72686
2.66607
-7.20887
7.76022
-1.09712
-6.72854
6.73133
-6.73358
6.73479
6.72304
-6.73027
6.72184
-6.7302
6.70534
-6.71039
6.70866
-6.7128
6.70934
-6.71399
6.71257
-6.71615
6.69762
-6.70303
6.7038
-6.69729
6.73437
-6.72402
6.75045
-6.77254
6.57743
-6.65884
6.4631
-6.49822
6.45569
-6.44831
6.55668
-6.55977
-6.46013
6.43754
6.37322
-6.44251
6.32969
-6.15151
6.52415
0.00519884
0.840377
0.879026
0.106812
0.022717
1.48512
-0.836312
4.88072
8.83219
1.5588
0.832336
0.699193
0.552245
-0.0265846
0.0799797
-0.0979789
-0.0391615
0.0635632
-0.0123354
-0.0925687
-0.180801
0.000875235
0.0208207
0.00360417
-0.00418595
0.00689577
-0.000105498
-0.00233266
-0.006778
-0.00459395
-0.00768167
-0.429254
0.397346
-0.197841
-0.110932
1.44893
0.0559605
-0.0440436
0.62824
-0.163492
-0.0780105
0.043946
0.031243
0.00390738
-0.0111975
-0.00537011
6.9528e-06
0.00572412
-0.0277091
-0.0721078
-0.22977
0.98519
-0.0519247
4.46939
0.0200181
2.45766
2.59401
0.289042
-0.0220662
-0.00240994
-0.00316304
0.00549766
-0.0071545
-0.00112966
-6.52278
6.83526
6.4322
-6.37623
6.97912
-6.40388
0.101014
-28.7404
2.93088
-3.0229
3.84516
-2.58246
1.4176
5.71426
2.04596
-28.7805
10.6445
-6.32544
7.34786
-2.161
2.49734
6.15124
-6.98229
-2.41024
-1.6491
1.90276
-3.12132
-4.21099
1.81827
-1.48482
-3.4214
3.21965
6.73511
-6.75717
-2.19465
2.64693
-6.54107
7.09356
2.6717
-1.87986
-9.46012
4.0322
4.26665
-3.43837
1.24375
-0.960871
0.510709
-0.960363
-0.635281
5.27281
-5.81309
-2.50811
2.14582
-3.70641
28.0476
2.17241
-2.20521
-0.164669
-4.90517
4.10695
2.5994
-3.98937
2.4353
133.997
-6.90556
1.18577
-68.14
75.1997
3.6425
-4.60492
-0.311885
6.8775
-6.58846
-6.53846
6.34061
3.6611
-35.2918
-0.202882
-6.35636
6.61636
54.397
-40.2134
1.5412
6.524
2.2673
7.36536
7.98155
6.80744
-6.53199
0.329831
-1.15515
-1.26002
2.80848
-1.3063
1.62288
0.512278
0.468648
6.76574
-6.76687
6.76386
-6.77101
120.404
-31.7571
-1.56282
0.666925
5.73158
-5.89485
5.43553
-6.53266
-2.81601
-0.801077
-6.76808
6.77824
-0.00421739
-6.75392
6.75942
0.0118237
5.93902
-6.37338
-1.04357
6.76582
-6.7735
-6.76154
6.75693
-0.0264338
-6.24413
6.20492
0.357706
-0.171762
-6.73193
6.73767
6.73699
-6.73685
6.73664
-6.74055
6.70779
-6.72556
-6.66687
6.76177
-6.77064
6.80042
-6.70887
6.7471
-6.9346
6.84183
-5.75523
6.38347
1.61014
6.40109
-6.49819
-6.40987
6.39763
0.0222375
12.3058
-26.4376
0.0430706
6.00066
-5.92068
-0.537792
0.462783
6.37503
-6.41419
-6.44658
6.33565
-0.0715442
-6.56451
6.46653
-0.223898
-6.5952
6.43156
-0.195219
-6.23578
6.55096
0.64172
-6.77696
6.8171
0.00128028
-1.50636
0.637465
1.61071
-1.56907
0.350684
3.27027
-2.49687
-6.7604
6.89219
0.0567088
5.73971
3.09247
7.68927
12.1087
-7.43931
-1.48411
1.01569
-1.33014
-0.336617
-6.45102
6.42444
0.015514
1.59991
-0.95844
1.70695
-1.08146
4.86679
-35.2333
-0.104926
13.3961
-8.6524
-0.520016
11.7198
-10.42
-0.466467
0.156524
-1.57317
0.584057
-1.10253
-0.974776
5.11464
2.62886
8.20711
6.3602
0.213957
8.98906
0.656105
0.674578
-0.860142
-4.40016
5.79906
-5.15327
6.90507
2.536
2.5049
0.0102423
-4.79706
-1.2007
2.96778
-2.32939
0.773137
-2.69163
3.32718
1.15353
0.997788
0.189723
-0.22607
0.485933
3.48107
-0.71092
0.865526
-7.68028
-0.595198
-3.86072
5.2203
1.93834
1.78192
2.10349
-1.71509
0.618654
-0.276914
1.23103
1.1462
1.97331
-1.6911
-4.43256
1.1879
1.30431
-7.44098
-2.69889
4.07802
-5.32316
-1.62739
-2.85815
3.15527
-2.18642
-1.86454
1.29846
0.158857
-0.47947
5.34136
-7.50821
-2.02126
3.14418
6.7381
8.78406
3.69368
-6.815
-3.51519
4.30993
-2.06065
1.9274
0.56994
2.35637
-0.540646
0.303727
-6.73995
0.00806878
-6.74223
0.264943
26.7287
-0.987102
1.45294
-6.80202
0.146699
-0.0115978
-3.183
-4.24698
-6.69819
-7.06299
-0.545676
-0.683946
-1.86996
-6.47543
0.0991671
-6.41186
6.75731
-6.76047
-6.75927
6.75686
-6.73766
6.73089
-0.0051427
6.74801
-6.74786
-6.70446
6.7222
-6.78922
6.76906
6.6818
-6.74
6.80641
-6.75946
6.79201
-6.80267
0.774335
6.63899
-6.8216
-6.4372
-0.0616191
-6.48235
-0.0850439
-0.00956443
-0.0762074
-0.740628
0.879385
-0.269849
0.0722079
-4.82725
-2.82949
-7.23749
-7.04047
0.0383119
0.00878463
-0.00285516
0.0114857
0.00248476
0.0586303
0.0312479
-0.0101169
2.26356e-05
-0.00233485
0.00534704
-0.0166436
-0.02628
-0.0104959
0.00749148
-0.0196634
-0.386888
6.38093
-6.80568
6.91976
-6.59032
6.79828
-6.80987
-6.5243
6.86052
-7.86984
8.20223
7.38255
-9.68973
-6.72557
6.91245
-3.83906
6.29491
-17.2334
16.0345
5.06735
-9.2019
-0.292928
6.80422
-6.82087
2.77951
-1.53532
6.55813
-6.52641
8.18569
-5.84779
-0.0902631
-7.2123
6.90543
-0.810112
-3.08216
4.32591
-3.46434
1.13057
6.13503
-6.03631
6.67446
-6.69816
-1.62417
-7.80135
7.40402
6.19831
-6.27465
4.73318
-7.15712
-2.47078
13.1863
-12.2449
0.856471
-1.63127
-8.68822
11.1438
-2.42748
2.91342
-1.29229
2.22106
6.80656
-6.81612
-9.46653
10.0043
7.01837
-10.9524
0.0129725
-7.88066
5.33244
7.21376
-6.91004
-6.81944
6.81522
-0.0211622
-2.78641
-4.02858
6.41532
-5.75922
0.854654
-1.58317
6.31418
-6.30394
9.61485
-11.3364
0.0610326
6.78908
-6.81548
-6.81138
6.8232
-0.00481987
6.85936
-6.76492
0.13031
1.55267
-1.12467
0.706254
-7.68767
5.81894
5.24605
-6.28963
-1.99143
-6.81899
6.82433
-0.0147657
-7.00026
7.03317
0.0393012
6.78863
-6.79177
-2.19717
2.39396
-6.6755
6.75829
-0.00856388
-6.78172
6.78217
-7.0029
7.00608
-0.0207573
-6.97929
6.97393
-6.44599
6.9008
0.0409872
1.83443
-1.39309
6.50375
-6.56154
6.82382
-6.79
0.0530495
-6.40101
6.32941
-0.0868341
6.61535
-6.83925
-6.39962
6.2038
0.109878
-6.46879
7.11051
0.744971
3.74316
5.04091
-6.83646
6.83774
-0.0212376
-6.5718
4.64685
2.41586
-1.25759
1.98058
-13.8868
0.352542
-6.78018
6.78896
0.0092811
-1.97657
3.0822
-7.07854
6.8784
-0.528395
-0.804586
-2.02074
2.11993
-6.44138
6.45689
0.173967
-1.65248
0.794668
20.0553
-18.9648
0.055419
5.9308
-5.50458
-0.171315
5.58775
-4.06182
-0.129463
23.6297
-21.0105
0.0535993
-6.87878
6.93549
-0.0410442
-1.52645
1.7525
-0.666863
-0.493004
-6.16696
6.18741
-0.0321257
-6.95164
7.05579
0.135387
-1.41455
0.529215
-0.971945
0.722223
-1.69615
-0.929592
4.12219
4.86686
4.4507
-5.25178
-2.61229
1.16355
-1.15792
-4.48271
6.98761
2.06729
-1.44871
0.221871
-5.00626
7.54227
3.20085
3.05956
-1.16951
0.442105
0.00802795
0.549557
0.142469
-6.74224
6.80641
-2.02068
-6.33895
-0.220205
-6.4247
-0.0787552
5.14981
-3.36788
2.06765
-8.9884
10.6236
6.66391
-6.30685
2.85773
1.46818
-4.06722
6.00556
2.92039
2.63767
4.01126
44.1732
-25.4971
3.52593
-5.85788
-2.96849
0.161999
0.152955
0.641279
-6.61184
6.93966
-0.218895
-2.54507
0.0377741
0.298659
-6.81235
6.81002
-0.80334
1.35532
1.3513
1.63866
4.68484
-2.77931
0.773785
0.211812
0.0545661
-0.0232033
-0.651221
5.52734
2.45422
0.228492
-1.24045
1.75302
0.826868
0.649796
-3.46375
-3.23443
-6.25017
-5.84673
17.499
-0.786344
7.86535
0.01333
-0.0108543
6.77793
-6.80392
-5.89576
5.7239
0.768094
-0.565732
0.0131217
-0.23583
0.0208951
-6.82646
6.72209
-6.54512
-0.00542164
-6.7222
-0.00430992
0.02674
0.0082086
6.62011
-6.78444
-0.605578
0.0034267
0.0254549
0.00407024
-6.2287
-0.610542
-6.7665
0.0678741
1.10276
2.79138
-2.01825
0.3639
0.64669
2.03703
0.876387
2.60697
7.13747
-4.61111
-2.42936
-6.60254
-6.45795
-0.0373752
0.632247
7.49512
-0.0214185
-0.0129392
0.0947906
8.06771
-5.23729
7.00327
-6.80817
6.8476
7.13176
-6.60828
6.83046
-6.863
-7.11615
7.23137
0.136973
-1.416
1.71984
-7.89711
8.13814
6.61061
-8.64702
0.0402705
-1.60476
0.238422
-2.7023
-0.987935
-2.45241
3.4502
1.55885
1.43195
1.0088
-1.79509
7.08415
-7.0587
6.83334
-6.71564
-3.28054
0.521179
-6.85064
6.90357
-6.83791
6.85347
-7.28259
7.06064
0.0760206
-4.85558
5.7981
7.80804
-8.4724
6.19519
-6.42131
7.14893
-7.27169
-2.66366
4.13183
6.86294
-6.33674
-5.33868
6.68998
-1.44338
0.92461
3.35883
-4.48923
-2.81171
-1.3855
-0.93203
-0.0442536
-0.93283
-2.96899
6.87313
-6.87795
4.88443
-5.56905
-0.00983189
4.11301
3.38212
-5.64346
6.83417
5.6286
-5.66056
-8.99874
9.68825
6.28059
-6.12763
2.26308
4.8744
-7.7116
7.14454
6.81611
-6.5328
0.0148253
6.85197
-6.87313
7.39105
-5.08799
0.125374
5.95436
-5.79034
1.6979
-0.606829
-2.09498
1.16902
-1.07964
-1.91902
-7.08828
8.96436
6.37609
-6.88127
6.86003
-0.0292958
-6.80037
7.09899
6.96638
-6.83612
0.165985
6.73725
-5.78834
0.0191816
-7.69371
5.13086
-6.78386
6.76728
-0.00583754
6.87072
-6.8855
-7.07482
7.02223
0.509239
-6.50693
6.40837
0.0135089
-6.13383
5.91424
-0.504351
-7.34933
7.17081
-0.0024859
-0.949601
1.46714
0.853329
0.687904
-6.25794
7.05053
-0.0348649
-6.86914
6.87735
0.00155703
-6.70072
6.70382
5.27575
-5.88535
-3.09233
0.914471
2.33122
-0.718273
1.52718
6.84384
-6.83985
0.00356428
5.97107
-9.35242
0.0122562
-6.17748
6.09062
0.103097
5.33718
6.86732
-6.86485
0.0165716
-7.47577
8.22074
-0.391614
-6.86297
6.8763
0.0101668
5.70166
-6.65077
-0.0084397
-7.18289
7.23565
0.00797695
-6.73785
6.73245
0.00984014
2.35477
-1.71349
0.90608
3.85206
4.0133
4.12477
-6.4169
-0.110229
4.63982
-4.98558
0.0249376
7.51619
-5.62039
0.0453585
-6.92691
6.88586
-0.0668757
6.82528
-6.66173
0.24148
0.333718
-8.49128
6.65034
-6.87513
6.85239
-0.0375529
-1.42932
0.0453549
-1.54525
0.150281
4.94677
2.69293
-0.936083
2.00253
4.46555
-4.35979
-0.108049
4.306
-7.0036
-2.85613
7.23417
0.29281
-0.172838
0.0126551
-6.60597
-0.0771243
-6.83043
0.003163
-4.07423
2.88206
0.0328353
-2.33402
3.89287
-0.8804
-0.16001
0.00761177
-0.0050526
4.64553
-2.57788
1.98187
-0.000603015
-1.15479
1.98173
-3.88888
6.80927
3.59314
4.47457
7.60643
7.53413
3.35547
-2.9735
-1.04695
1.79781
0.0144416
-0.0676812
-0.0776477
-2.43111
-0.0118906
-2.29334
-4.24337
-2.0068
6.15337
-0.0628157
-6.20774
0.418248
6.83835
-6.79602
-0.00212044
8.81832
-7.73633
-1.6499
1.73208
-0.72462
6.68839
0.410593
7.32063
0.0674043
4.56743
-5.13316
-2.03511
2.47342
-6.71679
-3.98453
-3.83473
0.893481
-0.0173189
-5.99998
6.76808
1.32064
1.63492
-0.00916246
-6.55081
0.423169
-6.37684
9.59427
-0.771268
-6.88086
6.86976
0.0094774
1.06665
3.3465
-2.9826
2.32217
-1.41608
1.16737
1.01539
3.47592
-2.00093
-4.68318
1.0326
-1.96228
-0.76252
-0.0281996
7.22182
-7.83236
0.844983
-2.8856
3.64525
-0.00921611
-0.0158047
2.14966
1.19683
3.02605
-1.68822
1.83441
-4.44095
1.32402
5.83043
-5.93012
-7.66022
7.78429
-3.10038
5.73806
3.70889
3.16018
6.29378
-6.41278
-6.76097
5.89679
7.28244
6.19497
0.935102
6.65059
-7.53795
-0.924598
6.89161
-6.90651
-6.89463
6.89392
3.73096
3.87548
-6.89573
6.89889
-7.58007
-1.55064
10.3439
-9.48041
6.48511
4.47402
-3.64457
2.56864
-6.42208
3.16398
-4.02888
-3.54312
2.67405
-1.78057
1.25798
-4.72594
5.01371
6.10007
-5.6769
5.55296
-5.61579
7.37621
4.34858
0.966489
-4.16367
6.15693
-5.73844
1.43221
-0.185688
-6.90762
-7.08476
7.75548
7.31532
-6.59892
-5.84285
-6.90193
-9.15208
-10.4367
6.17423
4.29729
-2.49948
7.05268
-6.88669
-12.7989
6.90891
7.14504
-6.87984
7.29043
6.88616
-6.91546
6.95357
-6.88077
1.18987
-1.91438
8.72541
-8.20725
4.90507
5.24187
-5.74388
-1.53479
-0.733208
5.89453
-5.95859
-4.84817
10.7834
2.34223
-7.8077
7.75934
-1.93487
6.89746
6.01266
-5.59835
5.70144
0.501714
6.55329
-0.993111
2.46253
6.89882
7.46425
6.23504
-0.586897
-7.48359
5.03016
-1.02703
-1.74947
0.824677
7.85022
-8.50431
-2.11253
4.45476
8.21946
-3.7662
8.22766
3.20692
-1.07805
2.28246
2.18476
1.99184
5.89141
-5.76931
8.22405
4.41944
-2.43757
1.91997
-3.81574
0.0856164
-0.559284
-6.83089
1.15398
2.35363
-1.5289
0.666311
5.21086
-3.82673
1.85837
1.24548
0.209419
-1.55592
-2.33668
1.30961
-2.3048
0.754322
-2.28046
-3.6377
0.898951
-5.9859
-1.54779
-1.16931
-2.00787
1.24537
-0.698267
-0.669066
4.49423
-1.33405
2.05665
2.23815
-2.83567
6.54456
-5.22543
5.31104
-4.54054
6.7787
1.65782
-0.719464
0.441865
2.66267
-1.4047
1.49336
5.06422
-7.00779
2.12918
2.32559
-6.01964
0.677687
-4.25719
6.90519
-5.10763
5.60935
4.38473
6.37292
-5.21894
1.26529
1.55975
1.61856
-2.17792
1.74994
-2.09047
4.27522
2.20089
-1.30138
-2.03481
2.63563
-1.68492
3.8141
-0.141181
0.383923
3.84587
-1.38437
3.85907
5.21051
-8.4856
5.66474
-0.353669
4.71188
-2.79191
2.62141
0.691869
1.1103
5.47898
-3.19859
2.5903
2.47779
-1.81135
1.17536
2.41631
-0.922948
-6.49407
0.0897451
6.1191
-4.18267
3.52242
4.66167
-3.22892
4.22724
-3.65832
1.48949
2.32461
1.71804
-2.03418
1.36515
-0.316128
-0.812756
2.24282
5.08053
-6.55761
-1.7646
3.01008
1.75782
3.24731
0.50069
4.45503
-4.02883
-1.8324
1.60538
4.74798
-5.1016
-4.88362
1.215
-4.01615
-4.47037
-3.10734
-6.17389
-0.188029
-2.43833
4.49498
2.77218
1.70307
-2.35138
2.44111
-3.51595
-0.125428
0.385754
-4.83933
4.11074
3.23759
-0.912978
-1.1883
2.3109
-2.71409
-0.391044
-2.88349
-3.92193
-5.72522
4.33193
-0.177887
-2.44626
-1.32206
2.92744
1.92525
2.00449
3.92638
-1.33608
4.06023
-4.23873
6.035
2.1313
-4.57448
-3.57794
-0.509004
1.30928
1.92831
-1.69769
-0.653893
3.23453
2.63096
-1.45523
1.44116
0.921992
3.76336
-3.84317
3.34613
-6.57652
-0.892954
-1.09789
0.629401
3.0134
-2.51046
-4.71684
3.38076
4.81143
-4.42751
-2.09544
-5.29274
4.19449
-0.544697
-0.290162
3.93957
0.82208
2.41244
-0.251315
-5.20485
0.777346
-2.56365
3.19262
2.82657
-2.37371
4.30202
3.36557
-0.953162
2.71154
-4.29299
3.74833
-0.82135
2.26072
-1.89821
-2.03076
0.147896
-4.68766
3.80667
1.73894
-1.33253
2.26674
0.498266
-4.30742
-0.492783
4.32042
4.50762
-4.7978
0.214637
0.63969
3.34881
3.82781
3.56343
3.71128
2.99171
-1.25269
2.16928
0.929978
2.38162
-2.87473
-3.65344
-0.651964
-1.57029
2.49418
0.60117
-0.430012
4.1782
4.15811
3.28122
2.02875
1.30338
)
;

boundaryField
{
    bullet
    {
        type            calculated;
        value           uniform 0;
    }
    topWall
    {
        type            calculated;
        value           nonuniform List<scalar> 
50
(
1.0311e-14
2.46318e-14
2.86416e-14
3.437e-14
-5.01669e-15
-3.04346e-13
-1.93644e-12
-9.70227e-12
-4.39144e-11
-1.86967e-10
-7.60402e-10
-2.97358e-09
-1.12192e-08
-4.0563e-08
-1.3845e-07
-4.34262e-07
-1.26254e-06
-3.42204e-06
-3.46451e-06
-3.12117e-06
-2.53474e-06
-2.03897e-06
-1.04996e-06
-3.30023e-07
-7.79579e-08
-1.24861e-08
7.08237e-10
2.90244e-09
2.73484e-09
1.76762e-09
1.20245e-09
7.29176e-10
3.3339e-10
9.37251e-11
6.48045e-12
-8.95646e-12
-2.2754e-11
-5.15113e-11
-1.15195e-10
-2.58075e-10
-5.71752e-10
-1.21148e-09
-2.49213e-09
-5.19684e-09
-1.08617e-08
-2.25922e-08
-2.64984e-08
-3.39311e-08
-3.47387e-08
-3.78414e-08
)
;
    }
    bottomWall
    {
        type            calculated;
        value           nonuniform List<scalar> 
50
(
7.92563e-08
1.6038e-08
3.71298e-09
1.14204e-09
3.84068e-10
1.13022e-10
2.4936e-11
1.29976e-12
-4.02171e-12
-8.25746e-12
-1.17926e-11
-1.95684e-11
-3.5692e-11
-6.96734e-11
-1.39685e-10
-2.82923e-10
-5.84964e-10
-1.23066e-09
-2.60818e-09
-5.48851e-09
-9.49956e-09
-1.26561e-08
-1.55067e-08
-1.44056e-08
-9.41218e-09
1.3748e-14
2.97873e-14
3.55156e-14
5.78561e-14
1.31179e-13
4.25042e-13
1.5329e-12
5.41327e-12
1.79927e-11
5.50486e-11
1.48756e-10
1.21481e-10
-9.66466e-10
-7.24105e-09
-3.29999e-08
-1.13752e-07
-2.84362e-07
6.45707e-07
1.32207e-06
-6.58776e-07
-3.75383e-07
4.19019e-06
4.35097e-06
2.21039e-06
3.90698e-07
)
;
    }
    inlet
    {
        type            calculated;
        value           nonuniform List<scalar> 
30
(
-7.45574
-7.45574
-7.45574
-7.45574
-7.45574
-7.45574
-7.45574
-7.45574
-7.45574
-7.45574
-0.150621
-0.150621
-0.150621
-0.150621
-0.150621
-0.150621
-0.150621
-0.150621
-0.150621
-0.150621
-7.45574
-7.45574
-7.45574
-7.45574
-7.45574
-7.45574
-7.45574
-7.45574
-7.45574
-7.45574
)
;
    }
    outlet
    {
        type            calculated;
        value           nonuniform List<scalar> 
30
(
7.45559
7.45574
7.45574
7.45574
7.45574
7.45574
7.45574
7.45574
7.45574
7.45574
0.150621
0.150621
0.150621
0.150621
0.150621
0.150621
0.150621
0.150621
0.150621
0.150621
7.45574
7.45574
7.45574
7.45574
7.45574
7.45574
7.45574
7.45574
7.45552
7.34989
)
;
    }
    defaultFaces
    {
        type            empty;
        value           nonuniform 0();
    }
}


// ************************************************************************* //
