/*--------------------------------*- C++ -*----------------------------------*\
  =========                 |
  \\      /  F ield         | OpenFOAM: The Open Source CFD Toolbox
   \\    /   O peration     | Website:  https://openfoam.org
    \\  /    A nd           | Version:  6
     \\/     M anipulation  |
\*---------------------------------------------------------------------------*/
FoamFile
{
    version     2.0;
    format      ascii;
    class       volScalarField;
    location    "0.0007";
    object      T;
}
// * * * * * * * * * * * * * * * * * * * * * * * * * * * * * * * * * * * * * //

dimensions      [0 0 0 1 0 0 0];

internalField   nonuniform List<scalar> 
3704
(
300
300
300
300
300
300
300
300
300
300
300
300
300
300
300
300
300
300
300
300
300
300
300
300
300
300
300
300
300
300
300
300
300
300
300
300
300
300
300
300
300
300
300
300
300
300
300
300
300
300
300
300
300
300
300
300
300
300
300
300
300
300
300
300
300
300
300
300
300
300
300
300
300
300
300
300
300
300
300
300
300
300
300
300
300
300
300
300
300
300
300
300
300
300
300
300
300
300
300
300
300
300
300
300
300
300
300
300
300
300
300
300
300
300
300
300
300
300
300
300
300
300
300
300
300
300
300
300
300
300
300
300
300
300
300
300
300
300
300
300
300
300
300
300
300
300
300
300
300
300
300
300
300
300
300
300
300
300
300
300
300
300
300
300
300
300
300
300
300
300
300
300
300
300
300
300
300
300
300
300
300
300
300
300
300
300
300
300
300
300
300
300
300
300
300
300
300
300
300
300
300
300
300
300
300
300
300
300
300
300
300
300
300
300
300
300
300
300
300
300
300
300
300
300
300
300
300
300
300
300
300
300
300
300
300
300
300
300
300
300
300
300
300
300
300
300
300
300
300
300
98.7294
73.902
52.6953
113.196
341.934
344.917
262.551
221.97
258.944
376.283
435.044
482.169
462.999
220.305
172.636
112.109
88.441
88.7286
134.484
340.801
293.954
250.908
245.333
290.913
387.572
409.863
409.581
385.157
233.909
175.903
124.934
125.14
101.591
159.463
292.907
247.16
241.973
257.44
326.113
384.581
402.119
387.612
364.842
241.929
178.835
121.539
124.086
102.606
135.535
254.339
238.824
242.591
259.045
347.167
374.506
387.475
368.74
348.989
250.512
181.666
120.63
113.886
97.8143
133.315
228.887
237.183
248.66
265.769
341.032
358.097
370.109
357.675
337.678
261.544
184.911
201.367
422.203
511.024
525.244
486.632
424.106
396.064
188.984
109.895
143.544
194.731
214.378
73.3857
109.66
275.136
207.78
387.167
409.018
409.929
461.156
434.41
410.614
222.226
139.007
161.065
159.766
224.81
93.2852
113.26
199.264
209.67
374.55
383.964
380.228
443.281
431.304
396.284
250.072
175.915
164.298
152.033
193.034
129.974
122.177
168.197
210.433
367.265
366.386
367.17
411.459
411.058
380.803
259.6
207.876
156.409
160.868
174.883
129.694
128.855
152.788
211.394
363.864
355.415
362.488
383.772
380.744
360.232
269.426
211.394
159.502
175.266
168.462
124.232
124.024
148.907
300
300
300
300
300
300
300
300
300
300
300
300
300
300
300
300
300
300
300
300
300
300
300
300
300
300
300
300
300
300
300
300
300
300
300
300
300
300
300
300
300
300
300
300
300
300
300
300
300
300
300
300
300
300
300
300
300
300
300
300
300
300
300
300
300
300
300
300
300
300
300
300
300
300
300
300
300
300
300
300
300
300
300
300
300
300
300
300
300
300
300
300
300
300
300
300
300
300
300
300
300
300
300
300
300
300
300
300
300
300
300
300
300
300
300
300
300
300
300
300
300
300
300
300
300
300
300
300
300
300
300
300
300
300
300
300
300
300
300
300
300
300
300
300
300
300
300
300
300
300
300
300
300
300
300
300
300
300
300
300
300
300
300
300
300
300
300
300
300
300
300
300
300
300
300
300
300
300
300
300
300
300
300
300
300
300
300
300
300
300
300
300
300
300
300
300
300
300
300
300
300
300
300
300
300
300
300
300
300
300
300
300
300
300
300
300
300
300
300
300
300
300
300
300
300
300
300
300
300
300
300
300
300
300
300
300
300
300
300
300
300
300
300
300
300
300
300
300
300
300
300
300
300
300
300
300
300
300
300
300
300
300
300
300
299.999
300.001
299.999
300
300
300
300
300
300
300
300
300
300
300
300
300
300
300
300
300
300
306.924
317.926
307.533
324.876
316.554
315.437
319.473
318.396
317.99
316.017
317.265
328.99
313.085
304.679
305.808
303.476
302.567
297.95
303.69
357.533
229.229
247.936
173.453
113.225
114.836
135.985
300.165
103.878
140.2
219.31
239.3
261.779
281.885
333.717
365.834
360.428
350.136
329.039
312.61
189.849
297.139
303.49
300.013
300
300
300
300
300
300
300
300
322.157
402.202
300
300
300
300
300
300
300
300
300
300
300
300
300
300
300
299.999
300
300
300
300
300
300
300
300
300
300
300
300
300
300
300
300
300
300
300
300
300
300.009
310.7
308.432
587.831
309.034
307.306
312.271
315.354
313.597
314.051
330.329
317.741
319.86
314.175
314.95
313.035
302.984
304.264
301.517
302.967
291.924
364.368
246.807
199.523
257.764
171.666
165.302
93.0189
98.4838
130.569
227.963
233.172
263.139
304.163
342.745
377.128
388.895
368.395
344.031
382.966
300.226
300.001
300
300
300
300
300
300
300
300
300
300
300
300
300
300
300
300
300
299.999
299.999
300.001
300
300.001
300
300
300
300
300
300
300
300
300
300
300
300
300
300
300.001
308.675
316.671
316.51
315.905
314.358
333.633
316.846
312.147
309.553
316.813
311.821
304.971
309.235
300.839
303.577
297.595
300.559
305.095
282.975
242.644
127.261
300.321
364.647
299.708
300
300
300
300
300
300
300
300
300
299.998
300
300
300
300
300
300
300
300
300
300
300
300
300
300
300
300
300
300
315.833
311.838
317.987
316.021
313.239
327.06
309.765
306.112
302.716
304.099
301.764
301.595
294.259
352.427
313.455
293.417
126.93
133.005
300
300
300
300
316.181
315.003
316.68
300
300
300
299.991
294.802
300
300
300
300
300
300
300
300
300
300
303.471
300
300
300
300
300
299.996
299.999
299.991
299.998
300.003
300.001
300
300
300
300
300
300
300
300
300
300
300
300
300
300
300
300
306.395
300.226
300
300.037
303.239
300
300
300
306.03
300
307.903
304.111
306.183
305.562
304.996
305.824
301.942
299.221
299.02
296.417
298.102
295.394
301.128
309.184
303.404
302.088
300.352
270.045
232.021
256.101
170.572
126.822
161.486
108.981
300
300
177.291
107.461
348.306
142.693
123.373
153.896
300
299.768
300
299.999
300
297.898
301.368
300
300
300
300
300
299.987
300.006
300
300
300
300
300
300
300
300
233.21
257.708
290.291
360.069
424.643
523.123
415.853
348.953
334.959
312.65
300.562
302.791
300
300
300
303.26
305.299
300
300
303.349
119.011
131.838
105.395
300
299.994
299.988
300
300
319.311
304.97
300
300.01
300
300
301.301
306.629
300
300
300
299.999
299.995
299.996
300.012
299.996
300.005
300
300
300
300
300
300
300
300
300
300
300
300
160.63
299.994
300
300
300
300
300
300
300
299.999
300
302.906
299.412
300.25
301.868
299.374
300.964
297.858
298.082
297.27
298.657
297.957
301.608
301.116
299.646
299.253
299.507
294.719
241.596
272.047
212.182
144.955
112.574
300
300
200.24
300
300
300.102
303.169
300
300
300
300
300
300.003
300
300
300
300
271.602
238.178
324.682
428.813
522.173
361.75
437.672
300
197.899
285.863
236.415
300
414.88
300
300
121.411
245.274
277.129
256.985
298.052
299.831
304.821
308.579
303.947
298.198
297.297
300
296.721
298.197
298.655
300
300
300
300
300
300
300
300
300
300
300.002
300
300
300
300
300
300.002
299.989
299.997
300
299.995
300.001
300.003
300.751
299.514
300.117
298.749
297.733
296.221
302.32
299.021
299.255
300.2
282.461
136.929
303.296
301.177
299.959
300.008
300
299.951
300
300
300
299.995
299.963
299.955
299.905
300
300
303.719
300
300.012
300.025
300.038
300
300
300
300
300
197.19
300
300.001
300.001
300
300
300
300
300
300
302.527
308.978
300
240.256
300
300
130.271
299.997
299.992
300.002
300
300.029
300.079
300.079
299.944
299.979
301.768
303.762
300
300
300
300
300
304.364
302.824
301.432
300.73
302.847
291.911
302.509
303.642
303.792
300.631
300.665
300
300
299.204
299.727
297.667
300.805
301.718
301.492
299.787
152.479
299.222
297.841
300
300
284.707
289.538
294.347
300
300
300
301.869
301.229
300
129.841
299.922
299.975
300
300
300
301.329
300
323.937
300
300
300
300
300.22
300.139
300
300
300
300
300
309.236
325.899
300.977
300
416.55
261.374
312.568
300
300
300
299.6
299.978
300.084
300.009
300.041
300
300
300
407.625
447.771
514.704
377.492
300
300
300
300.007
300.001
299.981
299.983
275.717
297.088
282.58
302.326
302.797
134.503
153.392
300
303.087
300
300
300
307.987
300
300
300
300
300
299.99
299.999
299.999
300.01
299.98
300
300.057
300.002
300.102
299.999
299.965
233.289
300
300.004
300
292.908
299.509
300
299.959
299.997
302.444
300
300
302.348
302.293
305.275
301.328
300.008
302.46
304.306
299.663
298.16
301.837
298.875
302.018
299.991
302.686
299.719
301.818
152.654
300.844
293.096
303.921
299.059
300
141.991
300
300
131.719
158.495
178.443
300
300
300
134.352
132.28
147.223
308.724
300.092
299.988
440.995
300
328.766
310.719
315.66
300
300
300
300
300
300
305.736
300.565
298.945
300.706
231.127
300
300.061
300
300
300.878
300
302.942
301.639
305.167
298.124
304.874
300.03
300
300
300.008
300
308.726
299.876
307.153
300
300
299.992
299.998
300
300
299.962
301.374
299.683
299.676
299.949
299.107
299.455
300.091
299.998
300.002
299.652
299.741
300.1
300.055
300
300.001
300.001
300
300
252.21
300
301.568
300.917
300
307.073
306.018
302.39
300.097
299.978
300
300
300.3
300.381
302.655
309.492
300.657
300.188
292.1
300.068
300.048
304.135
301.754
305.267
300.066
300.075
299.873
299.851
300.002
300.003
149.71
300.868
302.182
300
300
300.021
300
300
302.463
300.241
302.027
300.268
298.527
300
300.905
300.351
396.553
305.42
302.759
300.028
300.006
300
300
300
299.962
299.953
300
300.007
300.003
299.999
299.998
300.06
299.489
300
300
429.501
299.954
299.917
300
300
300.063
299.991
300
300
300.058
300.014
145.74
300.148
301.091
297.479
299.398
300.016
300.028
299.148
301.027
299.982
299.953
300
300
140.224
300.01
300
300
299.931
199.967
300
299.425
300
300.961
300
300.053
308.048
300
300.886
301.005
300
299.903
300
302.503
299.193
299.651
300
306.902
300
144.077
300
300.006
406.241
299.999
300
300.052
300
300.358
300
300.008
301.52
237.768
159.302
299.994
301.214
300
300.313
300.195
300
300.063
300.967
303.41
302.424
466.451
316.325
300
304.418
300.563
300
300
300
195.148
300
300
300
300
300
300
300
300
300
299.991
300
300
300
300
300
300
300
354.254
300.001
300
300.001
300
300
386.318
329.056
327.993
333.387
300
300
299.797
300
300
300
300.157
306.704
300.25
301.054
299.978
308.916
300
300
300
300
300
300
299.389
300
299.684
300
300
299.656
300.727
304.098
300.634
300.034
299.648
299.548
300.783
300.157
299.818
299.943
299.574
298.976
245.462
299.586
297.7
300.271
155.234
300
300
300
300
300
300
299.894
301.066
299.318
300
307.864
300
317.53
298.886
300.679
300.037
299.836
299.999
300
300
299.788
299.803
300
300.027
300
300
299.958
316.11
161.363
174.903
168.318
300.623
297.64
297.979
301.136
300
300.07
303.403
302.134
300.597
299.999
434.388
300.434
300.313
300
301.138
298.94
298.884
299.966
299.92
393.862
300
300
300
300.002
300.024
300.453
303.478
297.349
300
299.338
298.927
300
300
300
300
300
300
300.2
300.276
300
302.133
301.112
299.122
299.229
300
300
300
299.991
299.967
300
300
299.799
299.729
300.004
300.003
300
300
325.129
300
300
300
300.001
300.001
300
300
300
300
300
300.388
300.416
302.936
302.264
299.802
299.809
299.498
300
299.999
304.39
299.635
300
300
300.01
300
299.742
300
300
300.419
300
308.952
300.054
300.013
303.957
300
298.477
301.851
220.564
301.109
300
300
300.051
300
300
300
298.888
298.993
302.053
308.359
299.786
299.078
300
341.054
300.219
302.154
303.717
307.116
313.514
300
300
299.998
299.998
399.439
439.903
301.011
299.791
300
318.342
324.582
300
194.084
300
300
300
299.991
300
300.43
300.001
298.862
299.92
193.491
300
332.39
300
300
300
300
300
300
300
300
300
300
265.993
343.117
300.555
300
300.275
300
300.171
300
300
300
300.497
301.693
300.16
300
300
298.618
300
300.002
300
301.491
300
300
299.306
300
301.607
300
301.646
299.343
300.032
300.039
300
300
299.592
302.098
297.804
299.997
300
298.908
300
300.051
300.107
299.04
351.602
300.003
299.625
301.865
303.308
300.201
300
300
299.907
302.321
300
300.245
299.758
298.298
300
300.109
300.034
300
297.473
300.376
300
299.892
299.762
347.829
299.969
299.903
300
300.02
300
298.837
300.021
299.545
399.644
329.599
300
300
300
300
298.701
305.546
300.066
300
300.993
300.002
314.992
300.285
300.007
307.504
300
299.927
300
300
300.78
299.93
300.235
300.191
324.837
300.066
299.799
299.186
299.861
298.558
300
298.627
300.005
300
309.224
301.311
300
310.926
306.466
307.683
304.717
303.569
299.778
298.182
300.932
300
300
300
300
300
299.296
300.145
300
299.994
299.994
299.973
300
300
299.999
300
381.102
382.033
300
300
300
300.275
300
300
300
310.109
312.725
300.001
300.004
300
300.001
300
300.001
299.431
301.406
300.574
300.009
355.412
299.537
300.007
300.01
300.003
369.575
316.852
300
299.837
314.952
311.225
310.18
300.146
299.476
299.925
311.908
311.427
299.754
300
300
308.785
300
300
300
300
300
300
299.998
300
311.812
307.704
299.647
300.425
300.134
299.929
299.918
300.002
300
300
299.98
300
300
302.206
304.921
300
300.016
300.01
306.602
300
299.593
299.389
300
306.387
312.493
299.999
300.051
299.666
299.999
299.977
300.001
300.001
300.002
300
300
321.209
319.051
300
300
300
299.999
300.014
299.556
300.42
300.489
299.94
300.013
311.72
300
299.695
300
322.348
314.309
299.999
304.073
299.997
299.905
300.002
304.703
303.954
303.575
300.396
300.001
299.983
299.999
300.01
299.998
300
299.983
300.01
299.828
300.034
301.109
300.048
300.015
300.141
300
300.007
300.001
300.164
300.001
299.877
300.418
300.001
302.866
300.185
301.038
300.002
299.998
300.033
300.203
299.998
300.001
300.015
300.004
300
300
300
300
300
300
300
300
300
300
300
300
300.012
303.588
305.235
195.593
370.067
346.448
362.917
362.069
367.321
335.769
275.346
214.247
199.686
205.947
169.817
114.553
105.987
113.026
159.997
128.796
185.564
178.516
156.924
171.729
229.034
275.649
298.345
308.727
300.732
310.921
306.636
307.102
317.188
332.068
314.929
310.886
312.776
313.037
308.483
307.493
304.629
312.368
300.006
300
300
300
300
300
300
300
300
300
300
300
300
300
300
300
300
300
300
300
300
300
300
300
300
300
300
300
300
300
300
300
390.921
300.002
300
300
300
300
300
300
300
300
300
300
300
597.487
300
300
300
300
300
300.001
300.212
385.884
300
376.705
385.557
396.315
357.745
307.558
280.499
240.425
199.584
184.753
191.291
125.023
95.4753
206.885
169.286
162.042
158.855
192.266
263.317
288.088
302.016
303.67
300.632
309.539
307.964
310.704
313.11
307.388
308.94
309.996
310.645
312.633
307.108
302.808
303.684
300
301.584
300
300
300
300
300
300
300
300
300
300
300
300
300
300
300
300
300
300
300
300
300
300
299.999
300
300
300
300
300
300
300
300
361.154
300
300
300
300
300
300
300
299.992
294.961
262.788
148.786
163.285
188.175
249.108
283.002
299.566
308.187
299.791
315.872
302.682
307.207
316.219
336.371
312.033
307.9
312.603
310.265
306.424
302.396
299.085
301.711
300
300
300
300
300
300
300
300
300
300
300
300
300
300
300
300
299.999
300
300
300
300
300
300
300
300
311.912
306.783
308.753
312.021
311.036
308.563
312.716
303.525
311.313
300
300
300
300
300
300
300
300
300
300
300
300
300
300
299.999
299.998
300
300
300
300
300
300
300
300
299.718
300
300
300
309.372
304.194
303.302
304.884
301.576
304.275
293.053
271.634
213.729
164.596
161.12
157.916
172.439
167.212
300
300
300
300
299.785
300
300
300
329.556
301.536
300
300
300
300
300
300
300
300
300
299.99
300.083
394.352
297.157
300
300
300
153.942
300
300
300
300.005
300
300
300
418.656
300
134.966
160.632
155.397
115.293
131.852
215.022
145.41
145.405
156.249
274.071
204.952
224.96
231.54
295.034
243.861
244.765
270.75
299.263
289.828
294.793
298.985
300.079
298.32
299.706
305.516
299.23
298.472
300.318
302.455
302.715
298.728
299.43
300.3
298.778
297.955
307.813
299.489
302.955
305.22
300.195
298.998
300.135
300.806
301.211
305.847
301.431
300.582
300
300
300
300
300
300.064
300
300
300
300
300
300
300
300
300
300
300
300
300
300
300
300
300
300
300
300
300
299.998
299.999
299.998
299.997
299.995
299.998
300
300
300
300
300
300
300
299.97
298.094
300
350.079
300
438.122
468.041
306.031
249.799
226.66
213.512
182.113
113.509
89.6911
94.84
108.502
116.262
113.737
300
300
300
300.002
300
300
300
307.864
303.615
317.724
305.288
300
300
300
151.376
300.025
300.814
301.355
301.537
300
300
318.826
303.575
288.684
300
300.022
300
300
301.169
344.426
300
301.18
295.872
132.878
299.664
300
300.059
298.3
304.683
302.069
306.093
301.108
301.292
301.829
300.218
300
300
300
300
300
300
300
300
300
300
300
300
300
300
299.999
299.998
299.997
299.998
299.994
299.996
300
300
300
300
300
300
300
300.11
255.045
304.41
638.204
368.174
379.696
300
300
418.859
231.654
185.664
145.071
300
300
300
300
300
300
299.997
299.998
299.992
299.997
299.997
299.997
299.999
300
300
300
300
300
300.166
301.154
300
300
300.923
300
299.999
300
299.998
299.996
299.995
299.997
299.999
299.998
300
300
300
301.297
305.049
299.367
297.537
299.622
300.617
299.851
301.554
303.22
300
300
300
300
300
300
300
300.445
300
301.089
300.383
308.813
300
151.908
300
306.049
299.184
300
300
300
145.21
300
300.065
304.722
300
300
296.97
358.597
300.9
300
300
110.731
103.89
139.382
294.765
308.442
300.76
306.706
307.348
309.974
307.491
307.697
316.373
325.636
310.536
301.589
302.088
300
300
312.211
305.243
300.176
308.59
306.868
300
300
300
300.4
300.129
305.601
400.895
300.591
300.004
300.741
300
300
317.445
306.026
300
300
300
300
300
300
300
300
300.009
300.001
300
300
300
300.036
300.037
300.005
300
300
299.997
299.99
299.969
300.006
299.97
300.006
300
300
299.994
299.999
300
305.105
302.302
300
300
300
300
300
300
300
300
299.991
299.992
300
300
300
300
327.212
293.831
296.492
414.385
300
300
300
300
299.54
302.089
131.628
138.597
300
300
146.008
200.762
307.914
302.029
301.389
302.894
300.407
302.12
309.242
301.518
301.668
304.543
300
300
300
300
300
124.529
311.944
300
300
300
300
300
298.977
300
300
300
300
300
300.226
299.116
300
181.927
166.775
299.485
298.874
300
300
300
300.005
300
311.73
353.51
288.753
297.121
312.964
266.559
311.893
294.242
296.683
294.964
311.633
303.981
421.35
303.622
157.899
299.271
299.034
309.679
300
300
300
300
309.908
300
300
301.553
300
300
300
393.602
299.039
304.246
322.344
302.914
300
300
300
300
305.391
309.307
299.031
300
300
300
300
300
299.999
299.999
299.985
300.015
300.001
299.985
299.977
171.26
299.999
299.994
299.998
299.997
300
300
319.864
245.219
299.99
299.98
300
300
300
299.994
299.983
299.99
299.998
300.001
299.951
300.011
300.001
300
300
300
300
300
299.997
299.987
300.016
299.992
299.994
299.911
300
300.618
299.159
299.935
300.016
297.65
302.66
300.905
299.729
300
163.837
299.908
300.021
299.114
299.972
299.986
300
338.941
300.001
299.969
237.707
298.976
300
299.459
299.179
300.366
172.659
302.038
300
360.548
300
299.36
302.148
300.409
299.824
300
300
300
300
300
310.285
300
300.578
299.729
300
300
300
300.03
300.006
158.139
158.937
299.851
300
300
300
300
300.008
299.937
299.993
328.334
299.952
299.96
299.999
300.052
300.009
300.054
299.839
299.915
195.111
300.012
300.065
300.012
300
300
300
299.994
300.008
300
300
300
300
300
300.349
276.625
303.902
300.131
299.996
299.991
368.026
299.347
299.64
299.611
201.066
300
300
300.289
302.722
303.799
299.265
299.161
299.34
298.626
304.369
304.869
300
300
332.834
333.288
322.951
300.001
300.001
300.042
300.002
184.58
321.717
300.732
300.876
300
300
300
300
185.121
300
300.004
333.129
300
300
300
299.732
196.988
299.994
257.513
299.488
300.185
332.28
300.007
299.994
298.473
300
300
299.636
300.002
300
300
300
300
300
307.734
305.278
301.736
300.001
300
300.001
300.008
300.163
299.537
300.61
300.003
300
197.612
306.199
300
375.201
333.39
332.491
299.741
300
300
299.225
300
300.279
300.037
300.04
300.158
300
300
300
305.314
302.395
300
300
300
299.999
300
300
300
299.973
300.002
300.143
300.009
299.917
299.972
300.074
299.982
300
300.019
299.987
300.04
300
299.973
300
300
299.942
366.365
300
300
302.175
300
300
300
300
300
300
299.999
300.001
300
299.997
300.067
300.09
300
301.886
300.099
299.877
299.992
300.068
299.985
341.488
300.653
301.487
300.934
232.538
246.45
306.183
300
300
300
301.17
300
300.018
337.627
300
300.007
300.175
300.044
299.504
299.927
299.853
300.12
300
299.729
300
234.423
313.785
308.433
253.203
350.776
253.095
343.408
300
300.25
300.081
300
299.215
299.998
300.01
300
300
299.67
300.161
300.03
300
299.271
300.303
300
367.318
265.679
268.933
325.798
299.644
300
300
300
300
300
300
300.238
300.089
299.892
299.98
300.116
300
299.935
299.95
299.898
300.107
299.999
300.001
300.165
299.911
307.99
367.196
303.182
299.72
299.803
300
300
299.952
299.974
299.889
299.986
365.764
368.716
300.031
300.003
300.876
300.057
300
300
300
300.001
300
300
300
300
300
300.687
300.088
300.063
300.007
299.961
299.977
300.002
300.001
300
299.804
298.581
299.195
298.681
299.938
300.534
300
300
299.9
299.895
299.896
300.004
299.999
299.992
300
300.452
324.807
300
341.294
347.902
298.379
298.629
299.916
299.795
300
300.002
300
299.962
299.99
299.982
300
340.147
300
300.314
300
299.975
300.844
299.808
299.894
300
300
300
300.037
300
300
300
300
325.907
300.456
300
300.079
299.949
300.174
318.325
300.001
299.751
300
300
300.001
299.966
300.013
300.776
300.369
301.883
300
300
300
300
300
300
300
300
300
299.983
300
300
300
301.222
300.001
300
300
299.868
300
300.844
301.788
300
300.001
300.002
324.406
301.14
314.333
300
300.121
300.149
299.999
300
300
300
300
300
299.943
300
300
300
308.419
322.173
299.254
300.226
300
300
300
299.933
299.949
299.176
299.841
300.019
300.317
305.352
300.002
300
300
300
300.215
300
300.481
300.103
314.102
310.831
303.838
306.151
301.001
300
300.001
300.009
300
300
300
300
340.07
300.003
300.003
300.002
300
299.586
299.816
299.487
300.002
299.902
301.061
300
300
301.61
300.003
301.236
300
300
300
300.008
300.182
299.924
300.176
300
299.998
299.99
300.004
299.771
298.619
300
299.384
300.004
299.882
299.926
300
299.921
299.719
300.024
300.696
300
300
299.64
300
299.789
354.894
300
300
300.109
299.829
299.89
300.109
299.851
298.499
300.326
299.973
300
300.02
299.693
301.03
299.499
300.394
300
300
330.769
299.665
335.475
343.995
300.155
300
299.904
299.942
300
300
300
299.82
300
300.184
300
300.64
301.223
311.641
306.947
300
352.95
300.024
365.586
364.63
350.526
318.763
300
337.854
300.001
300.078
300.023
300.145
300
300
300
300
300
300
361.564
364.377
300.001
300.003
300
300.006
300
300
323.026
299.913
300
300
300
300
300
300
300.074
356.571
300
308.638
353.578
300
343.997
300
336.5
337.558
300
299.812
300.002
300
300
361.304
321.944
300.003
299.937
300
300.79
300.914
300.005
300.057
300.099
302.787
300
300.004
305.627
300
300.008
299.854
300.019
300.012
300.019
301.805
299.968
300
300
300
305.245
301.487
300.039
300
300.001
339.623
344.383
300.812
324.405
300.043
325.383
300
300
300
300.069
300.737
300.604
300.005
300
311.382
314.756
318.644
302.346
300.221
300
300.006
300.009
300
300
300.002
300
300.006
300
300.03
300.079
300.02
300
300.016
300.001
300.508
300.999
323.475
300.444
300.011
300.011
300.007
300.065
300
300.011
300
300
300
300.008
300.005
300.001
300
300.001
300.218
300
300
300.103
300.001
300
300.002
300.01
300.003
301.288
300.801
300.021
300.017
300.099
314.181
300.006
300.11
300.031
300.059
300.001
300.003
300
300.002
300.025
300.004
300.171
300.009
300.104
300.324
301.15
300.036
300.222
300.794
300.512
301.361
300.059
308.177
300.014
300
300.016
300
300.062
300.021
300.038
300.516
)
;

boundaryField
{
    bullet
    {
        type            zeroGradient;
    }
    topWall
    {
        type            inletOutlet;
        inletValue      uniform 300;
        value           nonuniform List<scalar> 
50
(
300
300
300
300
300
300
300
300
300
300
300
300
300
300
300
300
300
300
300
300
300
300
300
300
300
300
300
300
300
300
300
300
300
300
300
300
300
300
300
300
300
300
300
300
300
300
300
300
300
300
)
;
    }
    bottomWall
    {
        type            inletOutlet;
        inletValue      uniform 300;
        value           nonuniform List<scalar> 
50
(
300
300
300
300
300
300
300
300
300
300
300
300
300
300
300
300
300
300
300
300
300
300
300
300
300
300
300
300
300
300
300
300
300
300
300
300
300
300
300
300
300
300
300
300
300
300
300
300
300
300
)
;
    }
    inlet
    {
        type            fixedValue;
        value           uniform 300;
    }
    outlet
    {
        type            inletOutlet;
        inletValue      uniform 300;
        value           nonuniform List<scalar> 
30
(
300.006
300
300
300
300
300
300
300
300
300
300
300
300
300
300
300
300
300
300
300
300
300
300
300
300
300
300
300
300.009
307.291
)
;
    }
    defaultFaces
    {
        type            empty;
    }
}


// ************************************************************************* //
